Amplitude,Frequency
0.036997555555555554,0.0
6.842042585428314e-06,0.1111111111111111
9.873437370832428e-06,0.2222222222222222
8.250743953166694e-06,0.3333333333333333
2.3817160963290554e-05,0.4444444444444444
1.3202470668637242e-05,0.5555555555555556
8.998006914840639e-06,0.6666666666666666
8.103606690169277e-06,0.7777777777777777
8.871587072826017e-06,0.8888888888888888
3.947903685574376e-06,1.0
1.4415365163982302e-05,1.1111111111111112
2.7296346722113996e-06,1.222222222222222
4.2613309608209865e-06,1.3333333333333333
2.958612988540674e-06,1.4444444444444444
1.636477061141927e-05,1.5555555555555554
8.662927860663864e-06,1.6666666666666665
7.57510700918314e-06,1.7777777777777777
1.904231808903459e-05,1.8888888888888888
3.6417735996435045e-06,2.0
1.5253330140379062e-05,2.111111111111111
5.609169626175662e-06,2.2222222222222223
6.765571407133017e-06,2.333333333333333
9.966076080906573e-06,2.444444444444444
5.379779978838086e-06,2.5555555555555554
6.0957379319469096e-06,2.6666666666666665
4.654689357595329e-06,2.7777777777777777
1.2419718065563415e-05,2.888888888888889
6.589567782566591e-06,3.0
4.987949131069703e-06,3.1111111111111107
1.197725051091603e-05,3.222222222222222
1.3959011977443283e-05,3.333333333333333
4.422744101442494e-06,3.444444444444444
8.900332768969006e-06,3.5555555555555554
1.3304761764751752e-05,3.6666666666666665
6.330129365653716e-06,3.7777777777777777
1.764897552568542e-05,3.888888888888889
7.652724288491825e-06,4.0
5.861420360925576e-06,4.111111111111111
8.160379685432334e-06,4.222222222222222
8.918349837743865e-06,4.333333333333333
7.52303413512247e-06,4.444444444444445
9.463882522452451e-06,4.555555555555555
1.396010065527676e-05,4.666666666666666
2.0008996243786026e-06,4.777777777777778
8.932346443923488e-06,4.888888888888888
1.2458967789190922e-05,5.0
8.401745399580188e-06,5.111111111111111
9.369226436261971e-06,5.222222222222222
4.7669288480186005e-06,5.333333333333333
1.0709010743539666e-05,5.444444444444444
8.124846454416311e-06,5.555555555555555
2.763457903361239e-06,5.666666666666666
1.818366393264975e-06,5.777777777777778
1.727696028125093e-06,5.888888888888888
9.986405126418497e-06,6.0
5.4074217073670195e-06,6.111111111111111
8.982422933272828e-06,6.222222222222221
9.262942504414904e-06,6.333333333333333
2.113477017867266e-06,6.444444444444444
7.1169990520163725e-06,6.555555555555555
9.214449419319068e-06,6.666666666666666
3.013077627350592e-06,6.777777777777778
1.045409331980377e-05,6.888888888888888
6.82239323667489e-06,7.0
5.66691416449454e-06,7.111111111111111
6.044920709681981e-06,7.222222222222221
1.3527574074829199e-05,7.333333333333333
9.511847821917553e-06,7.444444444444444
1.1139992730273887e-05,7.555555555555555
3.657206362619086e-06,7.666666666666666
7.240613968073256e-06,7.777777777777778
1.0485986843001017e-05,7.888888888888888
1.391743012290081e-05,8.0
8.942925229299292e-06,8.11111111111111
1.0624558900930104e-05,8.222222222222221
1.3907996989106104e-05,8.333333333333332
5.948934068087845e-06,8.444444444444445
4.899638276505361e-06,8.555555555555555
1.8792061324066138e-05,8.666666666666666
1.5462979585859432e-05,8.777777777777777
1.3668852206557774e-05,8.88888888888889
6.299047185921636e-06,9.0
6.023914418217383e-06,9.11111111111111
5.826131787930373e-06,9.222222222222221
1.5017942041800805e-05,9.333333333333332
3.5697752552579773e-06,9.444444444444445
1.3067501940186137e-05,9.555555555555555
8.389776530908901e-06,9.666666666666666
1.3590802907819163e-05,9.777777777777777
9.285192959384135e-06,9.888888888888888
2.2315604537596407e-05,10.0
4.737632453363005e-06,10.11111111111111
5.927088529307635e-06,10.222222222222221
1.215750238863839e-05,10.333333333333332
1.4852250891515262e-05,10.444444444444445
4.977153070193628e-06,10.555555555555555
4.110229260430112e-06,10.666666666666666
1.1785350289027993e-05,10.777777777777777
7.685888209748273e-06,10.888888888888888
2.498016900784132e-06,11.0
6.72377584695811e-06,11.11111111111111
1.1278799948963979e-05,11.222222222222221
5.99888837642334e-06,11.333333333333332
7.49792360868098e-06,11.444444444444445
1.601157378385164e-05,11.555555555555555
9.029069031785724e-06,11.666666666666666
1.355815510490982e-05,11.777777777777777
7.597626289327788e-06,11.888888888888888
7.575354677855796e-06,12.0
4.4816655956703025e-06,12.11111111111111
2.719550760453192e-06,12.222222222222221
3.854443141387153e-06,12.333333333333332
1.0560676031915937e-05,12.444444444444443
1.940092031270868e-05,12.555555555555555
3.874186316864943e-06,12.666666666666666
8.896734515401876e-06,12.777777777777777
7.368195453807179e-06,12.888888888888888
1.080866713693383e-05,13.0
6.3352262789348e-06,13.11111111111111
1.0736529230690843e-05,13.222222222222221
1.4368776666727586e-05,13.333333333333332
7.710577000443605e-06,13.444444444444443
1.0668288392629632e-05,13.555555555555555
1.0866585254139665e-05,13.666666666666666
1.951208645870541e-06,13.777777777777777
2.2310947028726533e-06,13.888888888888888
5.9981610429477455e-06,14.0
5.108120401013364e-06,14.11111111111111
3.145823302956284e-06,14.222222222222221
1.1139296118865857e-05,14.333333333333332
4.5345331661440614e-06,14.444444444444443
1.4137564478905514e-06,14.555555555555555
5.117022371930761e-06,14.666666666666666
1.1436722949503177e-05,14.777777777777777
3.035947656392907e-06,14.888888888888888
1.4293266083452037e-05,15.0
9.517503558378772e-06,15.11111111111111
6.897737212260827e-06,15.222222222222221
1.2648603497497669e-05,15.333333333333332
2.1973742844939987e-06,15.444444444444443
4.162650899985736e-06,15.555555555555555
1.1882280519087706e-05,15.666666666666666
1.2815362151850954e-05,15.777777777777777
1.7593029106787383e-05,15.888888888888888
1.0561270634172351e-05,16.0
2.7898643976284634e-06,16.11111111111111
7.478407491889884e-06,16.22222222222222
3.402665808295011e-06,16.333333333333332
2.0096734602338844e-05,16.444444444444443
7.005638256300238e-06,16.555555555555554
1.290064723188603e-05,16.666666666666664
1.141886001327294e-05,16.77777777777778
5.938523459618759e-06,16.88888888888889
1.3573624586680344e-06,17.0
9.417395553125234e-06,17.11111111111111
9.98613402827446e-06,17.22222222222222
1.3263022457377744e-05,17.333333333333332
6.657113091008063e-06,17.444444444444443
1.875819715800115e-06,17.555555555555554
1.6861134090877345e-05,17.666666666666664
3.757814711475434e-06,17.77777777777778
1.4762642864816261e-05,17.88888888888889
4.503264442212851e-06,18.0
2.834712312290892e-06,18.11111111111111
2.7427884974736218e-06,18.22222222222222
8.543367582571768e-06,18.333333333333332
1.1833308783343795e-05,18.444444444444443
4.91651930014985e-06,18.555555555555554
1.488777481816479e-05,18.666666666666664
1.1467237276205522e-05,18.777777777777775
1.256910399393036e-05,18.88888888888889
6.937418296015603e-06,19.0
1.0305531126988194e-05,19.11111111111111
1.3623321568526064e-05,19.22222222222222
5.284525750240073e-06,19.333333333333332
6.845081024040706e-06,19.444444444444443
2.0784259215223995e-05,19.555555555555554
1.366675050282225e-05,19.666666666666664
1.753910681645524e-05,19.777777777777775
1.0220654460765414e-05,19.88888888888889
4.420338003004643e-06,20.0
1.0961002695544535e-05,20.11111111111111
1.0310017766716017e-05,20.22222222222222
6.823556662978089e-06,20.333333333333332
2.552228257472728e-06,20.444444444444443
2.2718822727315615e-05,20.555555555555554
8.077681481210083e-06,20.666666666666664
1.730736627397195e-05,20.777777777777775
6.6796223732027044e-06,20.88888888888889
9.910200734692086e-06,21.0
1.1168328935009643e-05,21.11111111111111
7.044856168265334e-06,21.22222222222222
2.450865421302848e-06,21.333333333333332
3.855375671097421e-06,21.444444444444443
1.2001167380346746e-05,21.555555555555554
8.733831669733817e-06,21.666666666666664
7.005575260232678e-06,21.777777777777775
8.678789924656836e-06,21.88888888888889
2.9293749759636366e-06,22.0
3.1131128381420378e-06,22.11111111111111
2.7319569397869203e-06,22.22222222222222
7.72169800283253e-06,22.333333333333332
5.0134053367785495e-06,22.444444444444443
4.651720569692087e-06,22.555555555555554
1.4471086159703772e-05,22.666666666666664
7.227010603222321e-06,22.777777777777775
1.197281191137984e-05,22.88888888888889
1.6771856177904194e-05,23.0
1.0388459281520457e-05,23.11111111111111
1.0509583527696004e-05,23.22222222222222
8.6682207369534e-06,23.333333333333332
6.9276022979574265e-06,23.444444444444443
2.632836372058969e-05,23.555555555555554
8.408380375189731e-06,23.666666666666664
7.919940968519757e-06,23.777777777777775
1.1951865345447752e-05,23.88888888888889
1.1757427858957061e-05,24.0
6.075341556382483e-06,24.11111111111111
3.6810872052902408e-06,24.22222222222222
5.8936881420619515e-06,24.333333333333332
1.8427432566242592e-05,24.444444444444443
1.3982601700244923e-06,24.555555555555554
4.295245532447832e-06,24.666666666666664
1.542819726026906e-05,24.777777777777775
5.488177267500822e-06,24.888888888888886
1.4019073138572763e-05,25.0
7.357621620935045e-06,25.11111111111111
9.669473662845727e-06,25.22222222222222
1.3905999124168202e-05,25.333333333333332
8.697606737139182e-06,25.444444444444443
1.2812816331356205e-05,25.555555555555554
6.525896361486435e-06,25.666666666666664
7.211770934958131e-06,25.777777777777775
1.7302678279781938e-05,25.888888888888886
1.065585555978947e-05,26.0
1.3823297800704372e-05,26.11111111111111
1.264141508259807e-05,26.22222222222222
7.3304087290097095e-06,26.333333333333332
1.0362814730853963e-05,26.444444444444443
8.586036677264132e-06,26.555555555555554
6.078387405825081e-06,26.666666666666664
1.1903612210538508e-05,26.777777777777775
7.4616248998224915e-06,26.888888888888886
1.3463896999140421e-05,27.0
6.9090157216869285e-06,27.11111111111111
3.1600037802773135e-06,27.22222222222222
5.602793156071845e-06,27.333333333333332
9.616064024295294e-06,27.444444444444443
1.4745474690171985e-05,27.555555555555554
1.0999839834688393e-05,27.666666666666664
9.419664166173967e-06,27.777777777777775
1.4490394720306874e-05,27.888888888888886
5.514046016262373e-06,28.0
2.245975721398293e-06,28.11111111111111
4.878158356943358e-06,28.22222222222222
8.610601900834374e-06,28.333333333333332
1.0965959439723784e-05,28.444444444444443
3.6326653128275198e-06,28.555555555555554
1.4204788196602168e-05,28.666666666666664
1.3479541768673886e-05,28.777777777777775
4.421324146217573e-06,28.888888888888886
1.0560399287091111e-05,29.0
5.628158740724912e-06,29.11111111111111
1.2801825804677466e-05,29.22222222222222
1.0206976620939721e-05,29.333333333333332
4.112603729524325e-06,29.444444444444443
6.626257619265288e-07,29.555555555555554
1.3673651894071221e-05,29.666666666666664
8.518058038819202e-06,29.777777777777775
3.013199906503909e-06,29.888888888888886
3.6693560256236814e-06,30.0
1.7213420114918374e-05,30.11111111111111
1.000937202284121e-05,30.22222222222222
5.247737293215234e-06,30.333333333333332
5.58367838867533e-06,30.444444444444443
8.130401180060328e-06,30.555555555555554
1.291125012765488e-05,30.666666666666664
3.5987261974694087e-06,30.777777777777775
1.2611248791692993e-05,30.888888888888886
3.204584529361202e-06,31.0
7.247396898513901e-06,31.11111111111111
7.872743244041094e-06,31.22222222222222
8.751032495086359e-06,31.333333333333332
1.1981636823669403e-05,31.444444444444443
1.0546671657015301e-05,31.555555555555554
1.861168313050052e-05,31.666666666666664
1.3794633270783894e-06,31.777777777777775
7.477317765499778e-06,31.888888888888886
4.826908099112272e-06,32.0
2.1356965504964444e-06,32.11111111111111
7.206876589127481e-06,32.22222222222222
5.117475786686989e-06,32.33333333333333
3.4008815364722063e-06,32.44444444444444
1.2445627509541618e-05,32.55555555555556
1.3585704046896718e-05,32.666666666666664
8.35488594135793e-06,32.77777777777778
1.4267823524863184e-06,32.888888888888886
6.775167381191693e-06,33.0
7.4550367848855766e-06,33.11111111111111
9.349257127460711e-06,33.22222222222222
1.3121425945628403e-05,33.33333333333333
2.525404985078823e-06,33.44444444444444
1.2329745729708238e-05,33.55555555555556
9.665758830476614e-06,33.666666666666664
2.214368882772103e-06,33.77777777777778
5.9079188149153754e-06,33.888888888888886
1.0983240110490343e-05,34.0
1.7466852612341425e-05,34.11111111111111
1.193806671890219e-06,34.22222222222222
6.718124478845004e-06,34.33333333333333
1.2827350389506959e-05,34.44444444444444
5.251663088224995e-06,34.55555555555556
4.3915632733720445e-06,34.666666666666664
1.083333819115163e-05,34.77777777777778
1.9875981250713178e-06,34.888888888888886
9.589709782440573e-06,35.0
1.7861113333848342e-05,35.11111111111111
8.830480144329562e-06,35.22222222222222
1.0975112320405593e-05,35.33333333333333
8.073718701915149e-06,35.44444444444444
6.153710342901476e-06,35.55555555555556
1.628380956827519e-05,35.666666666666664
1.8415010637248737e-06,35.77777777777778
1.4255844801574094e-05,35.888888888888886
1.2943553954215367e-05,36.0
1.6349124792644302e-05,36.11111111111111
1.2490177390494067e-05,36.22222222222222
1.4430613941997137e-05,36.33333333333333
6.023660775714347e-06,36.44444444444444
5.1304250454078965e-06,36.55555555555555
1.2726197610716478e-05,36.666666666666664
1.3844656517244643e-05,36.77777777777778
9.021771128401582e-06,36.888888888888886
9.880253592330205e-06,37.0
9.314887903509403e-06,37.11111111111111
1.0819591934203628e-05,37.22222222222222
4.701818190139921e-06,37.33333333333333
5.83963740474657e-06,37.44444444444444
1.1350144789420472e-05,37.55555555555555
6.068389114187354e-06,37.666666666666664
9.313365537798224e-06,37.77777777777778
9.78738661550996e-06,37.888888888888886
6.000415260644726e-06,38.0
4.344406917887698e-06,38.11111111111111
1.2166782173412102e-05,38.22222222222222
4.1404916300446055e-06,38.33333333333333
1.2155305604594209e-05,38.44444444444444
5.465771975816641e-06,38.55555555555555
5.146045072755565e-06,38.666666666666664
5.200495042396555e-06,38.77777777777778
1.76587088529426e-05,38.888888888888886
8.460312400112383e-06,39.0
1.4658971256835701e-05,39.11111111111111
3.689604199331727e-06,39.22222222222222
8.921900135159369e-06,39.33333333333333
8.918497663758973e-06,39.44444444444444
9.446639984589111e-06,39.55555555555555
1.2888082096076296e-05,39.666666666666664
9.562953281663679e-06,39.77777777777778
1.5250222328821727e-06,39.888888888888886
1.3275909581356825e-05,40.0
1.0629701459408616e-05,40.11111111111111
6.3515407453464085e-06,40.22222222222222
1.1984703880331619e-05,40.33333333333333
8.59471925586401e-06,40.44444444444444
1.689368133258087e-05,40.55555555555555
1.4676402955081743e-06,40.666666666666664
4.747565684664915e-06,40.77777777777778
5.095168689605534e-06,40.888888888888886
1.4592551267223254e-05,41.0
1.7726334537664134e-05,41.11111111111111
9.973970459458058e-06,41.22222222222222
9.870573270438041e-06,41.33333333333333
1.888729684191452e-06,41.44444444444444
3.5893999520452533e-06,41.55555555555555
1.5453564986188987e-05,41.666666666666664
7.16515952051496e-06,41.77777777777778
3.6204012169324675e-06,41.888888888888886
9.840361752098216e-06,42.0
1.3865894767145112e-05,42.11111111111111
9.363153285785672e-06,42.22222222222222
1.1282276044977795e-05,42.33333333333333
3.296591092888653e-06,42.44444444444444
3.6251538199689196e-06,42.55555555555555
6.007948725392763e-06,42.666666666666664
6.502798267902446e-06,42.77777777777778
7.176155115303287e-06,42.888888888888886
9.428405368990731e-06,43.0
1.437028545756407e-05,43.11111111111111
9.203917446133104e-06,43.22222222222222
1.4286940429870654e-05,43.33333333333333
8.335043353294235e-06,43.44444444444444
5.465601548072405e-06,43.55555555555555
5.5005112652275205e-06,43.666666666666664
4.937509220427091e-06,43.77777777777778
3.971566303090762e-06,43.888888888888886
7.5999216835730956e-06,44.0
2.109351716766139e-05,44.11111111111111
1.0897189432564506e-06,44.22222222222222
1.6833458594001623e-05,44.33333333333333
1.2029473945978264e-05,44.44444444444444
1.2662356191661136e-05,44.55555555555555
9.155086038484403e-06,44.666666666666664
5.138867582118746e-06,44.77777777777778
4.166165020745654e-06,44.888888888888886
8.523853190357315e-06,45.0
3.6438373914165877e-06,45.11111111111111
7.069697194382966e-06,45.22222222222222
6.479579502961309e-06,45.33333333333333
8.758286263668531e-06,45.44444444444444
9.063639319462593e-06,45.55555555555555
9.766406485632784e-06,45.666666666666664
6.805658091290022e-06,45.77777777777778
1.361176796407441e-05,45.888888888888886
5.567215374489771e-06,46.0
4.918624197730331e-06,46.11111111111111
1.6599339994999377e-05,46.22222222222222
1.8181015631480052e-05,46.33333333333333
5.587187786064436e-06,46.44444444444444
9.455242972217792e-06,46.55555555555555
1.3458383129934512e-05,46.666666666666664
9.391973975690213e-06,46.77777777777778
3.4544829164422325e-06,46.888888888888886
1.0400929118610281e-05,47.0
3.6874257300235268e-06,47.11111111111111
9.498768307069834e-06,47.22222222222222
5.931374860767989e-06,47.33333333333333
4.388714086116656e-06,47.44444444444444
1.072968649110015e-05,47.55555555555555
6.311036729991162e-06,47.666666666666664
7.284303023843721e-06,47.77777777777778
6.541781910681165e-06,47.888888888888886
5.659331380703975e-06,48.0
1.3911853035987123e-05,48.11111111111111
2.9243445646712228e-06,48.22222222222222
1.151912685256539e-05,48.33333333333333
1.3417085042882742e-05,48.44444444444444
1.1899553616609042e-05,48.55555555555555
7.502953694805538e-06,48.666666666666664
4.370934264281603e-06,48.77777777777778
9.689268126694817e-06,48.888888888888886
3.0575992155203776e-06,49.0
2.0307805641953426e-06,49.11111111111111
6.709092606510463e-06,49.22222222222222
3.0561453997732436e-06,49.33333333333333
8.406047848899527e-06,49.44444444444444
9.373641326654634e-07,49.55555555555555
7.489959041008905e-06,49.666666666666664
7.903220882732744e-06,49.77777777777777
9.379243539995875e-06,49.888888888888886
4.2071073035629735e-06,50.0
2.9647435891755364e-06,50.11111111111111
1.0384557390281797e-05,50.22222222222222
8.336193930400787e-06,50.33333333333333
1.3527314948534605e-06,50.44444444444444
7.982662445559923e-06,50.55555555555555
5.360324291059264e-06,50.666666666666664
5.897805670721938e-06,50.77777777777777
1.5162550957725882e-05,50.888888888888886
6.973884706471059e-06,51.0
2.4395306732910684e-05,51.11111111111111
1.0150407101247027e-05,51.22222222222222
4.011904192544562e-06,51.33333333333333
4.419024567335889e-07,51.44444444444444
3.7422370802849874e-06,51.55555555555555
1.0904074212205165e-05,51.666666666666664
2.174863265772243e-05,51.77777777777777
3.5908745696707702e-06,51.888888888888886
4.785164166490479e-06,52.0
9.67360231333709e-06,52.11111111111111
1.5105712615766421e-05,52.22222222222222
1.2222028545503086e-05,52.33333333333333
9.877773293978478e-06,52.44444444444444
6.594124910818069e-06,52.55555555555555
1.4258557454264527e-05,52.666666666666664
1.1166848991576573e-05,52.77777777777777
6.357934634915979e-06,52.888888888888886
2.4962215067729927e-06,53.0
1.372085461224109e-05,53.11111111111111
9.096024995306459e-06,53.22222222222222
1.415660175101037e-05,53.33333333333333
8.1782147003914e-06,53.44444444444444
8.334029558863675e-06,53.55555555555555
2.1751090583259137e-05,53.666666666666664
4.171376154399166e-06,53.77777777777777
1.5913859354354378e-05,53.888888888888886
7.944001274788604e-06,54.0
1.0797272294228017e-05,54.11111111111111
1.0063966052239689e-05,54.22222222222222
1.742191904625613e-05,54.33333333333333
4.249193193752423e-06,54.44444444444444
1.9643900523406202e-05,54.55555555555555
4.505695190766885e-06,54.666666666666664
1.3262064767769936e-06,54.77777777777777
2.510537489449962e-06,54.888888888888886
7.86993571437871e-06,55.0
1.3878460153501201e-05,55.11111111111111
1.0434016634357454e-05,55.22222222222222
1.9302312641944965e-05,55.33333333333333
8.42154316148881e-06,55.44444444444444
1.8784510212640977e-05,55.55555555555555
1.8291860402546656e-05,55.666666666666664
1.5209537359283927e-05,55.77777777777777
4.174726686408099e-06,55.888888888888886
6.972688331488652e-06,56.0
1.3552120431293727e-05,56.11111111111111
1.3842756296672267e-07,56.22222222222222
1.612021760229571e-05,56.33333333333333
5.157171264607481e-06,56.44444444444444
1.1476144538858416e-05,56.55555555555555
1.1740213079767205e-06,56.666666666666664
5.385385790983397e-06,56.77777777777777
1.135981924769741e-05,56.888888888888886
8.985875611746874e-06,57.0
3.363168832884215e-06,57.11111111111111
4.505940987495064e-06,57.22222222222222
5.366193604082856e-06,57.33333333333333
8.05177476656807e-06,57.44444444444444
1.0499695792871318e-05,57.55555555555555
1.1192684783656273e-05,57.666666666666664
7.112996238132529e-06,57.77777777777777
4.654387183886706e-06,57.888888888888886
7.202350299641516e-06,58.0
8.314414781623489e-06,58.11111111111111
1.4237634433273164e-05,58.22222222222222
2.6651710861708002e-06,58.33333333333333
1.624366171039077e-05,58.44444444444444
6.8220460549360295e-06,58.55555555555555
9.990516864589374e-06,58.666666666666664
1.3886094653488397e-05,58.77777777777777
2.7048123101801037e-06,58.888888888888886
1.1149658969413004e-05,59.0
1.0555924476355287e-05,59.11111111111111
2.163157579412388e-06,59.22222222222222
6.605264022384092e-06,59.33333333333333
7.252745428478928e-06,59.44444444444444
1.2205038522356526e-05,59.55555555555555
7.327048425206043e-06,59.666666666666664
1.395442718009858e-05,59.77777777777777
1.2365722616159004e-05,59.888888888888886
1.5600407802364495e-05,60.0
1.2905445703355693e-05,60.11111111111111
4.956500875537558e-06,60.22222222222222
9.24002949926069e-06,60.33333333333333
8.080506582571732e-06,60.44444444444444
2.486833604685741e-06,60.55555555555555
7.856451211175376e-06,60.666666666666664
3.3072934432269385e-06,60.77777777777777
4.174102513402825e-06,60.888888888888886
1.206936367797582e-05,61.0
2.0817312757652507e-05,61.11111111111111
9.626898282663133e-06,61.22222222222222
4.02537347907152e-06,61.33333333333333
2.4132480871606645e-06,61.44444444444444
7.657356254421965e-06,61.55555555555555
1.8800291832409685e-05,61.666666666666664
7.968282916279893e-06,61.77777777777777
5.275727595180821e-06,61.888888888888886
7.578948792814118e-06,62.0
4.9601816741704634e-06,62.11111111111111
5.024136346960169e-06,62.22222222222222
1.2183314863435778e-05,62.33333333333333
1.3062425029461562e-05,62.44444444444444
8.892214997341682e-06,62.55555555555555
1.396781192730649e-05,62.666666666666664
6.060415102511664e-06,62.77777777777777
5.753809207022113e-06,62.888888888888886
1.0473689537760194e-05,63.0
1.1372754318750224e-05,63.11111111111111
4.738830567613832e-06,63.22222222222222
1.3917472332606884e-05,63.33333333333333
3.2393234813504828e-06,63.44444444444444
1.0665081094073333e-05,63.55555555555555
1.1006449443461658e-05,63.666666666666664
5.736524850376278e-06,63.77777777777777
8.546248000048324e-06,63.888888888888886
8.347740764235572e-06,64.0
5.02202299127378e-06,64.11111111111111
7.760969095591736e-06,64.22222222222221
1.54431422722781e-05,64.33333333333333
1.0279036421858825e-05,64.44444444444444
1.603778545168188e-05,64.55555555555556
5.664726225011986e-06,64.66666666666666
1.7353705800881956e-06,64.77777777777777
9.669204909972411e-06,64.88888888888889
5.7235388077713634e-06,65.0
6.698807661973144e-06,65.11111111111111
1.0865640906283157e-05,65.22222222222221
1.697301095179608e-05,65.33333333333333
4.472362525233865e-06,65.44444444444444
1.4307505980584957e-05,65.55555555555556
8.574246231331638e-06,65.66666666666666
9.767427485120739e-06,65.77777777777777
2.1986815536146928e-05,65.88888888888889
1.054473896994142e-05,66.0
1.7859407880979673e-05,66.11111111111111
1.4735211873209815e-05,66.22222222222221
3.700950962498295e-06,66.33333333333333
1.1686063657549546e-05,66.44444444444444
1.4525316351637112e-05,66.55555555555556
8.855420166738058e-06,66.66666666666666
1.1976927422514758e-05,66.77777777777777
8.696434388452308e-06,66.88888888888889
1.0403700588789871e-05,67.0
1.1582541077156316e-05,67.11111111111111
1.1734365943845349e-05,67.22222222222221
5.806722735873903e-06,67.33333333333333
1.7116243138561693e-05,67.44444444444444
8.179185674041604e-06,67.55555555555556
6.621844318319492e-06,67.66666666666666
2.0350886287682015e-05,67.77777777777777
8.632428567151417e-06,67.88888888888889
7.212948651888898e-06,68.0
3.6780702016441565e-06,68.11111111111111
9.92539436126486e-06,68.22222222222221
3.8821135379365854e-06,68.33333333333333
1.0633206334910158e-05,68.44444444444444
1.2605695798637904e-05,68.55555555555556
1.0344838988163283e-05,68.66666666666666
1.4170550543175847e-05,68.77777777777777
8.792054128405103e-06,68.88888888888889
8.588318320675875e-07,69.0
5.150798850600224e-06,69.11111111111111
4.72938962913828e-06,69.22222222222221
1.4115156019505054e-05,69.33333333333333
1.2421632976411415e-05,69.44444444444444
1.3587086440571522e-05,69.55555555555556
2.6987222834146e-06,69.66666666666666
6.412680619835157e-06,69.77777777777777
1.4768481164013052e-05,69.88888888888889
1.1953796447951246e-05,70.0
1.1609556625191206e-05,70.11111111111111
1.2328262979921557e-05,70.22222222222221
3.090313808899489e-06,70.33333333333333
2.541712513132437e-06,70.44444444444444
1.5097420110615586e-05,70.55555555555556
5.79782611848899e-06,70.66666666666666
1.0913112858670934e-05,70.77777777777777
9.580149338685947e-06,70.88888888888889
1.4038099809980624e-05,71.0
9.890816386142138e-06,71.11111111111111
1.353527992939219e-05,71.22222222222221
4.822606772780084e-06,71.33333333333333
5.028388588742696e-06,71.44444444444444
1.3868306368372529e-05,71.55555555555556
8.790432345195713e-06,71.66666666666666
1.7455023195958546e-05,71.77777777777777
6.705945141683007e-06,71.88888888888889
1.1226047626650234e-05,72.0
1.7101819554220364e-05,72.1111111111111
7.346773608610585e-06,72.22222222222221
2.1019938715988365e-06,72.33333333333333
5.8109202757346246e-06,72.44444444444444
1.7854074443523224e-05,72.55555555555556
1.6353917089539405e-05,72.66666666666666
7.935951948185558e-06,72.77777777777777
1.0010698343799594e-05,72.88888888888889
2.7042579255549953e-06,73.0
6.004536537110725e-06,73.1111111111111
4.438978721333502e-06,73.22222222222221
1.4626396567363609e-05,73.33333333333333
4.475859485956852e-06,73.44444444444444
1.0074787390593249e-06,73.55555555555556
1.282878069024338e-05,73.66666666666666
1.529221892661117e-05,73.77777777777777
7.747386723409852e-06,73.88888888888889
9.82957015797373e-06,74.0
4.48013806527329e-06,74.1111111111111
1.4032205659264596e-06,74.22222222222221
6.068301823657914e-06,74.33333333333333
5.7139670102961e-06,74.44444444444444
1.3159164262388976e-05,74.55555555555556
3.3703331494509625e-06,74.66666666666666
1.61206215318856e-05,74.77777777777777
1.7004516540778864e-05,74.88888888888889
5.444316576985292e-06,75.0
2.1511157254494024e-05,75.1111111111111
4.319059254037188e-06,75.22222222222221
1.6467927933421146e-05,75.33333333333333
1.087072691896421e-05,75.44444444444444
7.733825047643125e-06,75.55555555555556
1.1869688431899679e-05,75.66666666666666
1.4310457525753273e-05,75.77777777777777
4.046513420782174e-06,75.88888888888889
1.4090540239732926e-05,76.0
1.5270736683575197e-05,76.1111111111111
4.571049109536669e-06,76.22222222222221
1.5473967556081142e-05,76.33333333333333
6.873704418275751e-06,76.44444444444444
1.2211030501761976e-06,76.55555555555556
4.625685203947652e-06,76.66666666666666
1.8072123085872965e-05,76.77777777777777
1.5425529282645607e-05,76.88888888888889
7.344253744043698e-06,77.0
9.565875865972397e-06,77.1111111111111
3.114859595023561e-06,77.22222222222221
1.8181075891337876e-05,77.33333333333333
1.7876454000377653e-05,77.44444444444444
1.548039191099644e-05,77.55555555555556
1.2017647097425598e-05,77.66666666666666
6.214587372187071e-06,77.77777777777777
1.0952179411070555e-05,77.88888888888889
1.495048544396688e-05,78.0
1.539696269180511e-05,78.1111111111111
9.19401770482307e-06,78.22222222222221
4.102317582527672e-06,78.33333333333333
1.1845312049626645e-05,78.44444444444444
1.9334569536474912e-05,78.55555555555556
1.1977208567432026e-05,78.66666666666666
2.79668629824795e-06,78.77777777777777
3.2221545172823346e-06,78.88888888888889
1.0609638520206658e-05,79.0
6.37711994575932e-06,79.1111111111111
8.110082288595209e-06,79.22222222222221
5.398597928004621e-06,79.33333333333333
5.414652290891945e-06,79.44444444444444
2.1079254588567732e-05,79.55555555555556
4.972667753637775e-06,79.66666666666666
1.4944620397970738e-05,79.77777777777777
1.5365903203360244e-05,79.88888888888889
1.8343833798742e-05,80.0
1.7301099840083606e-06,80.1111111111111
1.5419312696782394e-05,80.22222222222221
7.071287823654902e-06,80.33333333333333
7.101257901114082e-06,80.44444444444444
5.936313630421707e-06,80.55555555555556
1.4669400790597403e-06,80.66666666666666
1.0960283070260027e-05,80.77777777777777
7.308009647786719e-06,80.88888888888889
5.705244758729352e-06,81.0
7.90902262045785e-06,81.1111111111111
1.3371823718761236e-06,81.22222222222221
5.003191258683805e-06,81.33333333333333
1.9259868540203883e-06,81.44444444444444
8.756917652985059e-06,81.55555555555556
8.051745231806139e-06,81.66666666666666
1.0224234544059005e-05,81.77777777777777
1.198364648468645e-05,81.88888888888889
2.1199475356595312e-05,82.0
1.1078282969248363e-05,82.1111111111111
4.770770894625447e-06,82.22222222222221
1.3009295227332204e-05,82.33333333333333
1.2343976706735135e-05,82.44444444444444
2.6299712827264112e-06,82.55555555555556
5.410735729245592e-06,82.66666666666666
8.109002570327645e-06,82.77777777777777
8.000710314627287e-06,82.88888888888889
1.0518793367916578e-05,83.0
1.024763962708326e-05,83.1111111111111
1.6334256215546707e-05,83.22222222222221
1.3718731187663242e-05,83.33333333333333
1.701500699526839e-05,83.44444444444444
7.173384646081953e-06,83.55555555555556
7.126460427224431e-06,83.66666666666666
1.1087378468003238e-05,83.77777777777777
1.0613296218954518e-05,83.88888888888889
8.489254095329656e-06,84.0
3.1983544163235547e-06,84.1111111111111
8.153663281407618e-06,84.22222222222221
6.405249584476044e-06,84.33333333333333
1.6809804473188905e-05,84.44444444444444
5.913415127457884e-06,84.55555555555556
1.138702156946888e-05,84.66666666666666
6.998431511876452e-06,84.77777777777777
1.1363962215443153e-05,84.88888888888889
6.941049829083199e-06,85.0
4.014173452693742e-06,85.1111111111111
6.528341411328499e-06,85.22222222222221
3.853384509561591e-06,85.33333333333333
1.9202334049189243e-06,85.44444444444444
1.1625806705564252e-05,85.55555555555556
1.4187051338926908e-05,85.66666666666666
6.124560227548544e-06,85.77777777777777
1.7743564277709624e-05,85.88888888888889
4.661633316589983e-06,86.0
4.7128058402556075e-06,86.1111111111111
4.052499110236304e-06,86.22222222222221
1.4886065504588088e-05,86.33333333333333
2.283430828841884e-06,86.44444444444444
2.573373779432699e-05,86.55555555555556
1.5993466975015874e-05,86.66666666666666
1.0288287915555928e-05,86.77777777777777
1.0486780203666278e-05,86.88888888888889
1.1611605045528701e-05,87.0
1.1378377657284661e-05,87.1111111111111
5.596864808101821e-06,87.22222222222221
1.8235561659559757e-05,87.33333333333333
6.836674049942015e-06,87.44444444444444
7.684760994490042e-06,87.55555555555556
9.39662293497893e-06,87.66666666666666
4.253976835277932e-06,87.77777777777777
1.4174019092517598e-05,87.88888888888889
4.1741577412973587e-07,88.0
1.9257871482347245e-06,88.1111111111111
1.5243769078345731e-05,88.22222222222221
1.9697193821180915e-05,88.33333333333333
6.6637161855031105e-06,88.44444444444444
6.067808278007119e-06,88.55555555555556
9.0645386197838e-06,88.66666666666666
8.206613920714338e-06,88.77777777777777
2.3954236597958695e-06,88.88888888888889
5.844423384338543e-06,89.0
8.794984928207382e-06,89.1111111111111
1.813571404113221e-05,89.22222222222221
5.891173702056717e-06,89.33333333333333
9.855126970886489e-06,89.44444444444444
3.5691193763057868e-06,89.55555555555556
5.9768956331690526e-06,89.66666666666666
9.09236217613026e-06,89.77777777777777
5.806318649660391e-06,89.88888888888889
3.71192083023182e-06,90.0
1.752887568630037e-06,90.1111111111111
2.7369663823450016e-06,90.22222222222221
7.524728249465673e-06,90.33333333333333
9.71056738874185e-06,90.44444444444444
9.394548459513352e-06,90.55555555555556
7.533119535501634e-06,90.66666666666666
1.476478307845008e-05,90.77777777777777
1.5808836941050344e-05,90.88888888888889
1.4834537149909224e-05,91.0
4.2678425049856415e-06,91.1111111111111
1.9064062267572233e-06,91.22222222222221
7.975465793512655e-06,91.33333333333333
1.1247880407786133e-05,91.44444444444444
4.723561191585859e-06,91.55555555555556
5.33035965940112e-06,91.66666666666666
1.1277274288914261e-05,91.77777777777777
5.959084009463221e-06,91.88888888888889
5.811202139687189e-06,92.0
5.620630785831679e-06,92.1111111111111
1.635291137501802e-05,92.22222222222221
9.962650448511283e-06,92.33333333333333
7.718085958353072e-06,92.44444444444444
6.670420104837419e-06,92.55555555555556
1.1420837660197373e-05,92.66666666666666
1.8603344804144842e-05,92.77777777777777
8.11403973100329e-06,92.88888888888889
5.3534384752292446e-06,93.0
5.604025049137009e-06,93.1111111111111
1.4270770440395577e-05,93.22222222222221
1.012437604829791e-05,93.33333333333333
3.908400532897419e-06,93.44444444444444
1.2254425265173116e-05,93.55555555555556
1.3442833119284687e-05,93.66666666666666
1.256194510158477e-05,93.77777777777777
9.697477985307878e-06,93.88888888888889
4.1934327560774165e-06,94.0
6.336439902376375e-06,94.1111111111111
3.3705066901687125e-06,94.22222222222221
7.54000763351866e-06,94.33333333333333
8.250758276601605e-06,94.44444444444444
1.4125424020994904e-05,94.55555555555556
1.69410976455813e-05,94.66666666666666
7.989861819055484e-06,94.77777777777777
1.3968719679650137e-05,94.88888888888889
1.566427034573982e-05,95.0
4.825553979706037e-06,95.1111111111111
2.3893839705956444e-05,95.22222222222221
1.1189328537204209e-05,95.33333333333333
1.1913339636160893e-05,95.44444444444444
4.624507654266177e-06,95.55555555555556
1.0498430590335621e-05,95.66666666666666
5.353594723133929e-06,95.77777777777777
8.562154224864518e-06,95.88888888888889
6.737541822540502e-06,96.0
7.223581420966881e-06,96.1111111111111
3.256643018572704e-06,96.22222222222221
6.286438612475531e-06,96.33333333333333
1.6526779095614758e-05,96.44444444444444
8.389535471130387e-06,96.55555555555556
7.1956482646751225e-06,96.66666666666666
1.1973970573863775e-05,96.77777777777777
1.003213259848197e-05,96.88888888888889
5.9260765148353295e-06,97.0
1.7872318325294643e-06,97.1111111111111
1.2402203937910866e-05,97.22222222222221
1.0063748400847783e-05,97.33333333333333
7.568464676124305e-07,97.44444444444444
9.904056643767417e-06,97.55555555555556
3.841851058661502e-06,97.66666666666666
1.3618624555754127e-05,97.77777777777777
2.812056922469254e-06,97.88888888888889
5.7865415060735885e-06,98.0
2.7965816579717364e-06,98.1111111111111
2.097721291711253e-05,98.22222222222221
5.003772784545839e-06,98.33333333333333
1.1315897570260413e-05,98.44444444444444
8.22645643835624e-06,98.55555555555556
1.4406642711025265e-05,98.66666666666666
3.5519160712947672e-06,98.77777777777777
1.0168369950592599e-05,98.88888888888889
1.1372100138958519e-05,99.0
5.023521774629464e-06,99.1111111111111
1.5215325642682428e-05,99.22222222222221
5.837563174006639e-06,99.33333333333333
1.389553398816973e-05,99.44444444444444
7.645384396996818e-06,99.55555555555554
5.0725209059089604e-06,99.66666666666666
8.424648222882912e-06,99.77777777777777
5.196382391234711e-06,99.88888888888889
5.862052697281732e-06,100.0
1.4158597260660624e-05,100.1111111111111
7.689012173512009e-06,100.22222222222221
5.2658645790360635e-06,100.33333333333333
6.449171094407531e-06,100.44444444444444
7.574399968430528e-06,100.55555555555554
8.922873337913682e-06,100.66666666666666
3.7678170740713736e-06,100.77777777777777
4.3699844569846165e-06,100.88888888888889
1.0770305621164583e-05,101.0
1.0973633861208118e-05,101.1111111111111
1.5133862844563475e-05,101.22222222222221
1.8266118050633533e-05,101.33333333333333
7.629480261019288e-06,101.44444444444444
8.874589876658319e-06,101.55555555555554
1.9317645160700777e-05,101.66666666666666
1.054909003242845e-05,101.77777777777777
9.497297845241704e-06,101.88888888888889
4.514268763314434e-06,102.0
1.522754938336525e-06,102.1111111111111
9.410494642992647e-06,102.22222222222221
1.1657741564988139e-05,102.33333333333333
2.500430756428519e-05,102.44444444444444
8.763709287910748e-06,102.55555555555554
7.990018768261559e-06,102.66666666666666
6.462323667733912e-06,102.77777777777777
1.5565914392701613e-05,102.88888888888889
1.5789895954852455e-05,103.0
1.0320194159858904e-05,103.1111111111111
9.039026848705135e-06,103.22222222222221
6.169873843046967e-06,103.33333333333333
7.230239935021892e-06,103.44444444444444
1.1834863145766047e-05,103.55555555555554
8.18557864323824e-06,103.66666666666666
5.188293698772443e-06,103.77777777777777
5.102759737937332e-06,103.88888888888889
8.346776350297156e-06,104.0
1.0185757776199079e-05,104.1111111111111
3.158281952322187e-06,104.22222222222221
1.0372777236751257e-05,104.33333333333333
9.88911310369657e-06,104.44444444444444
1.1284337879160005e-05,104.55555555555554
7.5471612071318635e-06,104.66666666666666
7.59728639849705e-06,104.77777777777777
5.9447145856291726e-06,104.88888888888889
7.435789930829301e-07,105.0
2.493870881314016e-06,105.1111111111111
8.817330582982323e-06,105.22222222222221
1.59206745130662e-05,105.33333333333333
1.170629531579181e-05,105.44444444444444
7.602542912071885e-06,105.55555555555554
8.014994775221935e-06,105.66666666666666
1.4811590964736903e-05,105.77777777777777
5.7344140787277675e-06,105.88888888888889
6.868006165122885e-06,106.0
1.0087556791786674e-05,106.1111111111111
5.1481912015035355e-06,106.22222222222221
5.137279258886133e-06,106.33333333333333
7.81488987266274e-06,106.44444444444444
7.396445623703443e-06,106.55555555555554
1.188203564691023e-05,106.66666666666666
1.4632513314475925e-05,106.77777777777777
2.456418789715064e-06,106.88888888888889
8.26925090462644e-06,107.0
6.117800721243593e-06,107.1111111111111
9.775629753632953e-06,107.22222222222221
1.2162430851845437e-05,107.33333333333333
1.2655306131070592e-05,107.44444444444444
6.359340635359099e-06,107.55555555555554
9.533780137462707e-06,107.66666666666666
8.901189978535577e-06,107.77777777777777
2.033820374045373e-06,107.88888888888889
1.5048860664286193e-05,108.0
6.01380680725559e-06,108.1111111111111
1.0117678765224397e-05,108.22222222222221
5.197067818441057e-06,108.33333333333333
3.816173301163135e-06,108.44444444444444
8.970134759367721e-06,108.55555555555554
1.736426589107051e-05,108.66666666666666
1.001736102937299e-05,108.77777777777777
1.0902400965312886e-05,108.88888888888889
4.76516670664274e-06,109.0
5.4244358383855e-06,109.1111111111111
7.470915129710078e-06,109.22222222222221
1.5319964153264978e-05,109.33333333333333
2.521710398410503e-05,109.44444444444444
8.651989062294665e-06,109.55555555555554
8.926338283039017e-06,109.66666666666666
7.901071981023651e-06,109.77777777777777
9.328292644049541e-06,109.88888888888889
6.993780327210253e-06,110.0
1.0606822033376908e-05,110.1111111111111
8.31772470927192e-06,110.22222222222221
7.682958072706057e-06,110.33333333333333
4.23484698879875e-06,110.44444444444444
8.532357520290681e-06,110.55555555555554
9.132860646623708e-06,110.66666666666666
8.071490788719503e-06,110.77777777777777
1.1351992571302873e-05,110.88888888888889
1.107443037252153e-05,111.0
1.5243431671277097e-05,111.1111111111111
9.042547672223996e-06,111.22222222222221
6.554887413197426e-06,111.33333333333333
1.2050154977030413e-05,111.44444444444444
1.1273516027665761e-05,111.55555555555554
8.475818062717408e-06,111.66666666666666
2.186898885955351e-05,111.77777777777777
3.8045960547219607e-06,111.88888888888889
8.46074120040986e-06,112.0
4.233236880422162e-07,112.1111111111111
1.272801596340954e-05,112.22222222222221
2.7423002116469807e-06,112.33333333333333
8.809125002674993e-06,112.44444444444444
1.074917206180652e-05,112.55555555555554
2.8588210174702684e-06,112.66666666666666
8.728930490418498e-06,112.77777777777777
1.1232751241830445e-05,112.88888888888889
6.959316101443591e-06,113.0
1.1182025063555155e-05,113.1111111111111
8.798877476167566e-06,113.22222222222221
2.9945064348784677e-06,113.33333333333333
6.376120968476922e-06,113.44444444444444
5.790312465661616e-06,113.55555555555554
9.069461496533924e-06,113.66666666666666
1.4649140149568588e-05,113.77777777777777
8.357922655475186e-06,113.88888888888889
1.0461770213519757e-05,114.0
1.0112964482902319e-05,114.1111111111111
6.188918767897886e-06,114.22222222222221
1.227698836949356e-05,114.33333333333333
3.597595656070874e-06,114.44444444444444
9.059455188929929e-06,114.55555555555554
1.4669685927557544e-05,114.66666666666666
6.138621653161934e-06,114.77777777777777
2.1580525073292768e-06,114.88888888888889
1.0837891942882359e-05,115.0
7.910428160153018e-06,115.1111111111111
7.092066246420057e-06,115.22222222222221
1.7000047532551757e-05,115.33333333333333
1.2093706735586861e-05,115.44444444444444
6.676948314614684e-06,115.55555555555554
5.391907851431433e-06,115.66666666666666
6.487429111227183e-06,115.77777777777777
1.1623241746420073e-05,115.88888888888889
6.917458666766772e-06,116.0
8.67711919238255e-06,116.1111111111111
2.4225007810788392e-05,116.22222222222221
5.152516244590832e-06,116.33333333333333
1.822655926564945e-05,116.44444444444444
1.5690889853109117e-05,116.55555555555554
7.63229309632568e-06,116.66666666666666
8.428635992298374e-06,116.77777777777777
9.946056642504188e-06,116.88888888888889
5.106191522730477e-06,117.0
2.6830632295878486e-06,117.1111111111111
8.800087355175885e-06,117.22222222222221
8.081365592599721e-06,117.33333333333333
9.54184600296734e-06,117.44444444444444
1.0622586753036108e-05,117.55555555555554
8.283426880647427e-06,117.66666666666666
9.417696038503894e-06,117.77777777777777
6.396846547211727e-06,117.88888888888889
1.0488640854429638e-05,118.0
1.4117165755167532e-05,118.1111111111111
8.84563199261412e-06,118.22222222222221
2.481917972245544e-06,118.33333333333333
7.552730123007935e-06,118.44444444444444
1.6256719168542773e-05,118.55555555555554
1.7223628656076575e-05,118.66666666666666
1.1835998712865111e-05,118.77777777777777
1.1486337567101087e-05,118.88888888888889
3.370928806261983e-06,119.0
9.005879036784007e-06,119.1111111111111
5.343253193189111e-06,119.22222222222221
5.61898837529782e-06,119.33333333333333
4.573078882748371e-06,119.44444444444444
2.635515365738391e-06,119.55555555555554
3.596307445091981e-06,119.66666666666666
5.8885309606419384e-06,119.77777777777777
1.619042877559147e-05,119.88888888888889
2.6174069656607377e-06,120.0
1.1357717406726154e-05,120.1111111111111
8.790989711892031e-06,120.22222222222221
8.653362412772476e-06,120.33333333333333
1.2026034011785399e-05,120.44444444444444
1.170126080241937e-05,120.55555555555554
1.140853485531618e-05,120.66666666666666
5.475729130681372e-06,120.77777777777777
1.2000000042204693e-05,120.88888888888889
9.478306801414804e-06,121.0
1.1101139268497248e-05,121.1111111111111
9.684119143841727e-06,121.22222222222221
3.6126775083626727e-06,121.33333333333333
6.504791616200514e-06,121.44444444444444
4.343132933075814e-06,121.55555555555554
5.876414965949951e-06,121.66666666666666
5.643627382288166e-06,121.77777777777777
1.3089787500994041e-05,121.88888888888889
5.798057493953354e-06,122.0
1.3726485026250705e-05,122.1111111111111
1.4313007895014046e-05,122.22222222222221
1.0127143981220609e-05,122.33333333333333
1.4734151310989876e-05,122.44444444444444
2.0171916734784653e-06,122.55555555555554
1.2854908894719154e-05,122.66666666666666
4.979770076633021e-06,122.77777777777777
1.566999797986199e-06,122.88888888888889
1.127358316411722e-05,123.0
5.903093835576747e-06,123.1111111111111
1.655845774128993e-05,123.22222222222221
4.889422461061621e-06,123.33333333333333
1.1990575868566261e-05,123.44444444444444
2.1448095573435494e-06,123.55555555555554
2.867998956197982e-06,123.66666666666666
4.30017127940781e-06,123.77777777777777
9.739364249864645e-06,123.88888888888889
1.0705234466169282e-05,124.0
1.3623740034360102e-05,124.1111111111111
8.670709444817693e-06,124.22222222222221
1.4773934589899558e-05,124.33333333333333
2.3822194294005203e-06,124.44444444444444
6.457746578709535e-06,124.55555555555554
1.3558265995928498e-05,124.66666666666666
1.509348119057245e-05,124.77777777777777
4.084331645480984e-06,124.88888888888889
1.4669573275225762e-05,125.0
9.250768037225889e-06,125.1111111111111
7.450678402182042e-06,125.22222222222221
1.2674011617236828e-05,125.33333333333333
1.7089971153864725e-05,125.44444444444444
4.176474850845389e-06,125.55555555555554
4.717468049985231e-06,125.66666666666666
1.228467270461156e-05,125.77777777777777
1.673181781085671e-05,125.88888888888889
1.3438153418363645e-05,126.0
1.1298421377834287e-05,126.1111111111111
2.1476165545541738e-05,126.22222222222221
1.3121181638488245e-05,126.33333333333333
1.0178803921856598e-05,126.44444444444444
1.1632252216518729e-05,126.55555555555554
1.5579457785163714e-05,126.66666666666666
1.4249625546705901e-05,126.77777777777777
1.8562169388279644e-05,126.88888888888889
1.971139641501031e-05,127.0
6.9337575531542516e-06,127.1111111111111
1.1772432215294024e-05,127.22222222222221
8.474763736106023e-06,127.33333333333333
9.374532055451377e-06,127.44444444444444
1.6741981044407207e-06,127.55555555555554
3.726256990797335e-06,127.66666666666666
1.9453822898966543e-05,127.77777777777777
3.1424920790317605e-06,127.88888888888889
3.5927017679657383e-06,128.0
7.022647188880653e-06,128.11111111111111
1.4905106908895062e-05,128.22222222222223
2.1634000164108e-06,128.33333333333331
8.822283839239375e-06,128.44444444444443
5.398212466285621e-06,128.55555555555554
3.6445144525715862e-06,128.66666666666666
8.22511597510921e-06,128.77777777777777
1.0521232843796391e-05,128.88888888888889
5.762759474890084e-06,129.0
8.052275681705313e-06,129.11111111111111
9.460341885941013e-06,129.22222222222223
4.6920067783682e-06,129.33333333333331
1.472937241258614e-05,129.44444444444443
1.2835409174323005e-05,129.55555555555554
1.3142777646026273e-05,129.66666666666666
1.056069396812431e-05,129.77777777777777
1.075717677248104e-05,129.88888888888889
9.873767422480905e-06,130.0
6.884768894361996e-06,130.11111111111111
1.1720266081305058e-05,130.22222222222223
5.511851986504121e-06,130.33333333333331
1.2661162855633572e-05,130.44444444444443
1.4088997878640064e-06,130.55555555555554
2.6199490378092778e-05,130.66666666666666
3.7373335171884857e-06,130.77777777777777
1.0394024479903015e-05,130.88888888888889
1.539689173785422e-05,131.0
1.6082045797447753e-05,131.11111111111111
7.641469979128865e-06,131.22222222222223
1.0861809920098497e-05,131.33333333333331
1.4259449336869406e-05,131.44444444444443
8.816666782224817e-06,131.55555555555554
7.025080614607118e-06,131.66666666666666
1.7047955365004962e-06,131.77777777777777
1.6461405491457147e-05,131.88888888888889
4.4756679198802895e-06,132.0
1.932133683679525e-06,132.11111111111111
7.1975215745254576e-06,132.22222222222223
1.1433814524191993e-05,132.33333333333331
5.831887932358485e-06,132.44444444444443
8.692322984808386e-06,132.55555555555554
1.4624686842549708e-05,132.66666666666666
8.909949396463098e-06,132.77777777777777
9.777116583289199e-06,132.88888888888889
2.13303207866124e-05,133.0
9.615289543796305e-06,133.11111111111111
3.785371006638337e-06,133.22222222222223
5.391554731594887e-06,133.33333333333331
6.970372794993339e-06,133.44444444444443
3.00716531326841e-06,133.55555555555554
8.311569251828162e-06,133.66666666666666
1.5408706456669177e-05,133.77777777777777
1.782335680202862e-05,133.88888888888889
9.903392399617184e-06,134.0
4.689725717374908e-06,134.11111111111111
1.1618847041496774e-05,134.22222222222223
8.750816783096019e-06,134.33333333333331
8.228201194061189e-06,134.44444444444443
1.7797654884976095e-06,134.55555555555554
1.1665332431295122e-05,134.66666666666666
6.627325331484963e-06,134.77777777777777
6.751475701332808e-06,134.88888888888889
9.290051847424717e-06,135.0
1.807172977110834e-05,135.11111111111111
1.39930688043276e-05,135.22222222222223
6.50176656291075e-06,135.33333333333331
1.5259473509308637e-05,135.44444444444443
2.0410185044233438e-05,135.55555555555554
5.662670618178251e-06,135.66666666666666
4.040910292422715e-06,135.77777777777777
1.1206296180687273e-05,135.88888888888889
7.119448959905383e-06,136.0
1.1427554977465275e-05,136.11111111111111
1.519995293560855e-05,136.22222222222223
1.0355863728642184e-05,136.33333333333331
5.566236835810167e-06,136.44444444444443
2.214654522212218e-05,136.55555555555554
7.680560652736652e-06,136.66666666666666
2.0425424610731774e-06,136.77777777777777
1.3191279251566401e-05,136.88888888888889
9.64128764102889e-06,137.0
1.3427675109690916e-05,137.11111111111111
7.371573109395941e-06,137.22222222222223
1.2033078438010207e-05,137.33333333333331
1.1935285803086935e-05,137.44444444444443
9.911831080532847e-06,137.55555555555554
1.6543782851418925e-06,137.66666666666666
1.1853346190649347e-05,137.77777777777777
1.243543890648914e-05,137.88888888888889
1.4569271481471847e-05,138.0
1.616506491496235e-06,138.11111111111111
1.232405863390809e-05,138.22222222222223
3.769545230646219e-06,138.33333333333331
7.794577861730955e-06,138.44444444444443
7.543621218394254e-06,138.55555555555554
1.4222840051557959e-05,138.66666666666666
4.891876958987758e-06,138.77777777777777
1.599383437301562e-05,138.88888888888889
4.466576826902627e-06,139.0
3.9549567792337585e-06,139.11111111111111
9.285847756359926e-06,139.22222222222223
1.0024851129110246e-05,139.33333333333331
7.022711096112038e-06,139.44444444444443
1.2263448011638681e-05,139.55555555555554
7.008956631864555e-06,139.66666666666666
1.843971171974905e-05,139.77777777777777
1.528527805545357e-05,139.88888888888889
7.004500838120402e-06,140.0
1.806472880956408e-05,140.11111111111111
1.4148060104375638e-05,140.22222222222223
9.841002890258494e-06,140.33333333333331
9.966898089328637e-06,140.44444444444443
3.287846618983181e-06,140.55555555555554
1.3311868104031234e-05,140.66666666666666
3.7724811837274572e-06,140.77777777777777
1.4307901953652517e-05,140.88888888888889
9.823039729118105e-06,141.0
9.240695383166346e-06,141.11111111111111
1.0315287069140772e-05,141.22222222222223
1.7275118589906056e-05,141.33333333333331
9.311718557668568e-06,141.44444444444443
1.2401545578333818e-05,141.55555555555554
2.279088392708377e-06,141.66666666666666
7.074331050540788e-07,141.77777777777777
1.121334467169407e-05,141.88888888888889
8.577632998847384e-06,142.0
1.791097782454563e-05,142.11111111111111
3.7800690451418592e-06,142.22222222222223
2.932979168369102e-06,142.33333333333331
1.1391641595856853e-05,142.44444444444443
6.243730988629695e-06,142.55555555555554
9.91267560118698e-06,142.66666666666666
8.859863320452112e-06,142.77777777777777
3.067920120298592e-06,142.88888888888889
1.2000000461773442e-05,143.0
1.1564536410623927e-05,143.11111111111111
1.0764957950522303e-05,143.2222222222222
5.400909743579695e-06,143.33333333333331
9.72928347589032e-06,143.44444444444443
2.0618973496081406e-05,143.55555555555554
5.34633694232016e-06,143.66666666666666
5.388465177673553e-06,143.77777777777777
6.756001647446066e-06,143.88888888888889
1.0232162335372688e-05,144.0
1.4252288235243941e-05,144.11111111111111
1.5791457238890788e-06,144.2222222222222
6.13712740914613e-06,144.33333333333331
1.1908358673860847e-06,144.44444444444443
6.445132775095815e-06,144.55555555555554
1.4186269192016103e-05,144.66666666666666
1.435413793293026e-05,144.77777777777777
2.566071153189474e-05,144.88888888888889
7.827531759271922e-06,145.0
6.670722367767585e-06,145.11111111111111
4.760091504110998e-06,145.2222222222222
8.915244293203127e-06,145.33333333333331
4.723971605660767e-06,145.44444444444443
7.587698220612853e-06,145.55555555555554
1.6078434029999665e-05,145.66666666666666
1.812356784128054e-05,145.77777777777777
1.0724942951839547e-05,145.88888888888889
3.3037190496627497e-06,146.0
1.9857427436242417e-06,146.11111111111111
1.5994334162596323e-06,146.2222222222222
1.2817917638225336e-05,146.33333333333331
1.4986468745515e-05,146.44444444444443
7.276582321005119e-06,146.55555555555554
7.338435853097282e-06,146.66666666666666
1.2995396427254137e-05,146.77777777777777
7.983831774322978e-06,146.88888888888889
9.834516474229982e-06,147.0
7.294323766015741e-06,147.11111111111111
9.621752266310115e-06,147.2222222222222
3.5949891773884924e-06,147.33333333333331
1.836535137226819e-05,147.44444444444443
8.50246394700991e-06,147.55555555555554
4.193868093252579e-06,147.66666666666666
1.556532245893008e-05,147.77777777777777
1.2967271912948461e-05,147.88888888888889
1.1846715946829621e-05,148.0
7.3508171564227965e-06,148.11111111111111
7.579007019645241e-06,148.2222222222222
1.0712902525646816e-05,148.33333333333331
9.175545395069301e-06,148.44444444444443
4.715727479796084e-06,148.55555555555554
8.118765124853116e-06,148.66666666666666
1.2233179167599806e-05,148.77777777777777
8.035806447092623e-06,148.88888888888889
5.924590920557793e-06,149.0
2.9802819377242836e-06,149.11111111111111
1.220046428646624e-05,149.2222222222222
1.8825624896004642e-05,149.33333333333331
1.3510235640308574e-05,149.44444444444443
1.1091528298416813e-05,149.55555555555554
1.3634175902949426e-05,149.66666666666666
9.90416101493731e-06,149.77777777777777
8.07774865494968e-06,149.88888888888889
1.1309020836747078e-05,150.0
1.0603490570067562e-05,150.11111111111111
1.1028355649398251e-05,150.2222222222222
1.5724536344503475e-05,150.33333333333331
1.5464662265466963e-05,150.44444444444443
1.8563654098938853e-05,150.55555555555554
5.128841590377704e-06,150.66666666666666
5.5243528340497604e-06,150.77777777777777
9.4522819412336e-06,150.88888888888889
1.315702814867899e-05,151.0
8.033406046610885e-06,151.11111111111111
1.1352976743267886e-05,151.2222222222222
7.213610414079831e-06,151.33333333333331
8.863216636879447e-06,151.44444444444443
6.253043254715801e-06,151.55555555555554
4.228530210757704e-06,151.66666666666666
8.359364713731742e-06,151.77777777777777
1.1471487960059565e-05,151.88888888888889
1.1274167333089741e-05,152.0
8.695072085015675e-06,152.11111111111111
1.3210800162578458e-05,152.2222222222222
1.203495501130758e-06,152.33333333333331
5.741606738173369e-06,152.44444444444443
1.5382443714806355e-05,152.55555555555554
5.729119849709051e-06,152.66666666666666
9.572509300485514e-06,152.77777777777777
1.054164030417057e-05,152.88888888888889
4.875393708346399e-06,153.0
9.650825877337949e-06,153.11111111111111
3.0949121820130288e-06,153.2222222222222
1.8787127451843565e-05,153.33333333333331
8.244438558496489e-06,153.44444444444443
1.768994435862609e-05,153.55555555555554
1.953104519219639e-06,153.66666666666666
1.6847909454918614e-05,153.77777777777777
1.0504147437972462e-05,153.88888888888889
4.9631328066682274e-06,154.0
1.152009891745221e-05,154.11111111111111
1.0718035990746776e-05,154.2222222222222
8.308525292650348e-06,154.33333333333331
9.794895998615646e-06,154.44444444444443
1.3491670866130321e-05,154.55555555555554
2.776568172065754e-06,154.66666666666666
5.230095196844753e-06,154.77777777777777
6.0782664893349784e-06,154.88888888888889
9.235991749033568e-06,155.0
5.1434788423706244e-06,155.11111111111111
4.180617433104663e-06,155.2222222222222
1.6272669554396253e-05,155.33333333333331
7.933992232022928e-06,155.44444444444443
1.138228616432028e-05,155.55555555555554
1.0517280939864616e-05,155.66666666666666
1.5561748086059406e-05,155.77777777777777
1.4038698800431542e-05,155.88888888888889
5.099214932529657e-06,156.0
1.2460868366143754e-05,156.11111111111111
6.052970274088557e-06,156.2222222222222
1.2509882650921135e-05,156.33333333333331
5.40383796571151e-06,156.44444444444443
6.681432949149747e-06,156.55555555555554
1.2534536142007315e-05,156.66666666666666
3.4780976787512797e-06,156.77777777777777
1.3671146796307686e-05,156.88888888888889
1.3681046071838549e-05,157.0
2.0625673253856876e-05,157.11111111111111
9.814537726175735e-06,157.2222222222222
9.370172557228667e-06,157.33333333333331
5.893582084434028e-06,157.44444444444443
1.3829431645317858e-05,157.55555555555554
9.791036896634262e-06,157.66666666666666
8.86481372863121e-06,157.77777777777777
2.2021724105794268e-05,157.88888888888889
1.6482576706808985e-05,158.0
6.815678444226356e-06,158.11111111111111
5.38503937737898e-06,158.2222222222222
1.4984478046180836e-05,158.33333333333331
1.0334318890808433e-05,158.44444444444443
9.525003948266552e-06,158.55555555555554
1.313802810140596e-05,158.66666666666666
8.86108411124889e-06,158.77777777777777
1.9562151639498572e-05,158.88888888888889
1.4351423913438786e-05,159.0
1.386516003365156e-05,159.11111111111111
1.6874987934511866e-06,159.2222222222222
4.13089963176838e-06,159.33333333333331
9.935683678884534e-06,159.44444444444443
8.552980402836072e-06,159.55555555555554
2.043562835494323e-05,159.66666666666666
1.010020602367302e-05,159.77777777777777
9.043483973907679e-06,159.88888888888889
2.44608347224559e-05,160.0
3.5106341287022467e-06,160.11111111111111
8.694880829862282e-06,160.2222222222222
2.0741171186539143e-06,160.33333333333331
5.427272927828083e-06,160.44444444444443
6.829944980171159e-06,160.55555555555554
7.242103405363276e-06,160.66666666666666
8.082449962468887e-06,160.77777777777777
1.2282528909341148e-05,160.88888888888889
9.481550344446565e-06,161.0
1.0880397176234338e-05,161.11111111111111
1.6499125161805686e-05,161.2222222222222
8.434725363271962e-06,161.33333333333331
8.714547796169855e-06,161.44444444444443
1.1263168302763785e-05,161.55555555555554
1.4025236165596357e-05,161.66666666666666
1.2574096106911006e-05,161.77777777777777
3.713215926514023e-06,161.88888888888889
3.871517116095815e-06,162.0
5.460609802608279e-06,162.11111111111111
6.1166398211296e-06,162.2222222222222
2.223510914204919e-05,162.33333333333331
1.9213108689344895e-05,162.44444444444443
9.400311623847352e-06,162.55555555555554
8.037322007433028e-06,162.66666666666666
4.4211736055311955e-06,162.77777777777777
3.90407466561381e-06,162.88888888888889
7.725289392490894e-06,163.0
1.2602641341022331e-05,163.11111111111111
1.847468386647248e-05,163.2222222222222
1.0125617470227869e-05,163.33333333333331
1.6261313452522526e-05,163.44444444444443
1.4552301025218702e-05,163.55555555555554
9.472742145086606e-06,163.66666666666666
2.230995872598344e-06,163.77777777777777
1.0689205164657157e-05,163.88888888888889
4.2461751151685805e-06,164.0
1.1105603287134636e-05,164.11111111111111
8.49614051768838e-06,164.2222222222222
2.4669180978612635e-06,164.33333333333331
9.250031104660822e-06,164.44444444444443
8.856078377319171e-06,164.55555555555554
1.8812170252293135e-05,164.66666666666666
4.364801594292065e-06,164.77777777777777
1.3128825275045453e-05,164.88888888888889
7.3467811250508895e-06,165.0
6.215182363294439e-06,165.11111111111111
1.2215146132609305e-05,165.2222222222222
5.9543547964877114e-06,165.33333333333331
4.995599729925856e-06,165.44444444444443
9.66578560904014e-06,165.55555555555554
5.892482191069435e-06,165.66666666666666
5.981252678491942e-06,165.77777777777777
1.8130731940852557e-05,165.88888888888889
1.0763951283346382e-05,166.0
6.3718308654078025e-06,166.11111111111111
4.92586438241754e-06,166.2222222222222
1.5089461725692554e-05,166.33333333333331
1.051049505694951e-05,166.44444444444443
1.0807064981673808e-05,166.55555555555554
7.5816542707385264e-06,166.66666666666666
8.08195713080702e-06,166.77777777777777
4.686713890034493e-06,166.88888888888889
1.1610038423977232e-06,167.0
7.53590368488222e-06,167.11111111111111
1.0532157868056715e-06,167.2222222222222
7.372296574712656e-06,167.33333333333331
1.3017027368046274e-05,167.44444444444443
6.430841472987974e-06,167.55555555555554
1.0052230540569929e-05,167.66666666666666
1.222215017537541e-05,167.77777777777777
1.4563381621127463e-05,167.88888888888889
6.622366680923107e-06,168.0
1.811908919274673e-05,168.11111111111111
9.072678370334943e-06,168.2222222222222
3.7332434756115577e-06,168.33333333333331
1.5839791597533866e-05,168.44444444444443
1.3839664787527936e-05,168.55555555555554
1.1289891662595266e-05,168.66666666666666
8.30865834478941e-06,168.77777777777777
7.2961058540098414e-06,168.88888888888889
3.906900801723642e-06,169.0
7.779622316024567e-06,169.11111111111111
1.0084198248395815e-05,169.2222222222222
1.5108869684327258e-05,169.33333333333331
4.634845210281195e-06,169.44444444444443
6.445275411077531e-06,169.55555555555554
1.6647646511681676e-05,169.66666666666666
1.4439123555776846e-05,169.77777777777777
5.632456526129275e-06,169.88888888888889
4.775445065188734e-06,170.0
4.764405997414359e-06,170.11111111111111
1.1317484483605054e-05,170.2222222222222
9.173438265899847e-06,170.33333333333331
7.506848831275197e-06,170.44444444444443
2.3976634280785598e-05,170.55555555555554
5.811332939631014e-06,170.66666666666666
1.6913411768361418e-05,170.77777777777777
3.2667201223589543e-06,170.88888888888889
1.0105073528604784e-05,171.0
8.680960128218736e-06,171.11111111111111
1.4922037337828503e-05,171.2222222222222
1.535649145794644e-05,171.33333333333331
1.030721600629968e-05,171.44444444444443
7.253969383683427e-06,171.55555555555554
6.890699303276374e-06,171.66666666666666
1.200676052699715e-05,171.77777777777777
7.347809804214809e-06,171.88888888888889
1.0120716861240685e-05,172.0
5.026921519467451e-06,172.11111111111111
1.1631418013044688e-05,172.2222222222222
1.2581692486577243e-05,172.33333333333331
3.395925517398102e-06,172.44444444444443
5.359207493796756e-06,172.55555555555554
7.533830997840672e-06,172.66666666666666
2.8041088995828435e-06,172.77777777777777
1.5331329066173957e-05,172.88888888888889
1.0118977528489283e-05,173.0
1.2561030515410681e-05,173.11111111111111
2.211182406709361e-06,173.2222222222222
6.24056247641961e-06,173.33333333333331
1.7633166147379807e-06,173.44444444444443
1.4021054278770721e-05,173.55555555555554
4.9558849871268094e-06,173.66666666666666
1.955211817594668e-05,173.77777777777777
3.901247812556698e-06,173.88888888888889
3.861842138441763e-06,174.0
1.1160212119745903e-05,174.11111111111111
1.197635677348456e-05,174.2222222222222
1.1489242314161007e-05,174.33333333333331
6.154554309467618e-06,174.44444444444443
6.887372808602903e-06,174.55555555555554
1.4621514616734305e-05,174.66666666666666
1.446981781122268e-05,174.77777777777777
9.293341286860703e-06,174.88888888888889
1.4254719986071184e-05,175.0
4.757364474023028e-06,175.11111111111111
5.320077923513838e-06,175.2222222222222
9.150316605298263e-06,175.33333333333331
2.830941554861369e-06,175.44444444444443
1.5851608484937497e-05,175.55555555555554
6.341465990855541e-06,175.66666666666666
8.585199347505637e-06,175.77777777777777
2.5578014950386674e-06,175.88888888888889
1.0106522594452993e-05,176.0
1.201405087544765e-05,176.11111111111111
5.644109847217912e-06,176.2222222222222
9.710529724678273e-06,176.33333333333331
5.46570770880665e-06,176.44444444444443
1.655193473797016e-05,176.55555555555554
2.8695663761863786e-06,176.66666666666666
6.976803823503302e-06,176.77777777777777
1.1267792926232195e-05,176.88888888888889
1.4250393971388472e-05,177.0
8.667418311637394e-06,177.11111111111111
5.631331136359811e-06,177.2222222222222
6.476698955757416e-06,177.33333333333331
8.85981665944325e-06,177.44444444444443
1.1122731782476051e-05,177.55555555555554
5.158250484181092e-06,177.66666666666666
9.252778838790265e-06,177.77777777777777
1.6068048098136408e-05,177.88888888888889
1.1586437529631504e-05,178.0
1.5491928825148895e-05,178.11111111111111
5.642801208962296e-06,178.2222222222222
1.5574679802357673e-05,178.33333333333331
1.3695298335843417e-05,178.44444444444443
3.251586104188227e-06,178.55555555555554
1.1132842631810594e-06,178.66666666666666
2.539971347044333e-06,178.77777777777777
8.042548897855083e-06,178.88888888888889
1.9741219255893287e-05,179.0
6.258964050139719e-06,179.11111111111111
5.5939570529929325e-06,179.2222222222222
7.95904552457834e-06,179.33333333333331
5.8201212835148205e-06,179.44444444444443
5.8653211356504354e-06,179.55555555555554
2.0733211311538295e-05,179.66666666666666
1.0118696948917546e-05,179.77777777777777
2.9640380051542308e-06,179.88888888888889
1.648176342791957e-06,180.0
7.143369733638529e-06,180.11111111111111
1.4142147118120728e-05,180.2222222222222
9.794116831634944e-06,180.33333333333331
7.5483143723066025e-06,180.44444444444443
9.270740816354946e-06,180.55555555555554
1.2836602763494396e-05,180.66666666666666
1.5228506863384435e-05,180.77777777777777
5.395085152419441e-06,180.88888888888889
2.2707504918760587e-06,181.0
1.889066172338753e-05,181.11111111111111
8.360132102775843e-06,181.2222222222222
5.6753332686304285e-06,181.33333333333331
1.4338183076798698e-05,181.44444444444443
8.890881307526732e-06,181.55555555555554
7.182475767445843e-06,181.66666666666666
5.38855581897472e-06,181.77777777777777
1.9778425413840608e-05,181.88888888888889
8.799276747605553e-06,182.0
6.904285217917995e-06,182.11111111111111
8.388289310486726e-06,182.2222222222222
3.055472041239425e-05,182.33333333333331
1.350624409181968e-05,182.44444444444443
2.2341544052861493e-05,182.55555555555554
1.7648011955137605e-05,182.66666666666666
1.02427819545731e-05,182.77777777777777
1.1630756964183765e-05,182.88888888888889
1.2682444269826743e-05,183.0
7.041842858339491e-06,183.11111111111111
1.2125547375925058e-05,183.2222222222222
1.4151682666810309e-05,183.33333333333331
6.0565082914843166e-06,183.44444444444443
1.1111280030396511e-05,183.55555555555554
5.210165413711887e-06,183.66666666666666
8.667922958766536e-06,183.77777777777777
1.4116936869868981e-05,183.88888888888889
4.988498875693059e-06,184.0
6.424425239946124e-06,184.11111111111111
9.772301641386323e-06,184.2222222222222
1.2842335960852901e-05,184.33333333333331
9.660500978972942e-06,184.44444444444443
1.5431007200597474e-05,184.55555555555554
1.5157980213498234e-05,184.66666666666666
1.1531415780161489e-05,184.77777777777777
1.5583723749735612e-05,184.88888888888889
1.1711720411400341e-05,185.0
5.312765818853281e-06,185.11111111111111
1.20546671525417e-05,185.2222222222222
2.964953821819786e-06,185.33333333333331
1.0821366394596836e-05,185.44444444444443
7.930840547468944e-06,185.55555555555554
2.6786149934915345e-05,185.66666666666666
2.696288221635339e-06,185.77777777777777
1.7429794155415127e-05,185.88888888888889
8.108068915302575e-06,186.0
1.390551943513354e-06,186.11111111111111
9.384861549690555e-06,186.2222222222222
1.2263961484925867e-05,186.33333333333331
1.0332675480718648e-05,186.44444444444443
1.1659377102627794e-05,186.55555555555554
6.2546769556587764e-06,186.66666666666666
3.6766731360794536e-06,186.77777777777777
6.355414171757721e-06,186.88888888888889
6.20298718395684e-06,187.0
1.6085399344061413e-05,187.11111111111111
1.543877548190673e-05,187.2222222222222
3.7224996807517363e-06,187.33333333333331
1.0228646637011826e-05,187.44444444444443
9.258867012333972e-06,187.55555555555554
1.105361865056098e-05,187.66666666666666
1.9054176848858617e-05,187.77777777777777
6.617369256834396e-06,187.88888888888889
4.109225623793569e-06,188.0
4.184309946010475e-07,188.11111111111111
7.3151492422333425e-06,188.2222222222222
1.036530508400139e-05,188.33333333333331
5.712673673239888e-06,188.44444444444443
4.794185380567246e-06,188.55555555555554
1.8281962578798207e-05,188.66666666666666
4.799278514217384e-06,188.77777777777777
1.027560253902844e-05,188.88888888888889
1.4908718480374545e-05,189.0
9.48850555499904e-06,189.11111111111111
8.722150709184689e-06,189.2222222222222
4.281077520465733e-06,189.33333333333331
1.942945285032135e-05,189.44444444444443
7.72015197658954e-06,189.55555555555554
1.647678628305215e-05,189.66666666666666
6.739202788776213e-06,189.77777777777777
1.715421956093531e-05,189.88888888888889
6.393810597082384e-06,190.0
1.2057946335672221e-05,190.11111111111111
9.065850466425335e-06,190.2222222222222
1.3850871812789032e-05,190.33333333333331
3.779211888491268e-06,190.44444444444443
1.711504847945577e-05,190.55555555555554
9.749080977162102e-06,190.66666666666666
7.2943672617416296e-06,190.77777777777777
7.302003502772042e-06,190.88888888888889
2.2094235650491876e-05,191.0
1.0620701934369114e-05,191.11111111111111
1.3814300584211433e-05,191.2222222222222
5.901457311803833e-06,191.33333333333331
2.130486992040287e-05,191.44444444444443
6.790379063595367e-06,191.55555555555554
7.875445352735487e-06,191.66666666666666
3.7405613148231956e-06,191.77777777777777
5.559400186987163e-06,191.88888888888889
1.0360219843836853e-05,192.0
8.927670835771059e-06,192.11111111111111
3.866453240835624e-06,192.2222222222222
8.554410770979849e-06,192.33333333333331
5.181134537604177e-06,192.44444444444443
1.3974061976120766e-05,192.55555555555554
2.560672983740618e-05,192.66666666666666
1.6723387598340063e-05,192.77777777777777
2.1662981152802305e-05,192.88888888888889
8.351829329348747e-06,193.0
8.302779054388406e-06,193.11111111111111
1.3633044156856634e-05,193.2222222222222
5.461699732871681e-06,193.33333333333331
1.1309054268284584e-06,193.44444444444443
5.9540208632470025e-06,193.55555555555554
5.46920126052694e-06,193.66666666666666
3.376025600605881e-06,193.77777777777777
6.778860864183947e-06,193.88888888888889
7.364921864256865e-06,194.0
1.2641154107524073e-05,194.11111111111111
8.876262674042964e-06,194.2222222222222
1.340186472331938e-05,194.33333333333331
6.73424614431586e-06,194.44444444444443
8.339404330746555e-06,194.55555555555554
1.558604128431895e-05,194.66666666666666
2.4783204484030728e-05,194.77777777777777
9.868751199424179e-06,194.88888888888889
5.580204432801623e-06,195.0
7.419468521725702e-06,195.11111111111111
6.248530935341781e-06,195.2222222222222
9.595870109479078e-06,195.33333333333331
5.93254758213085e-06,195.44444444444443
3.467011027689631e-06,195.55555555555554
9.024942052860804e-06,195.66666666666666
2.8550416236141595e-05,195.77777777777777
9.854453132744884e-06,195.88888888888889
1.6445535343286068e-05,196.0
6.981969172952611e-06,196.11111111111111
1.0341286189471406e-05,196.2222222222222
1.3648072793346738e-05,196.33333333333331
1.1481043928196344e-05,196.44444444444443
1.0344221773176825e-05,196.55555555555554
5.112698719599252e-06,196.66666666666666
1.1240879422167215e-05,196.77777777777777
1.0225161768772141e-05,196.88888888888889
1.120638463058959e-05,197.0
6.131127267344225e-06,197.11111111111111
8.115939812584315e-06,197.2222222222222
1.9997074598627113e-05,197.33333333333331
9.578820888243231e-06,197.44444444444443
7.365049044962736e-06,197.55555555555554
1.8971530642364978e-05,197.66666666666666
1.4970050885091787e-05,197.77777777777777
8.960819605670666e-06,197.88888888888889
1.2027756598601909e-05,198.0
6.1015555960248964e-06,198.11111111111111
1.4623368919181974e-05,198.2222222222222
5.4586647306806855e-06,198.33333333333331
1.3340717369468091e-05,198.44444444444443
1.1299181218628357e-05,198.55555555555554
1.8673363592614315e-05,198.66666666666666
1.1564157308741017e-05,198.77777777777777
1.3000174129021524e-05,198.88888888888889
1.4757478244757174e-05,199.0
2.865181557707421e-06,199.1111111111111
8.100843167392999e-06,199.2222222222222
8.360207944700202e-06,199.33333333333331
8.102112456783914e-06,199.44444444444443
9.310362040308446e-06,199.55555555555554
8.369344101423825e-06,199.66666666666666
9.135645992264333e-06,199.77777777777777
1.7815368389036406e-05,199.88888888888889
2.1197286948837823e-05,200.0
1.348634210440767e-05,200.1111111111111
5.107351893086453e-06,200.2222222222222
7.813805729278486e-06,200.33333333333331
9.185884797495295e-06,200.44444444444443
7.136738645941296e-06,200.55555555555554
1.2386230333076972e-05,200.66666666666666
1.4133738712079224e-05,200.77777777777777
1.2182074234160051e-05,200.88888888888889
1.0976990315453995e-05,201.0
5.818652449945485e-06,201.1111111111111
1.5615965297465765e-05,201.2222222222222
2.620045332842693e-06,201.33333333333331
4.028075755771593e-06,201.44444444444443
5.327909305382423e-06,201.55555555555554
1.0717868275316898e-05,201.66666666666666
9.974899167359806e-06,201.77777777777777
1.5132885325416707e-05,201.88888888888889
2.6620497566924424e-06,202.0
6.823186377139942e-06,202.1111111111111
7.537803371535741e-06,202.2222222222222
1.5871205603284568e-06,202.33333333333331
7.271020148990627e-06,202.44444444444443
1.0690866711691424e-05,202.55555555555554
1.4547975911714552e-05,202.66666666666666
3.961692714417424e-06,202.77777777777777
1.5564427497807392e-05,202.88888888888889
3.5859972464595815e-06,203.0
1.2399286894070474e-05,203.1111111111111
2.0040967549591598e-05,203.2222222222222
1.3785788978119461e-05,203.33333333333331
5.9616523816337145e-06,203.44444444444443
1.0203783304487337e-05,203.55555555555554
1.329637782500299e-06,203.66666666666666
1.810707523487178e-05,203.77777777777777
2.139549007771892e-06,203.88888888888889
5.39799068866985e-06,204.0
1.593759050378607e-05,204.1111111111111
1.8772489897148254e-06,204.2222222222222
1.7821415604634726e-05,204.33333333333331
1.1085987603862307e-05,204.44444444444443
1.153315334809365e-05,204.55555555555554
1.198114969076962e-06,204.66666666666666
5.186510002637392e-06,204.77777777777777
4.175132466286717e-06,204.88888888888889
5.2708092454942784e-06,205.0
7.666376699021474e-06,205.1111111111111
6.19863943942368e-06,205.2222222222222
1.3261761506660901e-05,205.33333333333331
1.0592921964860554e-05,205.44444444444443
5.25682349362515e-06,205.55555555555554
4.102208684813225e-06,205.66666666666666
1.434730389626767e-05,205.77777777777777
2.0608085952286097e-06,205.88888888888889
1.394843131191176e-06,206.0
1.5409220007870586e-05,206.1111111111111
8.303492434756978e-06,206.2222222222222
5.605697830146369e-06,206.33333333333331
1.1462256161749401e-06,206.44444444444443
1.1238852839676572e-05,206.55555555555554
6.385959516654248e-06,206.66666666666666
6.645982295701033e-06,206.77777777777777
1.0398278700357952e-05,206.88888888888889
2.586956528771997e-06,207.0
2.158486415969293e-05,207.1111111111111
1.37749541613095e-05,207.2222222222222
1.1523600528150616e-06,207.33333333333331
1.1174556385390892e-05,207.44444444444443
3.999852717292252e-06,207.55555555555554
1.3487582461142446e-05,207.66666666666666
5.218718497048282e-06,207.77777777777777
7.421719328311065e-06,207.88888888888889
8.38295376051015e-06,208.0
3.4566479272590375e-06,208.1111111111111
1.0475859754591909e-05,208.2222222222222
3.2720097064510226e-06,208.33333333333331
7.573263207472073e-06,208.44444444444443
4.144744684176516e-06,208.55555555555554
1.7994538771847256e-05,208.66666666666666
1.0559661994026462e-05,208.77777777777777
1.0226139227848673e-05,208.88888888888889
1.2317822988566775e-05,209.0
5.341644671304736e-06,209.1111111111111
8.395465404836914e-06,209.2222222222222
6.9524053561070405e-06,209.33333333333331
2.436944962522515e-06,209.44444444444443
7.767895867524782e-06,209.55555555555554
5.832521368869836e-06,209.66666666666666
8.883147304986715e-06,209.77777777777777
6.53505740418579e-06,209.88888888888889
8.782568213194634e-06,210.0
1.65879657922417e-05,210.1111111111111
9.335051002963144e-06,210.2222222222222
1.3777231355271059e-05,210.33333333333331
5.20290514367067e-06,210.44444444444443
1.363247037949017e-05,210.55555555555554
5.010034925993771e-06,210.66666666666666
8.067132889762905e-06,210.77777777777777
7.358290012471743e-06,210.88888888888889
1.148749110469257e-05,211.0
1.0601348530945145e-05,211.1111111111111
1.4464630252927339e-05,211.2222222222222
5.228260700246605e-06,211.33333333333331
9.18818179505888e-06,211.44444444444443
1.3165643698334312e-05,211.55555555555554
1.7931865205695837e-05,211.66666666666666
1.4738918964418593e-05,211.77777777777777
6.151534808550716e-06,211.88888888888889
1.7591115960919972e-05,212.0
8.115569871570002e-06,212.1111111111111
6.0227580883915e-06,212.2222222222222
1.1964600237572105e-05,212.33333333333331
6.422660565797797e-06,212.44444444444443
5.824975129657579e-06,212.55555555555554
1.5351794410578457e-05,212.66666666666666
5.055155434624181e-06,212.77777777777777
5.774969885224624e-06,212.88888888888889
6.721072675831726e-06,213.0
7.530834661075023e-07,213.1111111111111
7.125245269483109e-06,213.2222222222222
3.926051541725354e-06,213.33333333333331
1.2654192201932605e-05,213.44444444444443
9.750665119498516e-06,213.55555555555554
1.0997436388146022e-05,213.66666666666666
1.22739687797337e-05,213.77777777777777
1.7446557407478612e-05,213.88888888888889
7.362071400848365e-06,214.0
7.719640734324062e-06,214.1111111111111
2.013275230359561e-05,214.2222222222222
1.008594852053128e-05,214.33333333333331
2.2910469727019467e-06,214.44444444444443
1.193895186233191e-05,214.55555555555554
1.3616833212275874e-05,214.66666666666666
5.418189789395678e-07,214.77777777777777
1.0233438271341318e-05,214.88888888888889
3.618099870767065e-06,215.0
1.3914330315591713e-05,215.1111111111111
6.687570299631871e-06,215.2222222222222
7.768037618428001e-06,215.33333333333331
1.5938263945625727e-05,215.44444444444443
9.871683694573738e-06,215.55555555555554
6.1121340898689175e-06,215.66666666666666
3.898656318043965e-06,215.77777777777777
1.0406294987798616e-05,215.88888888888889
2.0171365864290724e-05,216.0
8.342378127426218e-06,216.1111111111111
1.5409766770410323e-05,216.2222222222222
6.11671119472581e-06,216.33333333333331
9.152053524729677e-06,216.44444444444443
1.6823349755901312e-05,216.55555555555554
9.941131085675128e-06,216.66666666666666
1.712668215824928e-05,216.77777777777777
1.4314224017605448e-05,216.88888888888889
7.729386346165167e-06,217.0
5.735806606785355e-06,217.1111111111111
3.864966964415876e-06,217.2222222222222
1.4367287463399193e-05,217.33333333333331
1.5201701435417302e-05,217.44444444444443
1.352343175139445e-05,217.55555555555554
1.3410207645318376e-05,217.66666666666666
3.906017855595138e-06,217.77777777777777
1.0251717688444802e-05,217.88888888888889
1.3987565252516833e-05,218.0
1.1929151067638107e-05,218.1111111111111
1.2399783462426245e-05,218.2222222222222
1.4486622291744038e-06,218.33333333333331
3.947155587849225e-06,218.44444444444443
1.0286324059304274e-05,218.55555555555554
3.535876099243978e-06,218.66666666666666
2.9030112469654057e-06,218.77777777777777
5.858210488161381e-06,218.88888888888889
1.1146358527305715e-05,219.0
1.9210818988019808e-05,219.1111111111111
1.3545684227771343e-05,219.2222222222222
1.657032623703976e-05,219.33333333333331
1.4811873751990054e-05,219.44444444444443
1.1742950688983093e-05,219.55555555555554
1.6729315621994813e-05,219.66666666666666
6.599347717022297e-06,219.77777777777777
5.268827204723729e-06,219.88888888888889
4.602242122259392e-06,220.0
6.457716540714579e-06,220.1111111111111
7.6508263771807e-06,220.2222222222222
1.1987299842002446e-05,220.33333333333331
5.006181202935617e-06,220.44444444444443
1.4605172008595574e-05,220.55555555555554
1.3458864800570083e-06,220.66666666666666
7.115681031065381e-06,220.77777777777777
9.777372144448237e-06,220.88888888888889
6.519959505497708e-06,221.0
4.8675790542946695e-06,221.1111111111111
8.861174773065092e-06,221.2222222222222
5.171722486119676e-06,221.33333333333331
1.7937580430449497e-05,221.44444444444443
1.1296479095023236e-05,221.55555555555554
8.209571146301024e-06,221.66666666666666
1.3583384289448968e-05,221.77777777777777
9.620778183852285e-06,221.88888888888889
1.5625133650158805e-05,222.0
1.2627952527314426e-05,222.1111111111111
7.085698929298997e-06,222.2222222222222
6.478176535935471e-06,222.33333333333331
2.618048851690343e-05,222.44444444444443
7.198726479532229e-06,222.55555555555554
2.337550572969345e-05,222.66666666666666
7.177651133126447e-06,222.77777777777777
1.1333286476207417e-05,222.88888888888889
5.340088444001115e-06,223.0
1.2646336054457852e-05,223.1111111111111
1.3565380720749004e-05,223.2222222222222
1.239126255588202e-05,223.33333333333331
1.6137510187418667e-06,223.44444444444443
2.1544922998329608e-06,223.55555555555554
1.0130417661458554e-05,223.66666666666666
1.0549075646302653e-05,223.77777777777777
2.986066341024523e-06,223.88888888888889
5.650906712966168e-06,224.0
7.254421195825987e-06,224.1111111111111
8.12663514505173e-06,224.2222222222222
1.0199662541429575e-05,224.33333333333331
1.2316048436262676e-05,224.44444444444443
1.60708365538486e-05,224.55555555555554
4.638968676787921e-06,224.66666666666666
1.0254623200651707e-05,224.77777777777777
3.976944390667624e-06,224.88888888888889
4.870285736640486e-06,225.0
1.4494363902980808e-05,225.1111111111111
1.336377438583554e-05,225.2222222222222
1.2916326166246868e-05,225.33333333333331
1.0368742639533593e-05,225.44444444444443
1.2830917541773774e-06,225.55555555555554
1.2865797719469733e-05,225.66666666666666
1.8236015364162318e-05,225.77777777777777
1.8092210321901073e-06,225.88888888888889
3.7118223664173634e-06,226.0
1.4410607806933758e-05,226.1111111111111
1.7278289303522615e-05,226.2222222222222
7.148004264888342e-06,226.33333333333331
6.089880461751932e-06,226.44444444444443
1.2575660793953166e-05,226.55555555555554
9.098585445823844e-06,226.66666666666666
1.564296988281084e-05,226.77777777777777
2.1506201944754294e-06,226.88888888888889
1.5260860185270746e-05,227.0
8.658832485623177e-06,227.1111111111111
6.092982583935771e-06,227.2222222222222
3.594951526653837e-06,227.33333333333331
4.235530893537235e-06,227.44444444444443
1.0155832515177625e-05,227.55555555555554
3.048513125849401e-06,227.66666666666666
9.965581398336572e-06,227.77777777777777
7.265383337136102e-06,227.88888888888889
3.5864927623004147e-06,228.0
8.394805762869795e-06,228.1111111111111
7.570049673763702e-06,228.2222222222222
9.224441641455105e-06,228.33333333333331
8.344521167332015e-06,228.44444444444443
7.8220727314876e-06,228.55555555555554
1.1222984398926889e-05,228.66666666666666
9.883263577217266e-06,228.77777777777777
1.4593443645323275e-05,228.88888888888889
4.597082575945328e-06,229.0
1.3366209655902911e-05,229.1111111111111
3.5671435319593607e-06,229.2222222222222
2.5520395433028938e-06,229.33333333333331
4.354522730663294e-06,229.44444444444443
1.2208909977032351e-05,229.55555555555554
2.080959660864576e-05,229.66666666666666
5.245145854938252e-06,229.77777777777777
1.875588427572438e-05,229.88888888888889
8.572177038652735e-06,230.0
1.1386564541977042e-05,230.1111111111111
1.0651843148070568e-05,230.2222222222222
2.071880314416606e-06,230.33333333333331
5.453076041256431e-06,230.44444444444443
4.053300460394088e-06,230.55555555555554
3.684387274866546e-06,230.66666666666666
1.1821362308022438e-05,230.77777777777777
4.479649162734606e-06,230.88888888888889
6.407677978091671e-06,231.0
6.479474313180797e-06,231.1111111111111
1.5086119515548616e-05,231.2222222222222
9.101961855088004e-06,231.33333333333331
1.298236929675003e-05,231.44444444444443
7.385913865491159e-06,231.55555555555554
1.0750073260980777e-05,231.66666666666666
4.966907844440349e-06,231.77777777777777
9.485001175899637e-06,231.88888888888889
3.864891039470915e-06,232.0
7.346877515613276e-06,232.1111111111111
1.3168538934062286e-05,232.2222222222222
2.8886435548061564e-06,232.33333333333331
1.007783205500072e-05,232.44444444444443
1.2986434215562326e-05,232.55555555555554
2.1237970305614516e-05,232.66666666666666
1.3282286810367161e-05,232.77777777777777
5.7430720443422334e-06,232.88888888888889
1.3533498863583972e-05,233.0
9.621184284071479e-06,233.1111111111111
3.1375265558311446e-06,233.2222222222222
1.2661695549085417e-06,233.33333333333331
4.574992340052279e-06,233.44444444444443
1.309143423536215e-05,233.55555555555554
1.2559342648605055e-06,233.66666666666666
2.671593373493794e-06,233.77777777777777
1.7546984753834162e-06,233.88888888888889
7.66976193105142e-06,234.0
4.9408258830113004e-06,234.1111111111111
7.184281358176218e-06,234.2222222222222
5.872055579304603e-06,234.33333333333331
1.230273567652058e-05,234.44444444444443
3.8027500978483598e-06,234.55555555555554
7.065537563557901e-06,234.66666666666666
2.689098347205372e-06,234.77777777777777
6.553026450705026e-06,234.88888888888889
8.018879654807358e-06,235.0
2.262498852724392e-06,235.1111111111111
4.0517717954151454e-06,235.2222222222222
9.675402762666173e-06,235.33333333333331
1.677917509573337e-05,235.44444444444443
1.726323176102454e-05,235.55555555555554
7.027430022908207e-06,235.66666666666666
2.625873946891108e-06,235.77777777777777
1.0381051223107318e-05,235.88888888888889
1.7535592608858138e-05,236.0
1.000658710272605e-06,236.1111111111111
1.419231747658316e-05,236.2222222222222
9.660074163694795e-06,236.33333333333331
9.010913205298422e-06,236.44444444444443
2.771972451650111e-06,236.55555555555554
1.2755436704413577e-05,236.66666666666666
1.5699882940098605e-05,236.77777777777777
6.653095901604694e-06,236.88888888888889
1.5134288620015385e-05,237.0
1.3850673698332373e-05,237.1111111111111
9.41222788532844e-06,237.2222222222222
2.751195093557253e-06,237.33333333333331
6.679837977484562e-06,237.44444444444443
3.2394761064859902e-06,237.55555555555554
7.81422678522964e-06,237.66666666666666
1.1421001011253479e-05,237.77777777777777
1.0747685117199195e-05,237.88888888888889
7.942296891157737e-06,238.0
8.647630067127112e-06,238.1111111111111
1.1335603129575163e-05,238.2222222222222
4.243701508337878e-06,238.33333333333331
1.024128454908684e-05,238.44444444444443
4.356379397842563e-06,238.55555555555554
6.738772806026616e-06,238.66666666666666
8.5341204316517e-06,238.77777777777777
2.133657749730517e-05,238.88888888888889
1.213104609103574e-05,239.0
1.0885184482683248e-05,239.1111111111111
8.811821581357899e-06,239.2222222222222
7.434897585836892e-06,239.33333333333331
2.0952699511140797e-06,239.44444444444443
7.409593426867702e-06,239.55555555555554
1.126206505491557e-05,239.66666666666666
7.069048794321158e-06,239.77777777777777
1.556747934088551e-05,239.88888888888889
3.0818019619683396e-06,240.0
1.3782788572761524e-05,240.1111111111111
1.1524974436232459e-05,240.2222222222222
5.890535625557094e-06,240.33333333333331
9.122869620529094e-06,240.44444444444443
1.8713323703211746e-05,240.55555555555554
4.900953111235416e-06,240.66666666666666
9.105079576000932e-06,240.77777777777777
4.4723394609899985e-06,240.88888888888889
1.0388747442909628e-06,241.0
3.494436931117989e-06,241.1111111111111
4.420217161285555e-06,241.2222222222222
5.892774325377048e-06,241.33333333333331
2.7857791571387205e-06,241.44444444444443
3.931196953547855e-06,241.55555555555554
4.363287027973806e-06,241.66666666666666
8.819347919451466e-06,241.77777777777777
9.264531186374136e-06,241.88888888888889
4.945861021690765e-06,242.0
7.256346235887839e-06,242.1111111111111
5.401951961044561e-06,242.2222222222222
8.289925835094038e-06,242.33333333333331
9.9228332344222e-06,242.44444444444443
8.239830915360136e-06,242.55555555555554
8.095980656389667e-06,242.66666666666666
1.896502372944656e-05,242.77777777777777
1.1178925965315138e-05,242.88888888888889
5.1465996435384305e-06,243.0
9.86716519629478e-06,243.1111111111111
1.3129676386755001e-05,243.2222222222222
3.7434156745825337e-06,243.33333333333331
5.727203420673624e-06,243.44444444444443
1.0961963266098902e-05,243.55555555555554
1.6831590244920596e-05,243.66666666666666
2.1397700112565714e-06,243.77777777777777
1.1235136437382276e-05,243.88888888888889
1.1419416564664567e-05,244.0
4.727184820918311e-06,244.1111111111111
8.593266523353133e-07,244.2222222222222
1.6919036776447917e-05,244.33333333333331
1.0886063887293598e-05,244.44444444444443
1.1346933964346199e-05,244.55555555555554
7.523755453386665e-06,244.66666666666666
4.006601971120461e-06,244.77777777777777
5.388377832062525e-06,244.88888888888889
3.3303315904936785e-06,245.0
1.1381244105166095e-05,245.1111111111111
1.3672044276987124e-05,245.2222222222222
7.0757333598091065e-06,245.33333333333331
1.6979403837060314e-05,245.44444444444443
1.6598898260103844e-05,245.55555555555554
2.110611088500083e-06,245.66666666666666
1.1189301022349046e-05,245.77777777777777
9.691230980554896e-06,245.88888888888889
1.0643295063778393e-05,246.0
1.3119636528150827e-05,246.1111111111111
1.706223078317589e-05,246.2222222222222
1.2556926132592208e-05,246.33333333333331
1.5949594580454614e-05,246.44444444444443
1.3613765224897713e-05,246.55555555555554
5.019518883501702e-06,246.66666666666666
1.422996548181028e-05,246.77777777777777
5.176185120138182e-06,246.88888888888889
4.396832106324543e-06,247.0
3.7596779958127224e-07,247.1111111111111
4.906214973056865e-06,247.2222222222222
1.075460331818751e-05,247.33333333333331
5.267040014642924e-06,247.44444444444443
1.2118875394689884e-05,247.55555555555554
7.136981557184354e-06,247.66666666666666
8.535271258947232e-06,247.77777777777777
8.981766716100459e-06,247.88888888888889
7.2635345094709754e-06,248.0
1.710968991262895e-05,248.1111111111111
2.421547919335785e-06,248.2222222222222
1.1622646584009055e-05,248.33333333333331
8.618609169014239e-06,248.44444444444443
1.2777267178510573e-05,248.55555555555554
2.7724744035035574e-06,248.66666666666666
1.3719725310384077e-05,248.77777777777777
4.119320184261435e-06,248.88888888888889
7.834165172075305e-06,249.0
1.1749440588966624e-05,249.1111111111111
1.0415115065011885e-05,249.2222222222222
2.049005574043616e-06,249.33333333333331
7.677915354460441e-06,249.44444444444443
3.1536717459730192e-06,249.55555555555554
8.976467122105833e-07,249.66666666666666
1.4900516110739915e-05,249.77777777777777
7.661455499367362e-06,249.88888888888889
9.07853254029071e-06,250.0
1.0833061860071156e-05,250.1111111111111
7.861358875358633e-06,250.2222222222222
8.941130219590432e-06,250.33333333333331
9.590763722218496e-06,250.44444444444443
5.889776232106225e-06,250.55555555555554
7.325560589475822e-06,250.66666666666666
5.81229018828435e-06,250.77777777777777
2.2696255666374957e-06,250.88888888888889
1.804552556647346e-05,251.0
9.530717463893875e-06,251.1111111111111
2.166449383129889e-05,251.2222222222222
7.37562584678703e-06,251.33333333333331
1.2984885702796237e-05,251.44444444444443
8.024736754447487e-06,251.55555555555554
1.2770228436727387e-05,251.66666666666666
1.0119524987429306e-05,251.77777777777777
5.5887092825952295e-06,251.88888888888889
1.4976351323289237e-05,252.0
9.903412064870625e-06,252.1111111111111
1.4408138662155725e-05,252.2222222222222
1.0673490936354179e-05,252.33333333333331
8.38612714077075e-06,252.44444444444443
7.52622424910312e-06,252.55555555555554
8.401689710228576e-06,252.66666666666666
6.0445916572854215e-06,252.77777777777777
5.314749701983888e-06,252.88888888888889
1.1313932475585062e-05,253.0
1.3613197701276694e-05,253.1111111111111
9.58570611043958e-06,253.2222222222222
7.398630765867171e-06,253.33333333333331
7.505067774027763e-06,253.44444444444443
7.660582082584111e-06,253.55555555555554
1.5777351738809518e-05,253.66666666666666
2.0894455849349215e-05,253.77777777777777
1.2462939384648613e-06,253.88888888888889
8.463774790748056e-06,254.0
1.3593936531666166e-05,254.1111111111111
8.476028021443257e-06,254.2222222222222
5.837771994415048e-06,254.33333333333331
1.0286384544119457e-05,254.44444444444443
4.971300452836857e-06,254.55555555555554
5.225384112851459e-06,254.66666666666666
2.0302923668655728e-05,254.77777777777777
2.1423445157670882e-05,254.88888888888889
3.874886280305147e-06,255.0
1.4474768921417005e-05,255.1111111111111
5.801684514357942e-06,255.2222222222222
6.154510140540312e-06,255.33333333333331
3.1067102461343004e-06,255.44444444444443
9.909680383265278e-06,255.55555555555554
1.6777053736224585e-05,255.66666666666666
6.355473842469712e-06,255.77777777777777
2.4225735882183164e-05,255.88888888888889
6.240299081964248e-06,256.0
5.000282446694617e-06,256.1111111111111
1.1071739910051427e-05,256.22222222222223
1.9056630643563902e-05,256.3333333333333
2.7992543508412988e-06,256.44444444444446
1.628423150665895e-05,256.55555555555554
1.2893270149630766e-05,256.66666666666663
6.7350663761741586e-06,256.77777777777777
9.609527173402856e-06,256.88888888888886
9.994000503399923e-06,257.0
1.1934031584472628e-05,257.1111111111111
2.197293816052768e-05,257.22222222222223
8.907809734716356e-06,257.3333333333333
7.428504664252654e-06,257.44444444444446
1.6687738695796587e-06,257.55555555555554
4.611386136768841e-06,257.66666666666663
1.4618055433118095e-05,257.77777777777777
5.508433009304634e-06,257.88888888888886
9.078920301312879e-06,258.0
1.5395999971995488e-05,258.1111111111111
1.1264754238216844e-05,258.22222222222223
5.641865466248752e-06,258.3333333333333
4.807705121539045e-06,258.44444444444446
6.072781308531146e-06,258.55555555555554
1.0020202907160677e-05,258.66666666666663
1.1148614602701085e-05,258.77777777777777
1.8693387037851006e-05,258.88888888888886
1.7189455726449994e-06,259.0
1.373050839837011e-05,259.1111111111111
6.6325248690704544e-06,259.22222222222223
8.686776551573577e-06,259.3333333333333
9.045288899951351e-06,259.44444444444446
7.234705807133864e-06,259.55555555555554
1.0928718393233435e-05,259.66666666666663
3.6372039243187185e-06,259.77777777777777
1.3753408473804658e-05,259.88888888888886
1.013158651072295e-06,260.0
1.8316387158323006e-06,260.1111111111111
8.229520766995003e-06,260.22222222222223
5.6534449643906e-06,260.3333333333333
8.354533942412885e-06,260.44444444444446
9.032409827381468e-06,260.55555555555554
1.5694195509083128e-05,260.66666666666663
5.105035683323749e-06,260.77777777777777
9.884236286951264e-06,260.88888888888886
1.2720368892032777e-05,261.0
9.024303092247744e-06,261.1111111111111
8.26919725535921e-06,261.22222222222223
7.311308550717725e-06,261.3333333333333
4.4382080645585765e-06,261.44444444444446
4.284098199374453e-06,261.55555555555554
8.334309511424206e-06,261.66666666666663
1.8337034991162176e-06,261.77777777777777
9.514418755080388e-06,261.88888888888886
7.1914103166479785e-06,262.0
5.461321332588576e-06,262.1111111111111
7.968589204757008e-06,262.22222222222223
1.4739217263668123e-06,262.3333333333333
7.303397028612383e-06,262.44444444444446
2.014002923450546e-06,262.55555555555554
3.4590977741303307e-06,262.66666666666663
3.190063565734086e-06,262.77777777777777
1.2269866706472583e-05,262.88888888888886
1.5003827943559935e-05,263.0
1.5286488816043228e-05,263.1111111111111
6.941241994699342e-06,263.22222222222223
5.876662572253848e-06,263.3333333333333
1.544038776757007e-06,263.44444444444446
1.5700252058518923e-05,263.55555555555554
1.06330651586382e-05,263.66666666666663
1.2434455595767086e-05,263.77777777777777
9.585837440081585e-06,263.88888888888886
1.4544189503129938e-05,264.0
1.6053007605899235e-05,264.1111111111111
2.0097181922909535e-05,264.22222222222223
2.229137011948386e-05,264.3333333333333
8.976998236735407e-06,264.44444444444446
1.6679980505366336e-05,264.55555555555554
2.895886831630746e-06,264.66666666666663
1.3392469466927262e-05,264.77777777777777
2.4146943339653707e-06,264.88888888888886
4.627294644636504e-06,265.0
1.2591524558708596e-05,265.1111111111111
1.0045573484980495e-05,265.22222222222223
8.980043220780867e-06,265.3333333333333
5.437007782037332e-06,265.44444444444446
9.129691078233176e-06,265.55555555555554
8.305359688103805e-07,265.66666666666663
8.919004896047298e-06,265.77777777777777
2.3125335880515586e-05,265.88888888888886
9.076752934634143e-06,266.0
2.041772235550974e-06,266.1111111111111
1.1363981219825444e-05,266.22222222222223
7.354911536893338e-06,266.3333333333333
7.354043157776931e-07,266.44444444444446
7.729950495927322e-06,266.55555555555554
3.641923807699418e-06,266.66666666666663
4.754593531137046e-06,266.77777777777777
7.936502299358806e-06,266.88888888888886
1.2054894826620902e-05,267.0
5.74466330036883e-06,267.1111111111111
7.746315839969709e-06,267.22222222222223
1.4720975846623749e-05,267.3333333333333
1.3373294041502578e-05,267.44444444444446
1.046356668085761e-05,267.55555555555554
4.055227444027587e-06,267.66666666666663
8.36846831246309e-06,267.77777777777777
2.0705112902233816e-06,267.88888888888886
7.716992632427954e-06,268.0
9.28548218586824e-06,268.1111111111111
1.0854609589510009e-05,268.22222222222223
9.63116725040866e-06,268.3333333333333
9.449100917825477e-06,268.44444444444446
1.4766577237858904e-05,268.55555555555554
1.2151316451295982e-05,268.66666666666663
9.89739536160624e-06,268.77777777777777
1.4170623251066114e-05,268.88888888888886
1.5381215261882004e-06,269.0
4.6263607730830035e-06,269.1111111111111
1.9915192789129538e-05,269.22222222222223
1.0463404827586968e-05,269.3333333333333
1.9465721102104472e-05,269.44444444444446
7.586062146400019e-06,269.55555555555554
7.468868579803285e-06,269.66666666666663
7.233780429389013e-06,269.77777777777777
6.799777052621431e-06,269.88888888888886
8.555561983702206e-07,270.0
5.7125456541785695e-06,270.1111111111111
3.885535225374824e-06,270.22222222222223
9.167146037253271e-06,270.3333333333333
7.0100366067705025e-06,270.44444444444446
1.2400694646513504e-05,270.55555555555554
8.185296877808629e-06,270.66666666666663
3.133586202022912e-06,270.77777777777777
1.407442533525697e-05,270.88888888888886
1.2779866526997123e-05,271.0
4.236479863127618e-06,271.1111111111111
1.4767304360518177e-05,271.22222222222223
1.1315993165957001e-05,271.3333333333333
8.85396670878474e-06,271.44444444444446
1.022118696773224e-05,271.55555555555554
1.7781535287516686e-05,271.66666666666663
8.101218857710255e-06,271.77777777777777
7.4071705313441765e-06,271.88888888888886
1.1946966204334803e-06,272.0
7.139395963944477e-06,272.1111111111111
1.5208231852493895e-05,272.22222222222223
1.1835768607839934e-05,272.3333333333333
3.786283719241799e-06,272.44444444444446
1.517705920071949e-05,272.55555555555554
6.8638548685661854e-06,272.66666666666663
7.375417148025995e-06,272.77777777777777
7.642716559500631e-06,272.88888888888886
3.048771958328237e-06,273.0
6.522334008164861e-06,273.1111111111111
7.586501026483551e-06,273.22222222222223
1.7992586355150445e-05,273.3333333333333
1.1974678121257153e-05,273.44444444444446
5.994867540831135e-06,273.55555555555554
5.872340087683147e-06,273.66666666666663
9.86829833303796e-06,273.77777777777777
1.8443692831255582e-05,273.88888888888886
2.223802169940115e-05,274.0
1.2387478614103121e-05,274.1111111111111
2.246460404422704e-06,274.22222222222223
1.6330227836312226e-05,274.3333333333333
3.932876704836904e-06,274.44444444444446
6.9598375375602225e-06,274.55555555555554
3.3206192142568586e-06,274.66666666666663
9.262621555239505e-06,274.77777777777777
5.602591916940733e-06,274.88888888888886
4.467076471560121e-06,275.0
9.914571159620823e-06,275.1111111111111
1.0168660020029716e-05,275.22222222222223
6.555550841704568e-06,275.3333333333333
5.496656661816254e-06,275.44444444444446
6.416319104145917e-06,275.55555555555554
3.982385822796354e-06,275.66666666666663
1.1462021079909482e-05,275.77777777777777
8.2575645802481e-06,275.88888888888886
1.619776946434991e-05,276.0
5.11763611314726e-06,276.1111111111111
1.3669276982701192e-05,276.22222222222223
4.618598543056189e-06,276.3333333333333
6.571738583406035e-06,276.44444444444446
1.322623109788927e-05,276.55555555555554
2.463159733439176e-05,276.66666666666663
2.240344090327679e-05,276.77777777777777
6.750744259164299e-06,276.88888888888886
1.773199771716613e-05,277.0
7.808303559532229e-06,277.1111111111111
1.3607246505929127e-05,277.22222222222223
9.148891124131859e-06,277.3333333333333
9.226712586258585e-06,277.44444444444446
5.7345028205255e-06,277.55555555555554
1.0827228746821465e-05,277.66666666666663
1.6996004690122982e-06,277.77777777777777
2.5433269789486516e-06,277.88888888888886
4.878292636418156e-06,278.0
1.2441400071809121e-05,278.1111111111111
8.445187033886513e-06,278.22222222222223
6.8933464732569306e-06,278.3333333333333
5.484449582394868e-07,278.44444444444446
6.45225164035597e-06,278.55555555555554
1.922472006432665e-06,278.66666666666663
9.209297958263073e-06,278.77777777777777
5.4005938522481075e-06,278.88888888888886
3.5134771742167586e-06,279.0
1.1237742547102504e-06,279.1111111111111
8.939360558304747e-06,279.22222222222223
2.0097139423183144e-05,279.3333333333333
4.403463866874999e-06,279.44444444444446
1.0744033462723263e-05,279.55555555555554
9.872328060218976e-06,279.66666666666663
4.860430633040059e-06,279.77777777777777
2.0830175880348622e-06,279.88888888888886
8.630020923574964e-06,280.0
7.223162937752526e-06,280.1111111111111
9.956833112040217e-06,280.22222222222223
1.2147644910786302e-05,280.3333333333333
6.833750713474197e-06,280.44444444444446
4.473746207100029e-06,280.55555555555554
7.418181915248766e-06,280.66666666666663
2.1983522281240733e-05,280.77777777777777
1.596628323239215e-05,280.88888888888886
1.0645794397387219e-05,281.0
7.134997357547901e-06,281.1111111111111
8.840898916979317e-06,281.22222222222223
1.550516664195981e-05,281.3333333333333
1.3344650353720506e-05,281.44444444444446
1.111972787539846e-05,281.55555555555554
1.1363079679626927e-05,281.66666666666663
9.648401414242193e-06,281.77777777777777
5.9544970208057826e-06,281.88888888888886
4.04916274697646e-06,282.0
1.289883305150664e-05,282.1111111111111
1.3599627876977517e-05,282.22222222222223
2.427379937090314e-06,282.3333333333333
1.4121349910181629e-05,282.44444444444446
1.1374885549890985e-06,282.55555555555554
6.4870758061863945e-06,282.66666666666663
1.553405973657344e-05,282.77777777777777
1.0074747475527482e-05,282.88888888888886
8.471241373757826e-06,283.0
1.7739417203653583e-05,283.1111111111111
1.0119645846894763e-05,283.22222222222223
6.431770966293828e-06,283.3333333333333
1.2274509723025317e-05,283.44444444444446
1.1133680932724833e-05,283.55555555555554
1.2563345743302193e-05,283.66666666666663
4.390861058986414e-06,283.77777777777777
7.456720518243155e-06,283.88888888888886
5.464387254153863e-06,284.0
9.784910370472876e-06,284.1111111111111
8.454913911201934e-06,284.22222222222223
1.3253703823661665e-05,284.3333333333333
6.288887831619821e-06,284.44444444444446
8.08072578329443e-06,284.55555555555554
5.853528816263665e-06,284.66666666666663
7.871247178987268e-06,284.77777777777777
6.970959663743585e-06,284.88888888888886
5.591368088227075e-06,285.0
1.96867622133562e-06,285.1111111111111
1.5608927689609044e-05,285.22222222222223
5.188766015339343e-06,285.3333333333333
7.115966513047128e-06,285.4444444444444
1.3427155175137858e-05,285.55555555555554
9.060699379273339e-06,285.66666666666663
1.1930218607401891e-05,285.77777777777777
9.47848491247028e-06,285.88888888888886
8.692142773202538e-06,286.0
1.117054648979406e-05,286.1111111111111
1.4379929905393736e-05,286.22222222222223
8.982734876787833e-06,286.3333333333333
8.76727359909937e-06,286.4444444444444
1.1207276804251036e-05,286.55555555555554
1.2693876453000845e-05,286.66666666666663
6.965474673772401e-06,286.77777777777777
1.0133809555835077e-05,286.88888888888886
5.068599739156668e-06,287.0
1.3632112601847874e-05,287.1111111111111
3.756125538951051e-06,287.22222222222223
5.446390141598747e-06,287.3333333333333
8.954608341525237e-06,287.4444444444444
1.128533256961687e-05,287.55555555555554
4.740457636503331e-06,287.66666666666663
4.2980092664307846e-06,287.77777777777777
3.3855520447906103e-06,287.88888888888886
1.5083595699552977e-05,288.0
2.702228211227506e-06,288.1111111111111
8.312917419765522e-06,288.22222222222223
1.2826109633874247e-05,288.3333333333333
4.6834445055195055e-06,288.4444444444444
7.724877203247534e-06,288.55555555555554
4.1333593256076985e-06,288.66666666666663
1.5918014623287653e-05,288.77777777777777
2.53732423487228e-06,288.88888888888886
3.171293695291754e-06,289.0
7.141043003569948e-06,289.1111111111111
9.958490044679564e-06,289.22222222222223
7.002481216959738e-06,289.3333333333333
7.066092264541888e-06,289.4444444444444
1.3495763487487067e-05,289.55555555555554
3.8370507295721246e-06,289.66666666666663
1.125276784937025e-05,289.77777777777777
4.7870807787920264e-06,289.88888888888886
9.60242265549464e-06,290.0
4.625161742579621e-06,290.1111111111111
3.2279221816096494e-06,290.22222222222223
5.400340915515308e-06,290.3333333333333
1.1544515645605928e-05,290.4444444444444
7.02112215319181e-06,290.55555555555554
8.486098759031394e-06,290.66666666666663
1.2328169434706487e-05,290.77777777777777
1.2955197497029607e-05,290.88888888888886
9.553809406233491e-06,291.0
1.6191835964678138e-05,291.1111111111111
1.561003461312888e-05,291.22222222222223
4.0772450594567115e-06,291.3333333333333
7.168111520528484e-06,291.4444444444444
4.04237570017233e-06,291.55555555555554
5.97368134827455e-06,291.66666666666663
1.1303126999051265e-05,291.77777777777777
3.475449793821826e-06,291.88888888888886
5.719345635762864e-06,292.0
5.7144243223063504e-06,292.1111111111111
1.668372155047255e-05,292.22222222222223
1.4686877188916208e-05,292.3333333333333
1.7616401055886006e-05,292.4444444444444
5.122398407016963e-06,292.55555555555554
9.604572407439649e-06,292.66666666666663
1.2010825754006834e-05,292.77777777777777
9.162882477469917e-06,292.88888888888886
6.278125913075129e-07,293.0
6.2378071943095756e-06,293.1111111111111
4.9377593885376694e-06,293.22222222222223
6.083099709368964e-06,293.3333333333333
1.0054918285197384e-05,293.4444444444444
1.1505265456929198e-05,293.55555555555554
3.825287699833037e-06,293.66666666666663
1.4751671898037289e-05,293.77777777777777
1.4083525250895811e-05,293.88888888888886
1.0993024238376832e-05,294.0
1.722536649591356e-05,294.1111111111111
1.0088385294064834e-05,294.22222222222223
5.2890899497367185e-06,294.3333333333333
9.343174118505975e-06,294.4444444444444
9.658556761168705e-06,294.55555555555554
9.47997640618404e-06,294.66666666666663
1.885295616579496e-05,294.77777777777777
6.499664320128767e-06,294.88888888888886
2.0909718340858973e-05,295.0
1.4092721558172898e-05,295.1111111111111
3.0525370314151408e-06,295.22222222222223
3.597266457913825e-06,295.3333333333333
5.7425886679453095e-06,295.4444444444444
9.02383040396242e-06,295.55555555555554
3.6892994946688456e-06,295.66666666666663
8.788231589289657e-06,295.77777777777777
1.3750518664657586e-05,295.88888888888886
1.2724112957232955e-05,296.0
7.336696149705382e-06,296.1111111111111
1.887589426108706e-05,296.22222222222223
9.947846457310041e-06,296.3333333333333
1.4421730453331297e-06,296.4444444444444
4.428823042890426e-06,296.55555555555554
1.8945439075477032e-05,296.66666666666663
5.4751629749825305e-06,296.77777777777777
5.861398862772975e-06,296.88888888888886
1.1186933741558976e-05,297.0
6.842862033214834e-06,297.1111111111111
7.506075889487949e-06,297.22222222222223
5.25690489353354e-06,297.3333333333333
4.5606613268134565e-06,297.4444444444444
9.21912531204857e-06,297.55555555555554
1.8033609583932497e-05,297.66666666666663
8.633411041785764e-06,297.77777777777777
9.094724399543236e-06,297.88888888888886
3.476596119451762e-06,298.0
1.520613959708683e-05,298.1111111111111
2.6441537451402772e-05,298.22222222222223
1.2531491274268734e-05,298.3333333333333
7.465016650201061e-06,298.4444444444444
1.5593244978828355e-05,298.55555555555554
3.1034285598027066e-06,298.66666666666663
1.1606594576282198e-05,298.77777777777777
1.5836400308276895e-05,298.88888888888886
3.2131032765685258e-06,299.0
2.230325794805333e-05,299.1111111111111
8.82513369891603e-06,299.22222222222223
8.038784647005484e-06,299.3333333333333
1.016493386705228e-05,299.4444444444444
7.19682278214576e-06,299.55555555555554
4.45785345178642e-06,299.66666666666663
1.2251556024134953e-05,299.77777777777777
3.1050875059170716e-06,299.88888888888886
3.791711871331363e-06,300.0
8.020829503299422e-06,300.1111111111111
1.4583940807883415e-05,300.22222222222223
1.1251930388548286e-06,300.3333333333333
1.476503707339899e-05,300.4444444444444
1.6231730839344573e-05,300.55555555555554
1.2007516341675363e-05,300.66666666666663
7.712949094245373e-06,300.77777777777777
1.2134037310697937e-05,300.88888888888886
2.1290187413801473e-05,301.0
8.324497463524623e-06,301.1111111111111
1.2180876597363996e-05,301.22222222222223
1.6082990466137272e-05,301.3333333333333
1.3828784447709507e-05,301.4444444444444
1.1164946397604971e-05,301.55555555555554
6.816018606137726e-06,301.66666666666663
2.62015910790637e-05,301.77777777777777
1.3601615517407506e-05,301.88888888888886
1.7350859760317996e-06,302.0
1.0319172948343068e-05,302.1111111111111
1.2882231147696447e-05,302.22222222222223
1.3229981558753524e-05,302.3333333333333
4.965191716480833e-06,302.4444444444444
1.0299861508690013e-05,302.55555555555554
1.6918681707125455e-05,302.66666666666663
6.1477589653828936e-06,302.77777777777777
1.5332475673449866e-05,302.88888888888886
7.396451819131604e-06,303.0
3.6034209183580996e-06,303.1111111111111
6.692564159385175e-06,303.22222222222223
1.137956112965565e-05,303.3333333333333
7.457620055083297e-06,303.4444444444444
1.9370169752931478e-05,303.55555555555554
1.2280027144788352e-06,303.66666666666663
1.2185034027692257e-05,303.77777777777777
2.2588194816979163e-05,303.88888888888886
2.77104061798563e-06,304.0
1.5322551939100967e-05,304.1111111111111
1.3528678429659907e-05,304.22222222222223
9.436575918618122e-07,304.3333333333333
1.6279620770543003e-05,304.4444444444444
9.360769034234982e-06,304.55555555555554
2.0205970215649402e-05,304.66666666666663
9.120426773034332e-06,304.77777777777777
5.563884053633869e-06,304.88888888888886
1.0104903667992554e-05,305.0
8.475906516620983e-06,305.1111111111111
7.996856467355124e-06,305.22222222222223
1.5257497963876202e-05,305.3333333333333
9.650707143623911e-06,305.4444444444444
7.172736352525962e-06,305.55555555555554
2.1876075613070857e-06,305.66666666666663
1.810830598822452e-05,305.77777777777777
7.3437440043329615e-06,305.88888888888886
6.865917441797385e-06,306.0
1.0289180749659683e-05,306.1111111111111
5.359832140947318e-06,306.22222222222223
1.1105380234485914e-05,306.3333333333333
4.9621931342556595e-06,306.4444444444444
1.836779230853972e-05,306.55555555555554
5.679698137685969e-06,306.66666666666663
4.870778385363117e-06,306.77777777777777
1.9336841466757726e-05,306.88888888888886
1.9101703830815412e-05,307.0
7.4005177089571235e-06,307.1111111111111
8.758915931475167e-06,307.22222222222223
7.51776327724549e-06,307.3333333333333
1.5677957725681387e-05,307.4444444444444
1.063833179526025e-05,307.55555555555554
8.07305945706247e-06,307.66666666666663
1.293216717376856e-05,307.77777777777777
6.479717400723469e-06,307.88888888888886
1.599250318702024e-05,308.0
1.0972862576623412e-05,308.1111111111111
2.989330415391071e-06,308.22222222222223
7.472653838870194e-06,308.3333333333333
6.504966847631065e-06,308.4444444444444
8.065805076588626e-06,308.55555555555554
1.3430081110650142e-05,308.66666666666663
1.7196522937916117e-05,308.77777777777777
2.0441168627955024e-05,308.88888888888886
5.729173573530324e-06,309.0
1.4743688275533133e-05,309.1111111111111
7.860792548758418e-07,309.22222222222223
7.863746604865856e-06,309.3333333333333
1.3276399691485507e-05,309.4444444444444
3.902466710798056e-06,309.55555555555554
2.2241518398608516e-06,309.66666666666663
9.65788215567785e-06,309.77777777777777
7.144813202694446e-06,309.88888888888886
6.383115426642508e-06,310.0
1.3060376804764767e-05,310.1111111111111
1.1083209710952164e-06,310.22222222222223
1.4698538776249566e-05,310.3333333333333
1.0324255047206092e-05,310.4444444444444
3.8870031527095695e-06,310.55555555555554
1.2475866090689504e-05,310.66666666666663
7.288353256217807e-06,310.77777777777777
7.539249812912076e-06,310.88888888888886
1.59266397612615e-05,311.0
8.962998396700527e-06,311.1111111111111
4.696028261645871e-06,311.22222222222223
1.3133813370213451e-05,311.3333333333333
1.3134320543784629e-05,311.4444444444444
1.0707102641217788e-05,311.55555555555554
4.6542561706828615e-06,311.66666666666663
3.310976599254677e-06,311.77777777777777
7.4313354364981635e-06,311.88888888888886
9.025128986262388e-06,312.0
8.710934967315869e-06,312.1111111111111
1.0772775600337679e-05,312.22222222222223
9.432359062095949e-06,312.3333333333333
1.0392738410880552e-05,312.4444444444444
1.716716725519553e-05,312.55555555555554
9.133231892530166e-06,312.66666666666663
8.568491882132762e-06,312.77777777777777
2.1468114063847334e-06,312.88888888888886
3.6031757089136233e-06,313.0
1.1092964359498237e-05,313.1111111111111
1.1681233398432732e-05,313.22222222222223
9.25934728848625e-06,313.3333333333333
9.829450102026177e-06,313.4444444444444
3.0563932758398496e-06,313.55555555555554
2.6659110732699377e-05,313.66666666666663
6.90464348436338e-06,313.77777777777777
3.5322717070051504e-06,313.88888888888886
1.1494900350514288e-05,314.0
1.1140398033321492e-05,314.1111111111111
1.9240995120547358e-05,314.22222222222223
1.0330494368612454e-05,314.3333333333333
4.942748305523946e-06,314.4444444444444
7.918177643970702e-06,314.55555555555554
7.227009425060562e-06,314.66666666666663
6.309541560148297e-07,314.77777777777777
1.8277184642010887e-05,314.88888888888886
1.0132458775069835e-05,315.0
4.38638311657503e-06,315.1111111111111
3.1265228872191153e-06,315.22222222222223
3.289720837045343e-06,315.3333333333333
1.4324144224940303e-05,315.4444444444444
3.7953784817890437e-06,315.55555555555554
5.165965122560471e-06,315.66666666666663
1.160213412699546e-06,315.77777777777777
9.737411894777488e-06,315.88888888888886
1.2981397497682275e-05,316.0
2.2091546774682787e-05,316.1111111111111
9.865887525292689e-06,316.22222222222223
1.1296298609339055e-05,316.3333333333333
7.039319630768315e-06,316.4444444444444
2.2462728912620445e-06,316.55555555555554
1.1984851864930395e-05,316.66666666666663
6.525729863971997e-06,316.77777777777777
2.200774286440124e-05,316.88888888888886
6.9441272115751e-06,317.0
4.3926206437459875e-06,317.1111111111111
1.2695883314182777e-05,317.22222222222223
9.849320330633086e-06,317.3333333333333
8.583103971003193e-06,317.4444444444444
2.195903793135554e-06,317.55555555555554
1.410990628648548e-05,317.66666666666663
4.376161206632884e-06,317.77777777777777
7.4706315933237545e-06,317.88888888888886
1.25917160406621e-05,318.0
7.974723557860015e-06,318.1111111111111
7.095594317807106e-06,318.22222222222223
4.477328697408035e-06,318.3333333333333
2.4054048439245393e-05,318.4444444444444
1.202128929286894e-05,318.55555555555554
1.630395931787252e-05,318.66666666666663
8.416004924193906e-06,318.77777777777777
8.882322380714533e-06,318.88888888888886
1.0892907267968434e-05,319.0
9.53142484069098e-06,319.1111111111111
4.6663365761411456e-06,319.22222222222223
5.69726996854609e-06,319.3333333333333
1.6040373554573876e-05,319.4444444444444
4.2088120722505075e-06,319.55555555555554
1.649731397348215e-05,319.66666666666663
1.64828162685876e-05,319.77777777777777
1.494605124913989e-05,319.88888888888886
8.00204334547397e-06,320.0
4.234474203071359e-06,320.1111111111111
1.3968961367393156e-05,320.22222222222223
2.7509974367438476e-05,320.3333333333333
1.1550623459927676e-06,320.4444444444444
1.0772413999699717e-05,320.55555555555554
7.551475188035847e-06,320.66666666666663
1.5346336668309067e-05,320.77777777777777
1.0393188307055887e-05,320.88888888888886
1.0095100505747773e-05,321.0
1.2139875604384542e-05,321.1111111111111
1.6748332287754562e-05,321.22222222222223
4.632845041990168e-06,321.3333333333333
1.2469502439194823e-05,321.4444444444444
2.1910824586357127e-05,321.55555555555554
2.0789991574627217e-05,321.66666666666663
1.2075024866802035e-05,321.77777777777777
4.476425344470352e-06,321.88888888888886
8.05886129218401e-06,322.0
9.277791952323677e-06,322.1111111111111
2.607741650987847e-05,322.22222222222223
9.08605700853437e-06,322.3333333333333
9.078247971782516e-06,322.4444444444444
1.1407613365277335e-05,322.55555555555554
8.228314757768133e-06,322.66666666666663
4.377630323609942e-06,322.77777777777777
2.373859013729395e-06,322.88888888888886
7.680374478605454e-06,323.0
7.07429081507367e-06,323.1111111111111
1.941690731822769e-05,323.22222222222223
1.0182200959348817e-05,323.3333333333333
6.410851387938851e-06,323.4444444444444
1.0575783600896469e-05,323.55555555555554
3.593580700868843e-06,323.66666666666663
1.1125765875044117e-05,323.77777777777777
1.3975825767060432e-05,323.88888888888886
2.3736251619001492e-06,324.0
1.4112237598359874e-05,324.1111111111111
8.463529838819886e-06,324.22222222222223
1.3011969605891578e-05,324.3333333333333
8.487402869621632e-06,324.4444444444444
8.29890448321712e-06,324.55555555555554
8.7626103166796e-06,324.66666666666663
1.4236078307569653e-05,324.77777777777777
9.749870152363947e-06,324.88888888888886
7.850324256952566e-06,325.0
8.953624286923945e-06,325.1111111111111
1.6161384544670503e-05,325.22222222222223
1.3649948679416395e-05,325.3333333333333
9.6060146126326e-06,325.4444444444444
7.185219528094707e-06,325.55555555555554
3.022797865107156e-06,325.66666666666663
8.366556032717427e-06,325.77777777777777
1.3782144027894288e-05,325.88888888888886
6.0767819636705146e-06,326.0
1.702231745942675e-05,326.1111111111111
1.392908537681125e-05,326.22222222222223
1.4979766467176894e-05,326.3333333333333
6.43617397218904e-06,326.4444444444444
1.1681365511867552e-05,326.55555555555554
1.1871207595958094e-05,326.66666666666663
8.088193491666882e-06,326.77777777777777
4.339518679872492e-06,326.88888888888886
1.9675954056867295e-05,327.0
3.882974327539234e-06,327.1111111111111
8.47925992511165e-06,327.22222222222223
2.925952816171327e-06,327.3333333333333
3.306771739792626e-06,327.4444444444444
8.554466442805653e-06,327.55555555555554
1.932314087674857e-05,327.66666666666663
9.620360034565122e-06,327.77777777777777
5.2572018469707e-06,327.88888888888886
1.6243719377290135e-05,328.0
1.5605833895410227e-05,328.1111111111111
2.4980479185019623e-06,328.22222222222223
1.1897375710224653e-05,328.3333333333333
1.2379255358290848e-05,328.4444444444444
1.60998813644216e-05,328.55555555555554
5.135864640878618e-06,328.66666666666663
1.1183558343468607e-05,328.77777777777777
2.3152468305281602e-05,328.88888888888886
1.2973505725963208e-05,329.0
1.960482713277206e-05,329.1111111111111
2.0499867617216052e-05,329.22222222222223
3.1572749943748226e-06,329.3333333333333
8.436557016027595e-06,329.4444444444444
6.887536580853061e-06,329.55555555555554
9.42925960144067e-06,329.66666666666663
3.664113599510751e-06,329.77777777777777
1.2718831875421372e-05,329.88888888888886
9.027161401918339e-06,330.0
7.960940269334271e-06,330.1111111111111
1.3721507146062424e-05,330.22222222222223
1.9728934233521742e-05,330.3333333333333
4.17565727254888e-06,330.4444444444444
1.4602576475210362e-05,330.55555555555554
1.010917794753462e-05,330.66666666666663
9.429078713298636e-06,330.77777777777777
1.3707669003708642e-05,330.88888888888886
1.2667986573694532e-05,331.0
5.039572793536746e-06,331.1111111111111
5.8777477240926565e-06,331.22222222222223
9.942495242845152e-06,331.3333333333333
2.6359473535353013e-06,331.4444444444444
1.1053325095356248e-05,331.55555555555554
8.309609846094349e-06,331.66666666666663
6.776236180160784e-06,331.77777777777777
6.204050316986469e-06,331.88888888888886
6.209348362510434e-06,332.0
9.683313723882563e-06,332.1111111111111
1.2188976886751128e-05,332.22222222222223
1.5985291937984533e-05,332.3333333333333
9.209780637910678e-06,332.4444444444444
1.2297276089382224e-05,332.55555555555554
1.5005297396208542e-05,332.66666666666663
1.5880436615964907e-05,332.77777777777777
5.528676995438961e-06,332.88888888888886
9.867303506237233e-06,333.0
4.891514934401619e-06,333.1111111111111
8.498013973740915e-06,333.22222222222223
8.479459568121988e-06,333.3333333333333
2.8537039054580538e-06,333.4444444444444
1.0819176444379223e-05,333.55555555555554
8.401370879813007e-06,333.66666666666663
5.054364759694973e-06,333.77777777777777
8.5827820566156e-06,333.88888888888886
1.1667515705579127e-05,334.0
5.80800835496994e-06,334.1111111111111
1.9444800847652647e-05,334.22222222222223
3.0348539973002637e-06,334.3333333333333
7.236078345194638e-06,334.4444444444444
5.4318462207749926e-06,334.55555555555554
3.737396605823812e-06,334.66666666666663
3.7614998794083444e-06,334.77777777777777
1.7813025010874228e-07,334.88888888888886
1.1916724613442777e-06,335.0
9.15145366176298e-06,335.1111111111111
8.977044316919867e-06,335.22222222222223
7.297675625398728e-06,335.3333333333333
1.5426938777330827e-05,335.4444444444444
8.575147368190418e-06,335.55555555555554
8.294438227851387e-06,335.66666666666663
4.156738834973416e-06,335.77777777777777
1.06010585858641e-05,335.88888888888886
1.4718808981481122e-05,336.0
5.147285606070655e-06,336.1111111111111
2.0873766529959855e-05,336.22222222222223
2.110619441325522e-05,336.3333333333333
1.156841218176094e-05,336.4444444444444
1.0623233133551058e-05,336.55555555555554
1.4523445672737418e-05,336.66666666666663
7.948956553130642e-06,336.77777777777777
4.269259623977758e-06,336.88888888888886
4.749637380073233e-06,337.0
5.8767335265655205e-06,337.1111111111111
4.1937765767695025e-06,337.22222222222223
7.638566217335241e-06,337.3333333333333
6.722915097159272e-06,337.4444444444444
1.4931696402687397e-05,337.55555555555554
1.1766657540473896e-05,337.66666666666663
9.657093976677749e-06,337.77777777777777
2.064412903184522e-06,337.88888888888886
8.389976211597418e-07,338.0
1.501248233999421e-05,338.1111111111111
1.086588088542401e-05,338.22222222222223
8.29345670224319e-06,338.3333333333333
1.3083180175600376e-05,338.4444444444444
1.253278211463378e-05,338.55555555555554
2.1780354348051414e-06,338.66666666666663
1.5334416237222772e-05,338.77777777777777
7.950663074931547e-06,338.88888888888886
1.4614932864751554e-05,339.0
1.4056281739554333e-05,339.1111111111111
7.446736304852502e-06,339.22222222222223
1.310662822986889e-06,339.3333333333333
1.7528201347316155e-05,339.4444444444444
1.4895963764612816e-05,339.55555555555554
1.1457638396713945e-05,339.66666666666663
3.201479181139503e-06,339.77777777777777
3.2866828515765935e-06,339.88888888888886
1.351430681244864e-05,340.0
5.2666058496668005e-06,340.1111111111111
4.6351995323082705e-06,340.22222222222223
1.3770276875718572e-05,340.3333333333333
1.4887767337329309e-06,340.4444444444444
1.308031173746002e-05,340.55555555555554
1.2752140590470588e-06,340.66666666666663
1.0795438296162667e-05,340.77777777777777
1.2530910439854419e-05,340.88888888888886
8.14263640124425e-06,341.0
1.3103180624205693e-05,341.1111111111111
4.851230738579354e-06,341.22222222222223
5.7074163840443506e-06,341.3333333333333
2.293828314993311e-06,341.4444444444444
1.1195638018638432e-05,341.55555555555554
1.3656032880462414e-05,341.66666666666663
4.526559081508981e-06,341.77777777777777
2.57321786021437e-06,341.88888888888886
9.92179035020327e-06,342.0
1.620318314809049e-05,342.1111111111111
8.531937799638914e-06,342.22222222222223
6.775689445683987e-06,342.3333333333333
1.3304897781397332e-05,342.4444444444444
1.2728769720096645e-05,342.55555555555554
4.069506010255242e-06,342.66666666666663
1.2469741572165034e-05,342.77777777777777
9.502873574395349e-06,342.88888888888886
1.1412791795551696e-05,343.0
1.472116386646913e-05,343.1111111111111
1.4803365351882093e-05,343.22222222222223
1.0592510452069442e-05,343.3333333333333
5.839709949798803e-06,343.4444444444444
4.17175864129984e-06,343.55555555555554
9.49092137725189e-06,343.66666666666663
7.623563760956737e-06,343.77777777777777
1.0101189326621064e-05,343.88888888888886
1.5394031389082545e-05,344.0
8.601623593947206e-06,344.1111111111111
1.2155979937875263e-05,344.22222222222223
6.352062016646647e-06,344.3333333333333
5.133039060767666e-06,344.4444444444444
1.334651977417735e-06,344.55555555555554
7.040844863352258e-06,344.66666666666663
6.765681568850699e-06,344.77777777777777
5.672593117851645e-06,344.88888888888886
3.9263333867028025e-06,345.0
5.067531472589685e-06,345.1111111111111
8.891112741185869e-06,345.22222222222223
8.84786920852516e-06,345.3333333333333
1.8440898612978685e-05,345.4444444444444
8.062412004400437e-06,345.55555555555554
1.2888619169373602e-05,345.66666666666663
1.1877771119591774e-05,345.77777777777777
6.6825639359328445e-06,345.88888888888886
1.2107370430669862e-05,346.0
1.4692436651428654e-06,346.1111111111111
1.2221606707644008e-05,346.22222222222223
1.001439494957201e-05,346.3333333333333
1.4451694435452567e-05,346.4444444444444
9.048903901397706e-06,346.55555555555554
1.1130712798930977e-05,346.66666666666663
1.3595544612342663e-05,346.77777777777777
6.110415608164065e-06,346.88888888888886
8.459418126137031e-06,347.0
2.0707588545500265e-05,347.1111111111111
2.0073779724716413e-05,347.22222222222223
1.5066240783745084e-05,347.3333333333333
1.04253912360089e-05,347.4444444444444
1.4376482597069553e-05,347.55555555555554
1.6637980352380468e-06,347.66666666666663
7.5999066268051615e-06,347.77777777777777
2.8882833933052077e-06,347.88888888888886
1.2405954565610782e-05,348.0
1.5158247652411683e-05,348.1111111111111
1.9952579830333186e-05,348.22222222222223
8.316769832681983e-06,348.3333333333333
1.0960265164543661e-05,348.4444444444444
7.811549261937377e-06,348.55555555555554
5.770520941711057e-06,348.66666666666663
1.0462250751731439e-05,348.77777777777777
3.9912722161930695e-06,348.88888888888886
1.4574120029372849e-05,349.0
8.58682430544498e-06,349.1111111111111
1.0372415036628161e-05,349.22222222222223
1.889516181463596e-06,349.3333333333333
8.018985277873158e-06,349.4444444444444
1.1518412335709985e-05,349.55555555555554
8.590937640495175e-06,349.66666666666663
4.704685182520163e-06,349.77777777777777
6.9799104257129806e-06,349.88888888888886
1.909325007102203e-05,350.0
7.071503576914471e-06,350.1111111111111
1.1848098522029426e-05,350.22222222222223
1.651191761550156e-06,350.3333333333333
1.126535382806168e-05,350.4444444444444
1.5917824930610282e-05,350.55555555555554
1.4961188183434605e-06,350.66666666666663
1.8304541978533392e-05,350.77777777777777
2.9359304873695315e-06,350.88888888888886
5.835538315099171e-06,351.0
1.7143892622765774e-05,351.1111111111111
1.7819281617185646e-05,351.22222222222223
3.7081023997140717e-06,351.3333333333333
4.3224937515900444e-06,351.4444444444444
1.1206665930552832e-05,351.55555555555554
1.0911170386806944e-05,351.66666666666663
1.319734112475538e-05,351.77777777777777
1.0012560641803581e-05,351.88888888888886
3.5869549807247386e-06,352.0
1.4905098390738386e-05,352.1111111111111
4.003055600118324e-06,352.22222222222223
9.168000720809139e-06,352.3333333333333
1.558331242966138e-06,352.4444444444444
1.7412873338434027e-05,352.55555555555554
1.241134899932543e-05,352.66666666666663
1.088166923101804e-05,352.77777777777777
1.3188986579808405e-05,352.88888888888886
7.046226790172941e-06,353.0
6.735484760622664e-06,353.1111111111111
9.857387569303872e-06,353.22222222222223
1.5636902194381337e-05,353.3333333333333
4.953415563135871e-06,353.4444444444444
1.6234215815318047e-05,353.55555555555554
1.454924591847213e-05,353.66666666666663
4.3883042651578925e-06,353.77777777777777
1.412144436277679e-05,353.88888888888886
7.060950156515029e-06,354.0
4.213720395100528e-06,354.1111111111111
1.4844123753048027e-05,354.22222222222223
1.50530794375651e-05,354.3333333333333
1.1619797135213579e-05,354.4444444444444
5.206831101623246e-06,354.55555555555554
1.5139569949696624e-05,354.66666666666663
6.417360096697113e-06,354.77777777777777
1.1159031252799039e-05,354.88888888888886
6.5251281078077145e-06,355.0
1.2341875417508767e-05,355.1111111111111
8.748809053609059e-06,355.22222222222223
1.5662172040350275e-05,355.3333333333333
1.0454481700507378e-05,355.4444444444444
1.39957223503642e-05,355.55555555555554
1.5938997496359833e-05,355.66666666666663
2.468301980076908e-06,355.77777777777777
5.363814014223626e-06,355.88888888888886
1.863546967780214e-06,356.0
4.387698040709347e-06,356.1111111111111
4.3346456760934956e-06,356.22222222222223
7.517258425242937e-06,356.3333333333333
7.1081550680795195e-06,356.4444444444444
5.666154630855919e-06,356.55555555555554
8.797900932653707e-06,356.66666666666663
5.177504979878159e-06,356.77777777777777
1.1617967028239698e-05,356.88888888888886
3.9767548204771775e-06,357.0
9.063719272755063e-06,357.1111111111111
4.1210229322260746e-06,357.22222222222223
1.50922109100459e-05,357.3333333333333
1.1977305765779054e-05,357.4444444444444
9.749676827321698e-06,357.55555555555554
1.1052391926981024e-05,357.66666666666663
1.3438205622909446e-05,357.77777777777777
1.1514021820781793e-05,357.88888888888886
3.6974943317883074e-06,358.0
9.362951033139282e-06,358.1111111111111
7.2328460878280455e-06,358.22222222222223
4.959384864977105e-06,358.3333333333333
1.0391859262363886e-05,358.4444444444444
4.2682880435746875e-06,358.55555555555554
7.760510768430999e-06,358.66666666666663
4.9056943044674825e-06,358.77777777777777
4.4525134213761e-06,358.88888888888886
6.50114382996344e-06,359.0
7.74638226357756e-06,359.1111111111111
1.186182394965577e-05,359.22222222222223
3.522013243842378e-06,359.3333333333333
2.205707359177057e-06,359.4444444444444
1.354331259555839e-05,359.55555555555554
1.0780191258543989e-05,359.66666666666663
1.1129258149550586e-05,359.77777777777777
4.7379553078498646e-06,359.88888888888886
1.1202746674612489e-05,360.0
5.990399068363909e-06,360.1111111111111
9.858046969301405e-06,360.22222222222223
9.463275279782888e-06,360.3333333333333
1.6141989888153943e-05,360.4444444444444
1.8580565963770588e-05,360.55555555555554
1.2870931819538335e-05,360.66666666666663
1.729401994292202e-05,360.77777777777777
9.880274902672219e-06,360.88888888888886
1.7806428205301236e-05,361.0
9.706645868593593e-06,361.1111111111111
6.761635558276267e-06,361.22222222222223
8.108300537559127e-07,361.3333333333333
3.4522037318267667e-06,361.4444444444444
2.6154897489698352e-06,361.55555555555554
4.525927482559732e-06,361.66666666666663
7.312475631375802e-06,361.77777777777777
9.151591753499313e-06,361.88888888888886
5.607752523490424e-06,362.0
6.250275767281145e-06,362.1111111111111
1.322275586059296e-05,362.22222222222223
3.221028345326528e-06,362.3333333333333
1.4266786649890413e-05,362.4444444444444
1.3194262848820808e-05,362.55555555555554
8.243246362177981e-06,362.66666666666663
1.4473862107619424e-05,362.77777777777777
1.3676884444078961e-05,362.88888888888886
2.010699261975417e-05,363.0
1.254762598684066e-05,363.1111111111111
1.1855310401518737e-05,363.22222222222223
1.7454865247675177e-05,363.3333333333333
9.293057736047367e-06,363.4444444444444
1.0952643627227676e-05,363.55555555555554
3.5069271639896638e-06,363.66666666666663
1.8467201034951846e-06,363.77777777777777
1.5162141419535799e-05,363.88888888888886
1.0914947753200265e-05,364.0
2.765394230983593e-06,364.1111111111111
6.529801794472757e-06,364.22222222222223
6.907984367978063e-06,364.3333333333333
1.605822701020117e-05,364.4444444444444
5.0025311538616805e-06,364.55555555555554
8.776876914786366e-06,364.66666666666663
2.130646898424722e-06,364.77777777777777
8.39437448105537e-06,364.88888888888886
9.525404662134723e-06,365.0
1.0736207173133776e-05,365.1111111111111
2.68602426497115e-05,365.22222222222223
8.357220860645131e-06,365.3333333333333
8.135940963596733e-06,365.4444444444444
6.876404111890832e-06,365.55555555555554
1.3403398688995989e-05,365.66666666666663
5.452031704363649e-06,365.77777777777777
5.690011227198062e-06,365.88888888888886
4.920219622183972e-06,366.0
1.195776532030728e-05,366.1111111111111
4.350162796963192e-06,366.22222222222223
9.135966019884856e-06,366.3333333333333
6.2939575672368475e-06,366.4444444444444
2.3256285244298683e-06,366.55555555555554
1.3954845091597776e-05,366.66666666666663
7.24930855148496e-06,366.77777777777777
1.0153693007432406e-05,366.88888888888886
1.8680266638616284e-05,367.0
4.814429322491425e-06,367.1111111111111
9.159626905183606e-06,367.22222222222223
3.6282316276004573e-06,367.3333333333333
1.3124012406846058e-05,367.4444444444444
7.480467808441092e-06,367.55555555555554
1.9216429643059835e-05,367.66666666666663
6.76504454138714e-06,367.77777777777777
7.252746040142717e-06,367.88888888888886
1.3375642039707391e-05,368.0
1.1871742010106086e-06,368.1111111111111
1.02080366511191e-05,368.22222222222223
7.35681480906597e-06,368.3333333333333
6.1251101710639296e-06,368.4444444444444
4.490154354211669e-06,368.55555555555554
1.5142982080683683e-05,368.66666666666663
8.897995492173102e-06,368.77777777777777
3.4113295856415948e-06,368.88888888888886
6.0312314572872094e-06,369.0
7.005005571353474e-06,369.1111111111111
5.289095600406918e-06,369.22222222222223
4.487672130364314e-06,369.3333333333333
1.3454387603230098e-05,369.4444444444444
1.9330428076623394e-06,369.55555555555554
1.6545990037109977e-05,369.66666666666663
4.086955323377803e-06,369.77777777777777
1.3404195229076717e-05,369.88888888888886
5.986750175887127e-06,370.0
7.141067517402267e-06,370.1111111111111
1.0660035253522701e-05,370.22222222222223
1.0424106583796638e-05,370.3333333333333
6.991812851991847e-06,370.4444444444444
6.038194646383127e-06,370.55555555555554
7.94575836120085e-06,370.66666666666663
4.444194158358949e-06,370.77777777777777
7.116203230611416e-06,370.88888888888886
8.562841124131163e-06,371.0
6.160956833140159e-06,371.1111111111111
1.1863665229146579e-05,371.22222222222223
3.896723086528347e-06,371.3333333333333
9.889901290516291e-06,371.4444444444444
1.3653328892083838e-05,371.55555555555554
1.2554200029659449e-05,371.66666666666663
2.1109128083570416e-06,371.77777777777777
5.346051891931252e-06,371.88888888888886
6.708835563313091e-06,372.0
5.27916523966348e-06,372.1111111111111
9.356939176312017e-06,372.22222222222223
1.7063050982607732e-05,372.3333333333333
7.918796702227793e-06,372.4444444444444
6.243482145440498e-06,372.55555555555554
7.626437964459133e-06,372.66666666666663
1.2915132069733773e-05,372.77777777777777
8.990831762563681e-06,372.88888888888886
6.590382033478929e-06,373.0
1.3906837418496084e-05,373.1111111111111
3.929801499035455e-06,373.22222222222223
1.080818039851891e-05,373.3333333333333
1.4039110045638182e-05,373.4444444444444
6.38975070976948e-06,373.55555555555554
9.902776505751705e-06,373.66666666666663
1.4668873257420555e-05,373.77777777777777
6.6147896637369255e-06,373.88888888888886
5.141792082022753e-06,374.0
3.7316120943466876e-06,374.1111111111111
6.667152721851881e-06,374.22222222222223
5.902517045945339e-06,374.3333333333333
1.205834539956003e-05,374.4444444444444
1.630148144933109e-05,374.55555555555554
9.668967082917293e-06,374.66666666666663
1.7329101590974554e-05,374.77777777777777
4.8935656683386036e-06,374.88888888888886
1.7161935059395144e-05,375.0
1.3274880040357872e-05,375.1111111111111
2.248117691020494e-05,375.22222222222223
7.340265086728063e-06,375.3333333333333
1.4560157605184088e-05,375.4444444444444
1.6219969772380046e-05,375.55555555555554
6.691041880824523e-06,375.66666666666663
1.1636761592538219e-05,375.77777777777777
7.038780969274058e-06,375.88888888888886
4.244053565152672e-06,376.0
5.434044367027602e-06,376.1111111111111
5.792898625196083e-06,376.22222222222223
6.4915354249102845e-06,376.3333333333333
1.1425766210586455e-05,376.4444444444444
8.567117760493627e-06,376.55555555555554
3.838906483551844e-06,376.66666666666663
7.380032717623505e-06,376.77777777777777
7.160320195857166e-06,376.88888888888886
3.320802660051047e-06,377.0
1.0554658197201565e-05,377.1111111111111
4.205993392888064e-06,377.22222222222223
1.1674376454136143e-05,377.3333333333333
7.0119330917995665e-06,377.4444444444444
5.7138181826079294e-06,377.55555555555554
2.5544486106714907e-05,377.66666666666663
7.5390274407550364e-06,377.77777777777777
1.0872195997397411e-05,377.88888888888886
1.1125392656074147e-05,378.0
1.0817038303559121e-05,378.1111111111111
1.8383189813277343e-05,378.22222222222223
1.4969076147998008e-05,378.3333333333333
1.6437746612897715e-05,378.4444444444444
4.709286318054095e-06,378.55555555555554
3.0847154267313453e-06,378.66666666666663
1.5269653435616707e-05,378.77777777777777
9.451811287131797e-07,378.88888888888886
4.068503303071606e-06,379.0
3.6710323242916182e-06,379.1111111111111
2.033485119125552e-05,379.22222222222223
1.0778462621813668e-05,379.3333333333333
1.482932580319305e-05,379.4444444444444
3.403680617011652e-06,379.55555555555554
5.28395662000113e-06,379.66666666666663
3.48539184297455e-06,379.77777777777777
5.812378190223913e-06,379.88888888888886
1.263911438162721e-05,380.0
3.5363858953000135e-06,380.1111111111111
8.94939105013994e-06,380.22222222222223
1.46510440168502e-05,380.3333333333333
1.2071987674645478e-05,380.4444444444444
6.558317408257874e-06,380.55555555555554
1.7564248157003894e-05,380.66666666666663
3.2245495796062682e-06,380.77777777777777
1.036856175543069e-05,380.88888888888886
5.9236441296996575e-06,381.0
1.6439653336713173e-05,381.1111111111111
1.5949039422624175e-05,381.22222222222223
1.058424047819604e-05,381.3333333333333
6.8333000184778834e-06,381.4444444444444
1.1602751120372526e-05,381.55555555555554
1.0272899295792637e-05,381.66666666666663
1.5181680978540534e-05,381.77777777777777
3.376913752630494e-06,381.88888888888886
4.1658113296409065e-06,382.0
3.253585469049022e-06,382.1111111111111
5.0258715578062395e-06,382.22222222222223
4.731008476528548e-06,382.3333333333333
1.5699511369423396e-05,382.4444444444444
9.98894602499567e-06,382.55555555555554
5.354781373808525e-06,382.66666666666663
2.5741778592103667e-06,382.77777777777777
7.689868808058949e-06,382.88888888888886
1.1580506446398559e-05,383.0
6.688802602107248e-06,383.1111111111111
1.6506092930480146e-05,383.22222222222223
4.721233147876403e-06,383.3333333333333
1.2560517243911544e-06,383.4444444444444
8.627463531835886e-06,383.55555555555554
4.68195091616431e-06,383.66666666666663
3.0701978520086335e-06,383.77777777777777
2.9691894392082183e-06,383.88888888888886
6.485616704755473e-06,384.0
9.278904600357081e-06,384.1111111111111
7.59849294005667e-06,384.22222222222223
1.3386893940696625e-05,384.3333333333333
8.976421589539687e-06,384.4444444444444
8.998581409622286e-06,384.55555555555554
3.6480869665775623e-06,384.66666666666663
1.0926302983547004e-05,384.77777777777777
3.1303712686443813e-06,384.88888888888886
1.2220058474025174e-05,385.0
6.782203370691858e-06,385.1111111111111
1.9238114466443476e-05,385.22222222222223
9.38854164433487e-06,385.3333333333333
6.726027637500108e-06,385.4444444444444
1.645530537461114e-05,385.55555555555554
3.851082838759172e-06,385.66666666666663
1.1716399299543096e-05,385.77777777777777
3.681908271781484e-06,385.88888888888886
1.1416488631354265e-05,386.0
3.040471000638626e-06,386.1111111111111
4.72189936096896e-06,386.22222222222223
5.461677054494702e-06,386.3333333333333
1.7269732444824883e-06,386.4444444444444
3.7952485149448565e-06,386.55555555555554
4.393499777221321e-06,386.66666666666663
1.3465002194050605e-06,386.77777777777777
9.939025596661771e-06,386.88888888888886
1.6265321683142395e-05,387.0
7.494552048939354e-06,387.1111111111111
4.4210687635069325e-06,387.22222222222223
5.1908038433322444e-06,387.3333333333333
5.58992981790005e-06,387.4444444444444
7.728250026343999e-06,387.55555555555554
2.5296883023014063e-06,387.66666666666663
1.0260574194730634e-05,387.77777777777777
4.226234471768094e-06,387.88888888888886
1.3886360525752751e-05,388.0
1.0679777375322058e-05,388.1111111111111
7.94484106184202e-06,388.22222222222223
1.562501649535702e-05,388.3333333333333
1.8618283111477394e-05,388.4444444444444
7.018441897335244e-06,388.55555555555554
4.4895015703227724e-06,388.66666666666663
6.6601503311022374e-06,388.77777777777777
8.171416819425243e-06,388.88888888888886
1.8969193643135083e-05,389.0
3.62927540412714e-06,389.1111111111111
7.454808845614705e-06,389.22222222222223
1.2960921240323946e-05,389.3333333333333
5.874363831649298e-06,389.4444444444444
2.330343091473641e-06,389.55555555555554
1.63443480618927e-05,389.66666666666663
2.936770765861863e-06,389.77777777777777
1.3088805817281175e-05,389.88888888888886
2.1733905057962572e-05,390.0
8.605053398741756e-06,390.1111111111111
8.151234075433695e-06,390.22222222222223
1.0926851007746502e-05,390.3333333333333
3.0760118257963506e-06,390.4444444444444
4.299263711953452e-06,390.55555555555554
8.428036521326829e-06,390.66666666666663
1.0158363092866544e-05,390.77777777777777
6.032395567862174e-06,390.88888888888886
9.715722368244397e-06,391.0
1.9634904407457655e-06,391.1111111111111
1.5054097399369472e-05,391.22222222222223
3.572278604032897e-06,391.3333333333333
7.342118209839597e-06,391.4444444444444
3.749031600506425e-06,391.55555555555554
5.570696289442558e-06,391.66666666666663
2.0737564341401794e-06,391.77777777777777
2.335521301273588e-05,391.88888888888886
3.846004228343132e-06,392.0
2.998105085411381e-06,392.1111111111111
3.3663704672894318e-06,392.22222222222223
1.7325517143026863e-06,392.3333333333333
1.3208070104956609e-05,392.4444444444444
6.273817708427331e-06,392.55555555555554
1.3870677335275667e-05,392.66666666666663
3.7092055678999695e-06,392.77777777777777
1.78583255003293e-05,392.88888888888886
7.762422528925212e-06,393.0
1.34973307258778e-05,393.1111111111111
9.344055618150316e-06,393.22222222222223
3.7605433920215232e-06,393.3333333333333
8.54140948882835e-06,393.4444444444444
1.5141947763100209e-05,393.55555555555554
4.383773338017682e-06,393.66666666666663
9.399156101412835e-06,393.77777777777777
8.095560336574128e-06,393.88888888888886
1.0553103657893138e-05,394.0
1.5757420414307627e-05,394.1111111111111
5.696564675824363e-06,394.22222222222223
1.2172016512830746e-05,394.3333333333333
1.008438917147106e-05,394.4444444444444
8.351694193787225e-06,394.55555555555554
1.323586733432564e-06,394.66666666666663
1.1381609135385133e-05,394.77777777777777
1.1255763893144508e-05,394.88888888888886
8.331872191965456e-06,395.0
8.943487300048414e-06,395.1111111111111
1.9520640274132734e-05,395.22222222222223
4.845133088121232e-06,395.3333333333333
3.2647052688935485e-06,395.4444444444444
9.773673814863409e-06,395.55555555555554
1.4961860711253519e-05,395.66666666666663
6.866317144241578e-07,395.77777777777777
7.528687037472188e-06,395.88888888888886
9.589480760366632e-06,396.0
1.0262389116644841e-05,396.1111111111111
1.4583135343641548e-05,396.22222222222223
4.266636089279806e-06,396.3333333333333
9.347553077195948e-06,396.4444444444444
1.2688432688557333e-05,396.55555555555554
2.145993088208602e-05,396.66666666666663
1.3351054424181975e-05,396.77777777777777
6.686978352187648e-06,396.88888888888886
2.800750461360069e-06,397.0
4.748309536559635e-06,397.1111111111111
1.1324688384367492e-05,397.22222222222223
4.622427716091402e-06,397.3333333333333
6.780443346109343e-06,397.4444444444444
3.7945341252116446e-06,397.55555555555554
7.551166043381266e-06,397.66666666666663
3.7934409225302667e-06,397.77777777777777
9.882077391202758e-06,397.88888888888886
1.4118865888200365e-05,398.0
5.5235377609948464e-06,398.1111111111111
1.3818281102640822e-06,398.2222222222222
5.351887922383839e-06,398.3333333333333
2.071367509822778e-05,398.4444444444444
1.33924643032335e-05,398.55555555555554
8.405173764864172e-06,398.66666666666663
3.0071154421452622e-06,398.77777777777777
7.641904904243478e-06,398.88888888888886
1.2060974003808122e-05,399.0
9.632015670481614e-06,399.1111111111111
3.1951612183892053e-06,399.2222222222222
8.562800157137236e-06,399.3333333333333
1.2824440820636687e-05,399.4444444444444
8.146243943643498e-06,399.55555555555554
1.574380398446195e-05,399.66666666666663
3.7078671045633855e-06,399.77777777777777
1.4977875325367774e-05,399.88888888888886
1.3677356752628298e-05,400.0
4.134614924582016e-06,400.1111111111111
9.985590646832848e-06,400.2222222222222
1.0118309051778447e-05,400.3333333333333
2.398241221776227e-06,400.4444444444444
6.537597348515824e-06,400.55555555555554
2.7190602498945266e-06,400.66666666666663
5.982851142505757e-06,400.77777777777777
8.32563850199306e-06,400.88888888888886
1.0459397122014724e-05,401.0
1.2011747004683312e-05,401.1111111111111
1.1968703377466388e-05,401.2222222222222
1.1280626493465499e-05,401.3333333333333
8.457175872545298e-06,401.4444444444444
6.634348543789492e-06,401.55555555555554
1.4211881636700989e-05,401.66666666666663
1.927541933343444e-05,401.77777777777777
1.318184838710209e-06,401.88888888888886
3.843430553860616e-06,402.0
1.4172645304052899e-05,402.1111111111111
6.4248852977102e-06,402.2222222222222
2.931178462618211e-06,402.3333333333333
1.2274164195908888e-05,402.4444444444444
5.630001929383641e-06,402.55555555555554
1.693625837669939e-05,402.66666666666663
1.4843018121621623e-06,402.77777777777777
1.60809501350026e-05,402.88888888888886
1.1289622823930526e-05,403.0
1.2546166488760385e-05,403.1111111111111
1.0570735104340449e-05,403.2222222222222
1.2374875938735383e-05,403.3333333333333
6.8548887707911135e-06,403.4444444444444
3.771794585284865e-06,403.55555555555554
6.888160094998686e-06,403.66666666666663
4.434802627210434e-06,403.77777777777777
1.1177554361557894e-05,403.88888888888886
5.802064605830685e-06,404.0
1.9114608135479556e-05,404.1111111111111
6.811324712267252e-06,404.2222222222222
3.07637414961258e-06,404.3333333333333
1.2968654061485282e-05,404.4444444444444
7.105747598084072e-06,404.55555555555554
4.079923253319402e-06,404.66666666666663
1.02771572724232e-05,404.77777777777777
7.401748798415275e-06,404.88888888888886
5.705895377496862e-06,405.0
1.1215518900282448e-05,405.1111111111111
1.1999574890537373e-05,405.2222222222222
4.640821977354616e-06,405.3333333333333
5.343816997537771e-06,405.4444444444444
8.818587245081433e-06,405.55555555555554
1.1911025412536108e-05,405.66666666666663
1.5562332221081036e-05,405.77777777777777
5.079845145073505e-06,405.88888888888886
3.239031588859644e-06,406.0
3.3498983852655447e-06,406.1111111111111
1.8784682348644088e-05,406.2222222222222
1.0435364575572848e-05,406.3333333333333
9.862789187258171e-06,406.4444444444444
3.548803020893021e-06,406.55555555555554
7.018337972569848e-06,406.66666666666663
3.1157808746022135e-06,406.77777777777777
1.1270813993573677e-05,406.88888888888886
1.6478389324545313e-05,407.0
2.8311234164420433e-06,407.1111111111111
7.326037111650908e-06,407.2222222222222
1.2259505422618463e-05,407.3333333333333
9.285517300166243e-06,407.4444444444444
1.6349348332926938e-05,407.55555555555554
4.223184052944676e-06,407.66666666666663
6.2168179121007775e-06,407.77777777777777
2.4595642998989964e-05,407.88888888888886
6.300385222838565e-06,408.0
8.540199727315952e-06,408.1111111111111
1.2930388128022516e-05,408.2222222222222
1.0384429418759007e-05,408.3333333333333
1.3179029441609253e-05,408.4444444444444
8.739718919470539e-06,408.55555555555554
1.0029972065994625e-05,408.66666666666663
1.209116393325054e-05,408.77777777777777
1.2705642848804267e-05,408.88888888888886
8.972419704671208e-06,409.0
2.3559458157545416e-05,409.1111111111111
9.372699176184886e-06,409.2222222222222
6.337061041887523e-06,409.3333333333333
9.719178183424229e-06,409.4444444444444
1.011476459827491e-05,409.55555555555554
3.4102699861874365e-06,409.66666666666663
4.234915837992007e-06,409.77777777777777
1.827492171076224e-05,409.88888888888886
4.619221780230178e-06,410.0
1.0979417574990202e-05,410.1111111111111
9.339777807219279e-06,410.2222222222222
2.696538512737578e-06,410.3333333333333
7.878026823523095e-06,410.4444444444444
1.2566332126509918e-05,410.55555555555554
1.0533758496664542e-05,410.66666666666663
1.0116608686012515e-05,410.77777777777777
1.5416523689775392e-05,410.88888888888886
1.3636952838430017e-05,411.0
1.3197253670495992e-05,411.1111111111111
1.3206931541945251e-05,411.2222222222222
8.257747129283598e-06,411.3333333333333
1.1755179612529238e-05,411.4444444444444
3.1056319299438065e-06,411.55555555555554
4.11428056773436e-06,411.66666666666663
5.722226172491103e-06,411.77777777777777
1.1350515006973556e-06,411.88888888888886
6.692217237003789e-06,412.0
3.2691394130693228e-06,412.1111111111111
1.2417450928050578e-06,412.2222222222222
1.3254991862396598e-05,412.3333333333333
1.5741366048512567e-05,412.4444444444444
1.1277015729953863e-05,412.55555555555554
1.432641880037838e-05,412.66666666666663
1.8984578794772364e-05,412.77777777777777
1.5227773623049084e-05,412.88888888888886
1.1677781689244983e-05,413.0
1.111290105899048e-05,413.1111111111111
9.056598363087361e-06,413.2222222222222
1.4094127443867462e-05,413.3333333333333
1.231085377193133e-05,413.4444444444444
1.4698294845321795e-05,413.55555555555554
3.0645360164322573e-06,413.66666666666663
1.6645875387361832e-05,413.77777777777777
1.610279707353924e-05,413.88888888888886
4.356148291697078e-06,414.0
1.073410170638212e-05,414.1111111111111
6.830312826728423e-06,414.2222222222222
1.3371533872517847e-05,414.3333333333333
5.115958380148467e-06,414.4444444444444
2.9332750224609657e-06,414.55555555555554
2.3019792411052083e-05,414.66666666666663
7.426400410746905e-06,414.77777777777777
1.1282207385725434e-05,414.88888888888886
6.3126964393824075e-06,415.0
1.431118261649425e-05,415.1111111111111
1.4363529547621085e-05,415.2222222222222
8.115459426403043e-06,415.3333333333333
1.7071303440938158e-05,415.4444444444444
6.4661464889486454e-06,415.55555555555554
2.184391573569588e-06,415.66666666666663
4.729720064337533e-06,415.77777777777777
8.134088996522847e-06,415.88888888888886
5.952271367520989e-06,416.0
8.32707037482212e-06,416.1111111111111
1.6607933871586777e-05,416.2222222222222
6.841925435261023e-06,416.3333333333333
9.923346285533268e-06,416.4444444444444
5.107181346450029e-06,416.55555555555554
4.221505176896383e-06,416.66666666666663
1.21650350945471e-05,416.77777777777777
8.452951274903448e-06,416.88888888888886
4.617171592740643e-06,417.0
1.0245620037428843e-05,417.1111111111111
6.787928367689318e-06,417.2222222222222
7.987626659560611e-06,417.3333333333333
9.381125323217936e-06,417.4444444444444
8.27512344341552e-06,417.55555555555554
7.885898528947269e-06,417.66666666666663
1.1142507039816432e-05,417.77777777777777
1.3054993256653189e-05,417.88888888888886
1.9493876133505868e-05,418.0
9.253920744540927e-06,418.1111111111111
6.824868189850649e-06,418.2222222222222
1.2476513159984258e-05,418.3333333333333
1.8026411535490457e-06,418.4444444444444
8.351778220590063e-06,418.55555555555554
4.969642160866627e-06,418.66666666666663
1.2101768295426304e-05,418.77777777777777
3.5988325268185623e-06,418.88888888888886
8.371950223114298e-06,419.0
8.522613502378737e-06,419.1111111111111
1.5292814724336774e-05,419.2222222222222
4.556264634634332e-06,419.3333333333333
8.364818076275951e-06,419.4444444444444
1.4551658623260768e-05,419.55555555555554
8.522117740043705e-06,419.66666666666663
2.2394710324979906e-05,419.77777777777777
7.112217590196875e-06,419.88888888888886
1.656701612258771e-05,420.0
4.8709409243699705e-06,420.1111111111111
1.949339304159465e-05,420.2222222222222
1.3992005734345288e-05,420.3333333333333
7.1829556920499625e-06,420.4444444444444
2.4483150673960773e-06,420.55555555555554
1.1865381944091796e-05,420.66666666666663
9.306427758273332e-06,420.77777777777777
1.2211616861782278e-05,420.88888888888886
7.082653787160379e-06,421.0
5.092567252953835e-06,421.1111111111111
4.875040413042843e-06,421.2222222222222
8.27704966519069e-06,421.3333333333333
1.2416007053186774e-05,421.4444444444444
1.0724486344077419e-06,421.55555555555554
2.0457248012163494e-05,421.66666666666663
3.3555324177014975e-06,421.77777777777777
2.722138482517566e-06,421.88888888888886
6.469490363273976e-06,422.0
6.243287929835398e-06,422.1111111111111
5.925551758632894e-06,422.2222222222222
2.7946890775900107e-06,422.3333333333333
7.795109566349644e-06,422.4444444444444
1.0021898746367194e-05,422.55555555555554
4.851366744153914e-06,422.66666666666663
1.7973712613436263e-05,422.77777777777777
1.5336000790017486e-05,422.88888888888886
2.9115872397535398e-06,423.0
3.7208949655370296e-06,423.1111111111111
1.4152027951956653e-05,423.2222222222222
5.149952124718143e-06,423.3333333333333
1.3565717167262149e-05,423.4444444444444
7.672301286814589e-06,423.55555555555554
3.3619277064471045e-06,423.66666666666663
7.055656028774334e-06,423.77777777777777
8.925929895330085e-06,423.88888888888886
6.706340668752791e-06,424.0
7.257045790145465e-06,424.1111111111111
6.224817229782202e-06,424.2222222222222
9.358702187449156e-06,424.3333333333333
5.734667389138171e-06,424.4444444444444
5.6791518702723184e-06,424.55555555555554
1.0111552785934158e-06,424.66666666666663
6.345935411191315e-06,424.77777777777777
5.373949249027895e-06,424.88888888888886
7.161987486279907e-06,425.0
1.0328466722594402e-05,425.1111111111111
3.6365640325754136e-06,425.2222222222222
2.1148901836809056e-05,425.3333333333333
1.5438822035628034e-05,425.4444444444444
8.588542891630415e-06,425.55555555555554
8.692794221802365e-06,425.66666666666663
7.170200919098598e-06,425.77777777777777
7.910045980340946e-06,425.88888888888886
1.3867668185820135e-05,426.0
2.131167515673401e-05,426.1111111111111
1.1744245056472434e-05,426.2222222222222
1.1118957499048517e-06,426.3333333333333
1.1818189330314938e-05,426.4444444444444
7.761371641323262e-06,426.55555555555554
1.5781509334749287e-05,426.66666666666663
6.807456002613275e-06,426.77777777777777
1.9303803434148453e-05,426.88888888888886
4.869015307846955e-06,427.0
1.3256991557097709e-05,427.1111111111111
1.5748526129462587e-05,427.2222222222222
7.688652467665759e-06,427.3333333333333
1.5392407929105288e-05,427.4444444444444
9.316921467627884e-07,427.55555555555554
3.053364800601014e-06,427.66666666666663
2.353728216062918e-05,427.77777777777777
1.023472694075711e-05,427.88888888888886
7.49483580215994e-06,428.0
1.96115411576241e-05,428.1111111111111
6.685147509096287e-06,428.2222222222222
4.319649471976247e-06,428.3333333333333
1.2329289254970757e-05,428.4444444444444
2.9711355548916435e-06,428.55555555555554
9.377015801478883e-06,428.66666666666663
9.41230283808278e-06,428.77777777777777
3.248131210573465e-06,428.88888888888886
1.021970111145202e-05,429.0
6.667497488427856e-06,429.1111111111111
1.0075482016573173e-05,429.2222222222222
1.1695531331966174e-05,429.3333333333333
1.1866601107037084e-05,429.4444444444444
5.223542380086521e-06,429.55555555555554
1.8312508146852037e-06,429.66666666666663
1.8012713813905502e-05,429.77777777777777
3.7393131002311617e-06,429.88888888888886
1.4815014615055837e-05,430.0
6.036163657640256e-06,430.1111111111111
1.0972769542240621e-05,430.2222222222222
1.2303343796127853e-05,430.3333333333333
8.270008151900123e-06,430.4444444444444
5.564800787162849e-06,430.55555555555554
3.993364528146774e-06,430.66666666666663
1.579176404074778e-05,430.77777777777777
1.0658315219835125e-05,430.88888888888886
1.3255931166471262e-05,431.0
1.1278185420653715e-05,431.1111111111111
1.5532247892463775e-05,431.2222222222222
1.0308630189708862e-05,431.3333333333333
1.3789492480318383e-05,431.4444444444444
4.354931196478359e-06,431.55555555555554
6.8972492573974915e-06,431.66666666666663
4.891288673690499e-06,431.77777777777777
8.021818134221511e-06,431.88888888888886
1.7073493778736338e-05,432.0
8.76694611327485e-06,432.1111111111111
4.2871424018955925e-06,432.2222222222222
7.627007559000126e-06,432.3333333333333
8.458728317532212e-06,432.4444444444444
1.1623909468722234e-05,432.55555555555554
1.00706880605647e-05,432.66666666666663
2.1602146757947755e-05,432.77777777777777
7.8012164786745e-06,432.88888888888886
1.1205753034758558e-05,433.0
1.1319963388282929e-05,433.1111111111111
6.881825446212742e-06,433.2222222222222
9.305826421846395e-06,433.3333333333333
2.0192309479223697e-05,433.4444444444444
1.558810346720265e-05,433.55555555555554
9.506503731624321e-06,433.66666666666663
1.1493321452734985e-05,433.77777777777777
1.7742436460276894e-05,433.88888888888886
5.320831965433915e-06,434.0
4.990944998416837e-06,434.1111111111111
1.7056511857397803e-05,434.2222222222222
5.0956738127788185e-06,434.3333333333333
1.4362079262603175e-05,434.4444444444444
2.044130739679958e-05,434.55555555555554
8.52279960172422e-06,434.66666666666663
1.056898813639357e-05,434.77777777777777
1.045864721858195e-05,434.88888888888886
1.955516870696495e-05,435.0
9.867886868362176e-06,435.1111111111111
1.0565820731843227e-05,435.2222222222222
1.120733895479767e-05,435.3333333333333
1.1806215601714838e-05,435.4444444444444
1.263974932080588e-05,435.55555555555554
5.335724026928631e-06,435.66666666666663
5.911132257993272e-06,435.77777777777777
4.645743233713678e-06,435.88888888888886
8.57250830801523e-06,436.0
4.060668863198902e-06,436.1111111111111
8.852795652503053e-06,436.2222222222222
9.79200070905526e-06,436.3333333333333
3.752431507208137e-06,436.4444444444444
6.355854401101663e-06,436.55555555555554
6.500294892070351e-06,436.66666666666663
8.470110628763917e-06,436.77777777777777
1.679638687129448e-05,436.88888888888886
2.230269235914551e-06,437.0
7.361256501470812e-06,437.1111111111111
7.06955054692225e-06,437.2222222222222
9.030086963184815e-06,437.3333333333333
7.096641104334236e-06,437.4444444444444
4.352749978049765e-06,437.55555555555554
1.5517328159476874e-05,437.66666666666663
1.289723334642598e-05,437.77777777777777
8.72590393016904e-06,437.88888888888886
4.5839730756260695e-06,438.0
1.2865523835047624e-05,438.1111111111111
9.569979464779368e-06,438.2222222222222
2.6766281751438777e-05,438.3333333333333
5.037723157337293e-06,438.4444444444444
1.6111514235681583e-05,438.55555555555554
1.6768507716711104e-05,438.66666666666663
1.102624871942164e-05,438.77777777777777
1.1170067211067839e-05,438.88888888888886
1.0613642112725758e-05,439.0
7.402251184366362e-06,439.1111111111111
8.748116796435682e-06,439.2222222222222
3.0554183267658095e-06,439.3333333333333
8.14393514256805e-06,439.4444444444444
8.46227943580895e-06,439.55555555555554
1.1418650607953257e-05,439.66666666666663
1.4950209916743438e-05,439.77777777777777
4.829081668488636e-06,439.88888888888886
4.536480556299966e-06,440.0
1.0919114590059641e-05,440.1111111111111
1.0045984056840711e-05,440.2222222222222
1.3018054500341502e-05,440.3333333333333
1.8987450767319057e-05,440.4444444444444
6.201800218655299e-06,440.55555555555554
1.4864763875801475e-05,440.66666666666663
3.816852298968435e-06,440.77777777777777
1.786880834411383e-06,440.88888888888886
1.051778120500896e-05,441.0
1.6275107319817173e-05,441.1111111111111
1.651704532265675e-05,441.2222222222222
6.305029423580167e-06,441.3333333333333
1.6590763159570293e-05,441.4444444444444
1.5156034447897995e-05,441.55555555555554
1.8653220481813812e-06,441.66666666666663
5.484825007310507e-06,441.77777777777777
7.1489496636712665e-06,441.88888888888886
1.3117998039774058e-05,442.0
2.0773226852607316e-05,442.1111111111111
1.4349252864316799e-05,442.2222222222222
1.0183534734596748e-05,442.3333333333333
3.6383778472759154e-06,442.4444444444444
2.2291627298318744e-06,442.55555555555554
6.516761278962402e-06,442.66666666666663
9.16593578741221e-06,442.77777777777777
8.584544906051356e-06,442.88888888888886
6.662785617419606e-06,443.0
1.4027024137950378e-05,443.1111111111111
7.5789219758992595e-06,443.2222222222222
3.8787991977137493e-07,443.3333333333333
6.238283520208831e-06,443.4444444444444
2.7161266690159227e-06,443.55555555555554
8.354626163688635e-06,443.66666666666663
7.822893743721689e-06,443.77777777777777
1.2453835082013935e-05,443.88888888888886
3.7395681222111585e-06,444.0
4.640830852473185e-06,444.1111111111111
1.645701776969868e-05,444.2222222222222
1.2199914959247325e-05,444.3333333333333
4.90890295616782e-06,444.4444444444444
9.271501225253913e-06,444.55555555555554
1.6640597425192938e-05,444.66666666666663
5.567367215266467e-06,444.77777777777777
6.9478762170163744e-06,444.88888888888886
7.311838467820785e-06,445.0
9.832394527662501e-06,445.1111111111111
1.7152278078494948e-05,445.2222222222222
8.14548740469085e-06,445.3333333333333
1.3131858675078405e-05,445.4444444444444
1.1349059835200048e-05,445.55555555555554
4.796274468534127e-06,445.66666666666663
6.434667335046939e-06,445.77777777777777
9.261183118200313e-06,445.88888888888886
1.676336796832775e-05,446.0
1.1218666147294337e-06,446.1111111111111
1.7099712686047003e-06,446.2222222222222
8.899882813127062e-06,446.3333333333333
9.337008925214033e-06,446.4444444444444
8.3653976954565e-06,446.55555555555554
1.611521903867692e-05,446.66666666666663
9.318128836481891e-06,446.77777777777777
9.773522124806616e-06,446.88888888888886
1.557071618215716e-05,447.0
1.3573457297049542e-05,447.1111111111111
9.497855006028599e-06,447.2222222222222
1.0620863061476846e-05,447.3333333333333
7.427292090351561e-06,447.4444444444444
1.2735715176391479e-05,447.55555555555554
1.908273345272668e-05,447.66666666666663
1.3854649339097875e-05,447.77777777777777
7.057455508571417e-06,447.88888888888886
8.422090857308381e-06,448.0
1.4771949550125423e-05,448.1111111111111
8.00100229909683e-06,448.2222222222222
4.683662981922234e-06,448.3333333333333
1.6189249139921164e-05,448.4444444444444
9.350132307604888e-06,448.55555555555554
6.596926470360436e-06,448.66666666666663
2.3856214375282566e-06,448.77777777777777
7.454401955881331e-06,448.88888888888886
4.8397992074157915e-06,449.0
1.5336016887839346e-05,449.1111111111111
2.4951679388200696e-06,449.2222222222222
1.0125272923264672e-05,449.3333333333333
2.947124845614424e-06,449.4444444444444
8.709163546798104e-06,449.55555555555554
8.991798477295041e-06,449.66666666666663
4.025680473046124e-06,449.77777777777777
5.521820548316865e-06,449.88888888888886
3.41055352631492e-06,450.0
1.3558460301008169e-05,450.1111111111111
6.410739585248208e-06,450.2222222222222
1.178393876794271e-05,450.3333333333333
7.531027461662999e-06,450.4444444444444
2.5869368480854326e-06,450.55555555555554
7.131660306630048e-06,450.66666666666663
1.0496846486372107e-05,450.77777777777777
6.922583869899334e-06,450.88888888888886
9.844794055635526e-06,451.0
6.624255778982227e-06,451.1111111111111
7.615103067407301e-06,451.2222222222222
5.827912108391843e-06,451.3333333333333
1.2526847645482147e-05,451.4444444444444
1.1571346568168582e-05,451.55555555555554
1.444948871855715e-05,451.66666666666663
3.614428758305368e-06,451.77777777777777
6.707140298234893e-06,451.88888888888886
1.0486771834410857e-05,452.0
6.129624265491883e-06,452.1111111111111
2.0249663324606135e-05,452.2222222222222
1.5503155730277544e-05,452.3333333333333
7.159054312715356e-06,452.4444444444444
1.1363978843509032e-05,452.55555555555554
3.8046780273721446e-06,452.66666666666663
1.5626165750155177e-05,452.77777777777777
9.000981723499379e-06,452.88888888888886
8.214713016726727e-06,453.0
4.493901118358164e-06,453.1111111111111
6.109288763369715e-06,453.2222222222222
4.721992811179521e-06,453.3333333333333
4.314930269118376e-06,453.4444444444444
6.093744321381859e-06,453.55555555555554
7.75252561283262e-06,453.66666666666663
1.0410564630091561e-05,453.77777777777777
2.0249717201204964e-06,453.88888888888886
1.5903603561475785e-05,454.0
1.8894960269118002e-05,454.1111111111111
1.2332251351659253e-05,454.2222222222222
7.85619321792062e-06,454.3333333333333
7.028369572834535e-06,454.4444444444444
1.1740700854082766e-05,454.55555555555554
1.783857808787345e-05,454.66666666666663
9.464726698495629e-06,454.77777777777777
1.7020620734925097e-05,454.88888888888886
6.6591445618824335e-06,455.0
6.3690889853244525e-06,455.1111111111111
3.8414559044324685e-06,455.2222222222222
2.9367604246545993e-06,455.3333333333333
8.601228157849819e-06,455.4444444444444
1.439570872521382e-05,455.55555555555554
9.738365961742956e-06,455.66666666666663
6.042140497992079e-06,455.77777777777777
1.5711250373194924e-05,455.88888888888886
5.618703113173378e-06,456.0
7.12421680238546e-06,456.1111111111111
9.417653121829292e-06,456.2222222222222
3.00917995621507e-05,456.3333333333333
9.81014149664184e-06,456.4444444444444
2.816840026363697e-06,456.55555555555554
1.3020959364559456e-05,456.66666666666663
5.473873222258534e-06,456.77777777777777
2.0458728896919828e-05,456.88888888888886
9.17578700731176e-06,457.0
7.060871828453018e-06,457.1111111111111
4.805160624758417e-06,457.2222222222222
1.2792993132743231e-05,457.3333333333333
5.0921020248180226e-06,457.4444444444444
3.950564768661312e-06,457.55555555555554
6.981927312499772e-06,457.66666666666663
8.761741153667157e-06,457.77777777777777
1.6741421516917736e-05,457.88888888888886
7.067168570032859e-06,458.0
5.754132645747688e-06,458.1111111111111
3.491168110305315e-06,458.2222222222222
7.057532042178774e-06,458.3333333333333
5.935794219165423e-06,458.4444444444444
1.4205693917302536e-05,458.55555555555554
4.0280181854106505e-06,458.66666666666663
8.91143985954833e-06,458.77777777777777
1.0692107114862162e-05,458.88888888888886
1.170720987927401e-05,459.0
5.5566565865137386e-06,459.1111111111111
1.0110478226977209e-05,459.2222222222222
9.20345578729979e-06,459.3333333333333
1.830168568279256e-05,459.4444444444444
7.489914715955927e-06,459.55555555555554
9.21040372723283e-06,459.66666666666663
6.3807957300233395e-06,459.77777777777777
1.4224850548201751e-05,459.88888888888886
1.5422595830939836e-05,460.0
1.2307403871577041e-05,460.1111111111111
5.092828278765868e-06,460.2222222222222
9.850831102491304e-06,460.3333333333333
4.110112812406502e-06,460.4444444444444
1.5361714908185447e-05,460.55555555555554
1.4335325785320395e-05,460.66666666666663
5.60674577298217e-06,460.77777777777777
1.4251776776142731e-05,460.88888888888886
8.850246918648827e-06,461.0
1.0138704087737607e-05,461.1111111111111
8.335848427912951e-06,461.2222222222222
8.195829791799995e-06,461.3333333333333
1.3874548343860296e-05,461.4444444444444
1.020613353483735e-05,461.55555555555554
1.231901902985575e-05,461.66666666666663
1.2733126988077687e-05,461.77777777777777
7.1212407645679675e-06,461.88888888888886
3.9590528988163305e-06,462.0
9.36026091273979e-06,462.1111111111111
4.10644158600208e-06,462.2222222222222
3.558569171251212e-06,462.3333333333333
1.1500880854524338e-05,462.4444444444444
4.395292895381893e-06,462.55555555555554
6.069245343033217e-06,462.66666666666663
1.156611936241191e-05,462.77777777777777
1.0188121665154413e-05,462.88888888888886
4.643416935624563e-06,463.0
1.5367601972019128e-05,463.1111111111111
8.49548305035493e-06,463.2222222222222
1.3623040660556061e-05,463.3333333333333
6.753712233072534e-06,463.4444444444444
7.718031089161208e-06,463.55555555555554
9.202719116953316e-06,463.66666666666663
9.19132835463823e-06,463.77777777777777
1.1022365693416759e-05,463.88888888888886
1.3739455163075147e-05,464.0
1.0124791988633729e-05,464.1111111111111
7.435199167058836e-06,464.2222222222222
6.567593726767018e-06,464.3333333333333
5.406232041984546e-06,464.4444444444444
9.949700328360463e-06,464.55555555555554
5.651512090396798e-06,464.66666666666663
1.9881581269555817e-06,464.77777777777777
1.2683509249551559e-05,464.88888888888886
1.9154751452392343e-05,465.0
6.085673915729912e-06,465.1111111111111
1.578499804655601e-05,465.2222222222222
1.2413375659022394e-05,465.3333333333333
3.0382796764630934e-06,465.4444444444444
9.508429882496929e-06,465.55555555555554
9.6901965898854e-07,465.66666666666663
1.3768947089264714e-05,465.77777777777777
7.809665925974167e-06,465.88888888888886
1.315089116610817e-05,466.0
9.93285059423738e-06,466.1111111111111
6.798357219190972e-07,466.2222222222222
1.2038789681680194e-05,466.3333333333333
1.4391430226623727e-05,466.4444444444444
2.1214026805476987e-05,466.55555555555554
1.54261178397782e-05,466.66666666666663
1.6407079350955593e-05,466.77777777777777
9.545712182028402e-06,466.88888888888886
5.791445138451356e-06,467.0
8.41893023972899e-06,467.1111111111111
4.733714547920256e-06,467.2222222222222
1.231815960334296e-05,467.3333333333333
4.493958676408633e-06,467.4444444444444
5.678745267257311e-06,467.55555555555554
1.5087483209139266e-05,467.66666666666663
6.277059652416242e-07,467.77777777777777
1.2160773450929421e-05,467.88888888888886
9.841748731152349e-06,468.0
5.260750060448797e-06,468.1111111111111
3.216138532608755e-05,468.2222222222222
4.265435747198151e-06,468.3333333333333
9.444860332156185e-06,468.4444444444444
4.980057419414853e-06,468.55555555555554
1.5296325119323503e-05,468.66666666666663
5.761426772219559e-06,468.77777777777777
1.2564914011745984e-05,468.88888888888886
1.3145831997458977e-05,469.0
1.0982818945627549e-05,469.1111111111111
8.605671893103093e-06,469.2222222222222
2.779133730370774e-06,469.3333333333333
1.616642281697229e-05,469.4444444444444
1.6291607010002745e-05,469.55555555555554
2.886580842254162e-06,469.66666666666663
1.9565711856924414e-06,469.77777777777777
3.223341969706033e-06,469.88888888888886
1.0953078836529791e-05,470.0
6.734482989042048e-06,470.1111111111111
6.7054165481087875e-06,470.2222222222222
1.3792088522666092e-05,470.3333333333333
1.7307865847088339e-06,470.4444444444444
1.375056702573996e-05,470.55555555555554
9.816765901244016e-06,470.66666666666663
4.106782046424787e-06,470.77777777777777
5.902512520899778e-06,470.88888888888886
9.087156412101449e-06,471.0
1.4372896911589042e-05,471.1111111111111
5.727318068444442e-06,471.2222222222222
8.616450649649869e-06,471.3333333333333
3.4693613631227e-06,471.4444444444444
4.520235560914383e-06,471.55555555555554
7.001096364435042e-06,471.66666666666663
7.0718457730917884e-06,471.77777777777777
9.765443061404899e-06,471.88888888888886
1.2139174049923522e-05,472.0
4.8617810226526945e-06,472.1111111111111
1.567747844658536e-05,472.2222222222222
1.5135200621023105e-05,472.3333333333333
6.498873030401032e-06,472.4444444444444
1.03552708955079e-05,472.55555555555554
1.0573081577533323e-05,472.66666666666663
4.985406142555946e-06,472.77777777777777
6.455094291831933e-06,472.88888888888886
4.566069356334791e-06,473.0
3.8053273563327767e-06,473.1111111111111
1.1499617626352281e-05,473.2222222222222
7.914105132119169e-06,473.3333333333333
1.12237580109926e-05,473.4444444444444
1.1988859278861382e-05,473.55555555555554
5.796596250848398e-06,473.66666666666663
1.2036771017989976e-05,473.77777777777777
1.1408121773799615e-05,473.88888888888886
1.0144526919334979e-05,474.0
8.834164927244136e-06,474.1111111111111
8.983070707459986e-06,474.2222222222222
6.581195369830125e-06,474.3333333333333
5.583073181588785e-06,474.4444444444444
2.926804964033656e-06,474.55555555555554
3.709030362682659e-06,474.66666666666663
1.2161269223780035e-05,474.77777777777777
8.699774758214566e-06,474.88888888888886
1.3374279740707594e-05,475.0
1.93988727762755e-05,475.1111111111111
1.4196301219959026e-05,475.2222222222222
1.4335493781390065e-05,475.3333333333333
2.4601129259168714e-05,475.4444444444444
7.875423511515149e-06,475.55555555555554
1.1358306184833859e-05,475.66666666666663
8.954916442321373e-06,475.77777777777777
2.1542447657873716e-05,475.88888888888886
6.8446231733040355e-06,476.0
4.259083492692232e-06,476.1111111111111
9.391826730406092e-06,476.2222222222222
1.9929270531424382e-05,476.3333333333333
8.518025329591921e-06,476.4444444444444
1.3434052514759847e-06,476.55555555555554
1.4651960842068877e-05,476.66666666666663
5.478075452513485e-06,476.77777777777777
1.421170826791565e-05,476.88888888888886
1.1908005879011552e-05,477.0
4.663650537688534e-06,477.1111111111111
1.1292399137619299e-05,477.2222222222222
1.4971049575705247e-05,477.3333333333333
3.711664052847221e-06,477.4444444444444
8.461324058428962e-06,477.55555555555554
1.0595190644381567e-05,477.66666666666663
1.4722168060770865e-05,477.77777777777777
6.61699337953032e-06,477.88888888888886
1.0285026974896623e-05,478.0
2.0873119417570333e-05,478.1111111111111
6.7808614822763635e-06,478.2222222222222
1.6678135363001493e-05,478.3333333333333
5.36009765906173e-06,478.4444444444444
3.5356380327006216e-06,478.55555555555554
9.957100179153807e-07,478.66666666666663
3.010049661263456e-06,478.77777777777777
1.5141854993457267e-05,478.88888888888886
2.3687248644142892e-05,479.0
4.015977713979048e-06,479.1111111111111
7.022995446148374e-06,479.2222222222222
6.0531665535976605e-06,479.3333333333333
1.0830009574702759e-05,479.4444444444444
5.283902915166105e-06,479.55555555555554
1.179772085181681e-05,479.66666666666663
8.013010529560848e-06,479.77777777777777
5.784959149493965e-06,479.88888888888886
8.001966224222067e-06,480.0
3.0343240567280294e-06,480.1111111111111
1.606763577929493e-05,480.2222222222222
1.4146130836382144e-05,480.3333333333333
1.134281111839161e-05,480.4444444444444
1.6961117901136888e-05,480.55555555555554
1.0210325493267786e-05,480.66666666666663
1.2328867617553305e-05,480.77777777777777
4.444100898606965e-06,480.88888888888886
2.433623287626615e-06,481.0
7.665790104809446e-06,481.1111111111111
4.0454866611817354e-06,481.2222222222222
1.7908546222899016e-05,481.3333333333333
8.992483045378083e-06,481.4444444444444
1.122348702524577e-05,481.55555555555554
3.1862387568074046e-06,481.66666666666663
7.524655244439278e-06,481.77777777777777
6.101524905127869e-06,481.88888888888886
1.3902446201530067e-05,482.0
5.551725285043175e-06,482.1111111111111
1.2166516209255724e-06,482.2222222222222
1.3498951786899005e-05,482.3333333333333
1.2563998881172185e-05,482.4444444444444
4.7949616195690906e-06,482.55555555555554
1.1528415943844328e-05,482.66666666666663
1.233993397608236e-05,482.77777777777777
9.34967345255354e-06,482.88888888888886
6.327897044008371e-06,483.0
1.9397956946783687e-06,483.1111111111111
7.509522808201007e-06,483.2222222222222
6.455349707439711e-06,483.3333333333333
1.7138335693802424e-05,483.4444444444444
8.597392141627204e-06,483.55555555555554
1.4686484494913472e-05,483.66666666666663
1.3347251958187854e-05,483.77777777777777
1.3260269489917024e-05,483.88888888888886
1.852025317450218e-05,484.0
5.028136269906114e-06,484.1111111111111
1.1227942075538091e-05,484.2222222222222
7.053676847899705e-06,484.3333333333333
7.573165091925728e-06,484.4444444444444
7.0027904183430075e-06,484.55555555555554
2.313066018467239e-05,484.66666666666663
8.39349429682384e-06,484.77777777777777
1.6586580018348604e-05,484.88888888888886
2.744855296125876e-06,485.0
2.3916598770979497e-05,485.1111111111111
6.159473969115519e-06,485.2222222222222
1.0589697190842723e-05,485.3333333333333
1.80552493942365e-05,485.4444444444444
5.327537731106262e-06,485.55555555555554
9.882590868561391e-06,485.66666666666663
1.4044971910226761e-05,485.77777777777777
9.943372931977035e-06,485.88888888888886
2.7367031632572995e-06,486.0
8.222751239505343e-06,486.1111111111111
1.088960620712567e-05,486.2222222222222
6.386637366054503e-06,486.3333333333333
5.246927588450562e-06,486.4444444444444
1.20365737245303e-05,486.55555555555554
1.2203870875690852e-05,486.66666666666663
2.1875914235468607e-05,486.77777777777777
5.1661390857075865e-06,486.88888888888886
3.77364098273245e-06,487.0
1.0699799573806506e-05,487.1111111111111
6.238079637243923e-06,487.2222222222222
6.747325398636821e-06,487.3333333333333
6.426347713075626e-06,487.4444444444444
4.162337129367555e-06,487.55555555555554
5.527990374338177e-06,487.66666666666663
3.625489961407904e-06,487.77777777777777
1.9239339796291412e-05,487.88888888888886
7.124648272893676e-06,488.0
8.032822385430736e-06,488.1111111111111
4.650266194182849e-06,488.2222222222222
2.7452131106124005e-06,488.3333333333333
8.834352973853336e-06,488.4444444444444
4.367452216546469e-06,488.55555555555554
4.172080207396805e-06,488.66666666666663
1.8883449474710857e-05,488.77777777777777
1.0134079321253752e-05,488.88888888888886
6.724848496036716e-06,489.0
1.7232643791330146e-05,489.1111111111111
9.92113417322731e-06,489.2222222222222
8.300983260866335e-06,489.3333333333333
1.1641356030348675e-05,489.4444444444444
1.2138144563763498e-05,489.55555555555554
1.0500622193639209e-05,489.66666666666663
1.2067360939221424e-05,489.77777777777777
1.675633353566231e-05,489.88888888888886
9.817696157368676e-06,490.0
8.061455325866903e-06,490.1111111111111
6.3266991461470695e-06,490.2222222222222
4.475493616428425e-06,490.3333333333333
1.045120776479739e-05,490.4444444444444
2.7070719122893135e-06,490.55555555555554
9.02147219328091e-06,490.66666666666663
7.378147190446425e-06,490.77777777777777
5.395504578340662e-06,490.88888888888886
2.4894737574821724e-05,491.0
7.658795827003737e-06,491.1111111111111
1.6302517054553243e-05,491.2222222222222
1.8136779348058813e-05,491.3333333333333
1.2391855057251261e-05,491.4444444444444
6.5642512548256746e-06,491.55555555555554
1.8388186767432463e-05,491.66666666666663
8.820193938210962e-06,491.77777777777777
5.208541886690988e-06,491.88888888888886
1.1819086777020931e-05,492.0
7.089759951893558e-06,492.1111111111111
4.033514364177157e-06,492.2222222222222
4.98216973300574e-06,492.3333333333333
9.193214504911204e-06,492.4444444444444
8.779109831076788e-06,492.55555555555554
1.647832619395898e-05,492.66666666666663
4.452152949429474e-06,492.77777777777777
7.598998079220328e-06,492.88888888888886
1.5802729083969828e-05,493.0
1.056619363582213e-05,493.1111111111111
8.489720055266382e-06,493.2222222222222
8.761400885315908e-06,493.3333333333333
1.1919257798566395e-05,493.4444444444444
1.3606158889523075e-05,493.55555555555554
6.5006383712620835e-06,493.66666666666663
2.0828954819316004e-05,493.77777777777777
2.092364350380707e-05,493.88888888888886
2.711067297440782e-06,494.0
1.2170405973934802e-05,494.1111111111111
6.608469331336086e-06,494.2222222222222
5.50541839435745e-06,494.3333333333333
3.2257327947965685e-06,494.4444444444444
1.5793677973755854e-05,494.55555555555554
7.9130005556542e-06,494.66666666666663
3.791949350305698e-06,494.77777777777777
1.6489723306763128e-05,494.88888888888886
4.382929901104424e-06,495.0
1.1028293462831427e-05,495.1111111111111
9.584079097213746e-06,495.2222222222222
3.99806678610841e-06,495.3333333333333
1.6449924532822097e-05,495.4444444444444
7.023278561824713e-06,495.55555555555554
1.0540731182823014e-05,495.66666666666663
1.6229206894728982e-06,495.77777777777777
2.1365569949204443e-05,495.88888888888886
6.146144486526804e-07,496.0
1.295723428556944e-05,496.1111111111111
9.890821384955335e-06,496.2222222222222
3.0548140780841447e-06,496.3333333333333
1.0609400979780134e-05,496.4444444444444
1.258051533754819e-05,496.55555555555554
1.5162742779827432e-05,496.66666666666663
1.088004630944874e-05,496.77777777777777
1.1882496710356405e-05,496.88888888888886
3.316559828573667e-06,497.0
5.844835624848851e-06,497.1111111111111
3.6231876241501263e-06,497.2222222222222
9.930426729920454e-06,497.3333333333333
1.1947660140629361e-05,497.4444444444444
1.5415834819256533e-05,497.55555555555554
6.708639985158839e-06,497.66666666666663
1.0686934678340407e-05,497.77777777777777
1.7251513698270785e-05,497.88888888888886
1.531893554518713e-05,498.0
8.13662264429508e-06,498.1111111111111
5.986296568794105e-06,498.2222222222222
1.7636004742288097e-05,498.3333333333333
3.6065192398631445e-06,498.4444444444444
7.3379609811755295e-06,498.55555555555554
1.115964608750946e-05,498.66666666666663
1.1858208632409033e-05,498.77777777777777
1.0985244231225239e-05,498.88888888888886
1.1671296965581197e-05,499.0
7.665136950018846e-06,499.1111111111111
5.625566761127821e-06,499.2222222222222
4.21196515945119e-06,499.3333333333333
1.5135125664897989e-05,499.4444444444444
9.373124759430353e-06,499.55555555555554
1.0887235512688923e-05,499.66666666666663
4.411449699255885e-06,499.77777777777777
1.4550737217830535e-06,499.88888888888886
4.666666666666671e-06,500.0
