Amplitude,Frequency
0.018985555555555554,0.0
9.835850337352323e-06,0.1111111111111111
7.208955819715065e-06,0.2222222222222222
6.647391316564565e-06,0.3333333333333333
9.463877013038566e-06,0.4444444444444444
1.0030994590535788e-05,0.5555555555555556
5.219030729379917e-06,0.6666666666666666
1.5174247680432932e-05,0.7777777777777777
1.2050431146684713e-05,0.8888888888888888
5.550007544144908e-06,1.0
9.22977882729674e-06,1.1111111111111112
1.0445786827220304e-05,1.222222222222222
6.79111912110185e-06,1.3333333333333333
1.3017767172895627e-05,1.4444444444444444
5.500988725602759e-06,1.5555555555555554
1.2045021625118592e-05,1.6666666666666665
1.763559785921118e-05,1.7777777777777777
1.9488362324630202e-05,1.8888888888888888
6.0523168528039175e-06,2.0
7.530969991500705e-06,2.111111111111111
9.040368048492263e-06,2.2222222222222223
1.7280370711020926e-05,2.333333333333333
4.431526275629274e-06,2.444444444444444
1.1988691682238176e-05,2.5555555555555554
1.681114106043232e-05,2.6666666666666665
1.6202264916927477e-05,2.7777777777777777
1.2652039502697192e-05,2.888888888888889
8.900225420091882e-06,3.0
1.8259044490529176e-05,3.1111111111111107
3.896520378922587e-06,3.222222222222222
3.988504108919809e-06,3.333333333333333
1.0040397799983216e-05,3.444444444444444
9.820983057804334e-06,3.5555555555555554
1.030759630905612e-05,3.6666666666666665
1.1621884138490979e-05,3.7777777777777777
7.870020053534738e-06,3.888888888888889
1.218012046836818e-05,4.0
2.8101346349527978e-06,4.111111111111111
8.4482186272377e-06,4.222222222222222
1.901557777981322e-05,4.333333333333333
9.631104130673575e-06,4.444444444444445
6.522325253332986e-06,4.555555555555555
1.854076741122339e-05,4.666666666666666
1.0206819928782346e-05,4.777777777777778
1.5064049012532677e-05,4.888888888888888
3.2044069989311217e-06,5.0
1.1506163984424494e-05,5.111111111111111
6.166196831494677e-06,5.222222222222222
9.608816562807617e-06,5.333333333333333
1.0582183646257465e-05,5.444444444444444
1.3854706917068528e-05,5.555555555555555
1.2931443975073325e-05,5.666666666666666
2.3534521988138205e-05,5.777777777777778
6.07992913063855e-06,5.888888888888888
1.2241769263010605e-05,6.0
1.2363222536605737e-05,6.111111111111111
1.0798880393156281e-05,6.222222222222221
1.0055482236497165e-05,6.333333333333333
6.211426655278309e-06,6.444444444444444
5.332073535009282e-06,6.555555555555555
8.142264075109794e-06,6.666666666666666
5.5020025996385305e-06,6.777777777777778
2.8403478423441777e-06,6.888888888888888
1.0544167418344553e-05,7.0
2.439608119698207e-06,7.111111111111111
5.6621428945023154e-06,7.222222222222221
3.1817517481154265e-06,7.333333333333333
1.0354692821588978e-05,7.444444444444444
9.067513064340107e-06,7.555555555555555
2.2829699730673288e-06,7.666666666666666
1.3539677321046296e-05,7.777777777777778
9.154917243448678e-06,7.888888888888888
1.3722490171756666e-05,8.0
2.881046183169824e-06,8.11111111111111
1.3453705972932541e-05,8.222222222222221
1.1550683129933537e-05,8.333333333333332
1.3100631294157403e-05,8.444444444444445
6.910842003754403e-06,8.555555555555555
4.946895766836563e-06,8.666666666666666
2.927221980491516e-06,8.777777777777777
7.682053311048434e-06,8.88888888888889
8.283191969566085e-06,9.0
2.5437482826991955e-06,9.11111111111111
3.3840541242870077e-06,9.222222222222221
1.496432282042527e-05,9.333333333333332
1.8580743921686897e-06,9.444444444444445
9.570670462574793e-06,9.555555555555555
2.527498862167386e-05,9.666666666666666
8.556541851957335e-06,9.777777777777777
2.3964237490105435e-05,9.888888888888888
1.1701206627578668e-05,10.0
3.3214246491779926e-06,10.11111111111111
3.6717464216357695e-06,10.222222222222221
1.5999563812153605e-05,10.333333333333332
2.615499222453332e-06,10.444444444444445
1.936963168819315e-05,10.555555555555555
7.112385014577479e-06,10.666666666666666
1.4751204702702505e-05,10.777777777777777
3.999876253589359e-06,10.888888888888888
3.3703966453355787e-06,11.0
1.1997376298760883e-05,11.11111111111111
1.770615376216107e-05,11.222222222222221
1.0249407927716222e-05,11.333333333333332
1.6865496388027903e-05,11.444444444444445
1.0925138513079373e-05,11.555555555555555
1.6511527555925707e-05,11.666666666666666
1.1054088022765601e-05,11.777777777777777
1.0137865929913413e-05,11.888888888888888
5.0648349137384e-06,12.0
1.1840532977171384e-05,12.11111111111111
9.474361562406848e-06,12.222222222222221
4.981226286739641e-06,12.333333333333332
1.0032977593777788e-06,12.444444444444443
3.896727481643465e-06,12.555555555555555
1.0624266126454873e-05,12.666666666666666
4.904813833193627e-06,12.777777777777777
9.56902305174724e-07,12.888888888888888
3.1082291755457046e-06,13.0
7.404471753466177e-06,13.11111111111111
6.537108772742887e-06,13.222222222222221
4.646699695446258e-06,13.333333333333332
1.0522335748392743e-05,13.444444444444443
1.274981503264172e-05,13.555555555555555
2.5681026658143944e-05,13.666666666666666
6.991506488684352e-06,13.777777777777777
8.8818804063798e-06,13.888888888888888
9.132712264181027e-06,14.0
9.534741875777511e-06,14.11111111111111
1.2338589195952111e-05,14.222222222222221
1.2016791569070892e-05,14.333333333333332
7.4320112073301004e-06,14.444444444444443
9.468817215343739e-06,14.555555555555555
8.635289472600312e-06,14.666666666666666
4.796901572421898e-06,14.777777777777777
7.897053537121097e-06,14.888888888888888
2.2012963838125093e-06,15.0
7.975400586298432e-06,15.11111111111111
2.4766655361958284e-06,15.222222222222221
8.167108255753837e-06,15.333333333333332
1.7252146818515435e-05,15.444444444444443
8.818208797735101e-06,15.555555555555555
6.421849216951496e-06,15.666666666666666
8.101705186288626e-06,15.777777777777777
5.3391923025051525e-06,15.888888888888888
7.779711694111138e-06,16.0
7.692950336208452e-06,16.11111111111111
6.400940694162644e-06,16.22222222222222
1.138908729059361e-05,16.333333333333332
5.00686307103306e-06,16.444444444444443
9.745320327832975e-06,16.555555555555554
7.086398132243755e-06,16.666666666666664
1.654135945401026e-05,16.77777777777778
6.8946165778573984e-06,16.88888888888889
1.3581594933259022e-06,17.0
4.473806404993188e-06,17.11111111111111
1.8383986126291644e-05,17.22222222222222
9.105983862010495e-06,17.333333333333332
1.482284754296925e-06,17.444444444444443
4.728021668326904e-06,17.555555555555554
6.671473270660947e-06,17.666666666666664
1.151308595554604e-05,17.77777777777778
1.4971600817250265e-05,17.88888888888889
1.1320588042288095e-05,18.0
7.2474717110965576e-06,18.11111111111111
6.182482243805756e-06,18.22222222222222
7.641763040032235e-06,18.333333333333332
1.092170103792635e-05,18.444444444444443
4.7135221773271454e-06,18.555555555555554
6.932710804856251e-06,18.666666666666664
9.287930421455881e-06,18.777777777777775
1.3705594575283551e-05,18.88888888888889
3.2390015850142276e-06,19.0
2.796665563524738e-06,19.11111111111111
1.3723064345444384e-05,19.22222222222222
8.216707893276765e-06,19.333333333333332
1.8545860250584938e-05,19.444444444444443
6.97463382895929e-06,19.555555555555554
5.107532268128276e-06,19.666666666666664
1.8744773186910834e-05,19.777777777777775
2.991189059121949e-06,19.88888888888889
3.260708444255752e-06,20.0
3.26351757127314e-06,20.11111111111111
1.3296216260302881e-05,20.22222222222222
3.7789139994261435e-06,20.333333333333332
1.3872058404844436e-05,20.444444444444443
1.8187934995515028e-06,20.555555555555554
3.7006885324713513e-06,20.666666666666664
9.671847395222876e-06,20.777777777777775
1.3419883513845309e-05,20.88888888888889
8.513582244201955e-06,21.0
5.645005706884429e-06,21.11111111111111
1.863280546688635e-05,21.22222222222222
1.56949697283628e-05,21.333333333333332
4.936755633986561e-06,21.444444444444443
1.8233080747459947e-05,21.555555555555554
2.2768937399511646e-06,21.666666666666664
1.5115421353396667e-05,21.777777777777775
1.685039660437667e-05,21.88888888888889
1.2241320039190304e-05,22.0
1.3505137624564889e-05,22.11111111111111
6.303694865936305e-06,22.22222222222222
8.911862405074033e-06,22.333333333333332
1.670684706085505e-05,22.444444444444443
1.4267346790759574e-05,22.555555555555554
2.210132475815349e-05,22.666666666666664
2.233570793237842e-06,22.777777777777775
2.7698790715471684e-06,22.88888888888889
1.167344699118242e-05,23.0
1.1849790232727878e-05,23.11111111111111
1.7226623791659296e-06,23.22222222222222
6.575967071710137e-06,23.333333333333332
2.1377547165916328e-06,23.444444444444443
9.955724124305183e-06,23.555555555555554
9.263368843180388e-06,23.666666666666664
4.62620202711541e-06,23.777777777777775
3.528414881027274e-06,23.88888888888889
1.32634517845152e-05,24.0
7.017068190182219e-06,24.11111111111111
7.893012828058212e-06,24.22222222222222
1.4053870680575368e-05,24.333333333333332
2.539299630595467e-06,24.444444444444443
1.8367688609396615e-05,24.555555555555554
6.325917036085503e-06,24.666666666666664
4.675653982412449e-06,24.777777777777775
4.848017372982071e-06,24.888888888888886
5.635203044645113e-06,25.0
5.624037436819293e-06,25.11111111111111
1.3029749069367371e-05,25.22222222222222
2.614711381665362e-06,25.333333333333332
2.0283593400468975e-06,25.444444444444443
5.90856710804251e-06,25.555555555555554
8.057765340884078e-06,25.666666666666664
5.064537722466369e-06,25.777777777777775
5.379878789732487e-06,25.888888888888886
6.963281673133184e-06,26.0
6.91025333899396e-06,26.11111111111111
2.917488383020909e-06,26.22222222222222
1.7713117227549846e-05,26.333333333333332
8.482034225995632e-06,26.444444444444443
3.2922557946027154e-06,26.555555555555554
1.314585412222284e-06,26.666666666666664
1.0952954355665524e-05,26.777777777777775
1.8743929174827195e-05,26.888888888888886
1.6484284744231246e-05,27.0
2.024522901586145e-06,27.11111111111111
1.3033600258306565e-05,27.22222222222222
6.758753902875824e-06,27.333333333333332
1.4765000707670744e-05,27.444444444444443
1.5300725671535682e-05,27.555555555555554
5.0029019737990446e-06,27.666666666666664
1.411875050489543e-05,27.777777777777775
1.5641656245641705e-05,27.888888888888886
1.6521529581471974e-05,28.0
5.626413570024016e-06,28.11111111111111
8.312300136964774e-06,28.22222222222222
5.960551832169959e-06,28.333333333333332
6.66256512278736e-06,28.444444444444443
6.362739352552815e-06,28.555555555555554
6.609888538451379e-06,28.666666666666664
9.8048090527822e-06,28.777777777777775
5.363965598541021e-06,28.888888888888886
1.5829453352104684e-05,29.0
1.5694791533405098e-06,29.11111111111111
8.445872147436594e-06,29.22222222222222
8.619503345006832e-06,29.333333333333332
1.5841458961274042e-05,29.444444444444443
1.3908717007746187e-05,29.555555555555554
6.847507772582112e-06,29.666666666666664
6.494369020998318e-06,29.777777777777775
1.274591063459616e-05,29.888888888888886
1.0810868734262407e-05,30.0
3.1072884940506143e-06,30.11111111111111
6.903462939250419e-06,30.22222222222222
9.4536103026694e-06,30.333333333333332
7.663141427151436e-06,30.444444444444443
1.1849687984730222e-05,30.555555555555554
1.1624197316303468e-05,30.666666666666664
9.889866492262739e-06,30.777777777777775
9.855567337170385e-06,30.888888888888886
1.3271357151812143e-05,31.0
1.9652620301240637e-05,31.11111111111111
1.9819431541611576e-05,31.22222222222222
8.535831615788555e-06,31.333333333333332
9.450147629006555e-06,31.444444444444443
2.1467535630592607e-05,31.555555555555554
1.1810751376114131e-05,31.666666666666664
4.178952556804384e-06,31.777777777777775
7.888092656298557e-06,31.888888888888886
6.839293637291027e-06,32.0
1.0947927113997297e-05,32.11111111111111
1.7171475623912947e-05,32.22222222222222
5.8353541542006075e-06,32.33333333333333
1.4559201046087815e-05,32.44444444444444
1.464267130424477e-05,32.55555555555556
5.718501113899172e-06,32.666666666666664
9.947417579997781e-06,32.77777777777778
1.1356916307868033e-05,32.888888888888886
2.8841463037253228e-06,33.0
4.139747393233421e-06,33.11111111111111
4.033071490678803e-06,33.22222222222222
1.3766058865834389e-05,33.33333333333333
7.943842515893351e-06,33.44444444444444
1.8273921178441363e-06,33.55555555555556
6.330309851892959e-06,33.666666666666664
1.5228092895757154e-06,33.77777777777778
6.0960468628406824e-06,33.888888888888886
1.956838525254463e-05,34.0
1.836395714082091e-05,34.11111111111111
1.9560674286391922e-05,34.22222222222222
1.711805590917338e-05,34.33333333333333
6.276483187589406e-06,34.44444444444444
1.4099525659579583e-05,34.55555555555556
1.1282463176548908e-05,34.666666666666664
7.229284931358613e-06,34.77777777777778
7.245049790915497e-06,34.888888888888886
1.4375586615776083e-05,35.0
5.572803832551635e-06,35.11111111111111
2.3323104677983617e-05,35.22222222222222
9.065961132759713e-06,35.33333333333333
5.515102511411804e-06,35.44444444444444
1.9805463727406834e-05,35.55555555555556
7.181379043407544e-06,35.666666666666664
1.1454945597564987e-05,35.77777777777778
5.1034484788323446e-06,35.888888888888886
1.2945963749377265e-05,36.0
1.348905234082973e-05,36.11111111111111
5.763275162582902e-06,36.22222222222222
9.239945337048988e-06,36.33333333333333
4.592983519059e-06,36.44444444444444
5.704945514771909e-06,36.55555555555555
7.973243777075769e-06,36.666666666666664
7.134340932993688e-06,36.77777777777778
1.0599676975115168e-05,36.888888888888886
2.726810320474906e-06,37.0
1.2608053155031106e-05,37.11111111111111
1.0777311298351197e-05,37.22222222222222
1.0327706438499894e-05,37.33333333333333
1.532522720511388e-05,37.44444444444444
3.6084102124381806e-06,37.55555555555555
5.6403157863413995e-06,37.666666666666664
6.595466568265031e-06,37.77777777777778
1.4069503894392153e-05,37.888888888888886
1.2701625145229913e-05,38.0
5.660038045730581e-06,38.11111111111111
7.949513623278001e-06,38.22222222222222
1.7545773936008215e-05,38.33333333333333
6.680669237076529e-06,38.44444444444444
9.689393198508197e-06,38.55555555555555
6.35848932847964e-06,38.666666666666664
1.0065700520238928e-05,38.77777777777778
3.5011470558304975e-06,38.888888888888886
1.1680262832361046e-05,39.0
3.3715003059644723e-06,39.11111111111111
5.574274723478779e-06,39.22222222222222
3.0301319279112803e-06,39.33333333333333
1.8000621998561554e-05,39.44444444444444
9.401679818401834e-06,39.55555555555555
1.4909579761878709e-05,39.666666666666664
2.068490815806004e-05,39.77777777777778
6.001034369393931e-06,39.888888888888886
2.446133487074504e-06,40.0
1.3124531880681325e-06,40.11111111111111
4.119767397166527e-06,40.22222222222222
1.0579955614019551e-05,40.33333333333333
6.235140347803257e-06,40.44444444444444
4.585851401125234e-06,40.55555555555555
8.80113895397053e-06,40.666666666666664
3.1254527768868183e-06,40.77777777777778
5.7721210862119884e-06,40.888888888888886
9.468076265498225e-06,41.0
1.035697580063279e-05,41.11111111111111
3.0814910662036814e-06,41.22222222222222
5.084317010878716e-06,41.33333333333333
2.524664429319795e-06,41.44444444444444
5.108705116245384e-06,41.55555555555555
8.993966166765267e-07,41.666666666666664
1.1518375613793736e-05,41.77777777777778
3.3581218643069594e-06,41.888888888888886
1.07316332126886e-05,42.0
1.9383041176648016e-06,42.11111111111111
5.939853962711434e-06,42.22222222222222
6.770529694126987e-06,42.33333333333333
6.646781988491533e-06,42.44444444444444
1.3358370135995958e-05,42.55555555555555
2.5501675927433615e-06,42.666666666666664
1.8518981370243652e-05,42.77777777777778
7.503674108797539e-06,42.888888888888886
8.90470620187682e-06,43.0
3.1835968972650904e-06,43.11111111111111
1.0450694803002772e-05,43.22222222222222
5.121068125038289e-06,43.33333333333333
4.221169503544149e-06,43.44444444444444
1.7788578080783698e-05,43.55555555555555
1.2276288003705825e-05,43.666666666666664
1.0822364611312704e-05,43.77777777777778
5.620454748315688e-06,43.888888888888886
1.4141761181741548e-05,44.0
1.7499326993975886e-05,44.11111111111111
3.618487400683233e-06,44.22222222222222
8.352977817190116e-06,44.33333333333333
1.5851367137665854e-05,44.44444444444444
5.309200083160406e-06,44.55555555555555
1.1188641931732476e-05,44.666666666666664
9.660349302233702e-06,44.77777777777778
5.434986192240028e-06,44.888888888888886
1.825071254453994e-05,45.0
6.807201021350221e-06,45.11111111111111
6.683108555525374e-06,45.22222222222222
1.1132605291976481e-05,45.33333333333333
9.257097345958239e-06,45.44444444444444
9.900152882949774e-06,45.55555555555555
1.1559800173141372e-05,45.666666666666664
5.076020173965406e-06,45.77777777777778
2.033158553796325e-05,45.888888888888886
9.654632389371928e-06,46.0
1.6487072183292234e-05,46.11111111111111
1.0901592949671023e-05,46.22222222222222
1.239614559516172e-05,46.33333333333333
8.326961493538771e-06,46.44444444444444
7.253129771526473e-06,46.55555555555555
9.593579393209101e-06,46.666666666666664
1.4969975181326247e-06,46.77777777777778
6.104712656843511e-06,46.888888888888886
8.564661653071064e-06,47.0
2.0991974867122346e-06,47.11111111111111
5.713360921826193e-06,47.22222222222222
2.280330506600159e-06,47.33333333333333
8.3257945449926e-06,47.44444444444444
1.0963310499328636e-05,47.55555555555555
6.000311817583478e-06,47.666666666666664
8.911216674179768e-06,47.77777777777778
6.733128881336802e-06,47.888888888888886
1.1279399575596292e-05,48.0
1.07849069206353e-05,48.11111111111111
4.044771720179697e-06,48.22222222222222
1.2736556563789579e-05,48.33333333333333
9.41500016268152e-06,48.44444444444444
1.052686371264801e-06,48.55555555555555
5.370186057662016e-06,48.666666666666664
1.058482756348443e-05,48.77777777777778
5.834976094761805e-06,48.888888888888886
9.746752122848304e-06,49.0
7.983191361688297e-06,49.11111111111111
1.1005295570212117e-05,49.22222222222222
3.7140142606189134e-06,49.33333333333333
1.5292641283660945e-05,49.44444444444444
1.044421069944193e-05,49.55555555555555
4.968256474241931e-06,49.666666666666664
1.1437502686999276e-05,49.77777777777777
7.598095880309592e-06,49.888888888888886
1.2079117173229441e-05,50.0
1.422475494881081e-05,50.11111111111111
1.82300105073309e-05,50.22222222222222
3.6048562578389087e-06,50.33333333333333
4.517028768320161e-06,50.44444444444444
1.3052753136936365e-05,50.55555555555555
6.29268852334681e-06,50.666666666666664
1.1213827580894084e-05,50.77777777777777
2.318675759771949e-06,50.888888888888886
1.5347317958965513e-05,51.0
1.1763393711912357e-05,51.11111111111111
6.391966606047046e-06,51.22222222222222
1.5589736051289908e-05,51.33333333333333
5.273281783859415e-06,51.44444444444444
6.108211306276674e-06,51.55555555555555
9.390815837253451e-06,51.666666666666664
1.5496922198176407e-05,51.77777777777777
9.192072967758274e-06,51.888888888888886
2.0333669162292848e-05,52.0
5.772724246783258e-06,52.11111111111111
9.173276381910475e-06,52.22222222222222
6.244603114585759e-06,52.33333333333333
1.762874456299568e-05,52.44444444444444
8.829295212407237e-06,52.55555555555555
4.696454098858498e-06,52.666666666666664
6.63215722851925e-06,52.77777777777777
6.635473852419412e-06,52.888888888888886
7.639803363672016e-06,53.0
8.76370598612235e-06,53.11111111111111
1.5775452917637783e-06,53.22222222222222
2.1524930659076393e-06,53.33333333333333
4.267889420694009e-06,53.44444444444444
1.6885133509367632e-05,53.55555555555555
1.0139388599874197e-05,53.666666666666664
9.48609209851039e-06,53.77777777777777
1.0027426089051085e-05,53.888888888888886
3.5841512057704754e-06,54.0
3.1267528365264978e-06,54.11111111111111
6.927116212780565e-06,54.22222222222222
7.708861228753785e-06,54.33333333333333
9.441337367490474e-06,54.44444444444444
6.360438336107666e-06,54.55555555555555
7.31496421299048e-06,54.666666666666664
1.4889941830944597e-05,54.77777777777777
1.4410011749897248e-05,54.888888888888886
1.0105166298333957e-05,55.0
7.246839150678275e-06,55.11111111111111
3.7434545957201254e-06,55.22222222222222
5.198091164392332e-06,55.33333333333333
1.0581253852480805e-05,55.44444444444444
5.237424916136593e-06,55.55555555555555
8.284031547044749e-06,55.666666666666664
1.9872087209193062e-05,55.77777777777777
1.0383047432183144e-05,55.888888888888886
1.6160946657521603e-05,56.0
7.931348052765439e-06,56.11111111111111
4.158394369899114e-06,56.22222222222222
2.1214831834928724e-06,56.33333333333333
1.1980237969177848e-05,56.44444444444444
1.2042052926628752e-05,56.55555555555555
7.926556898897152e-06,56.666666666666664
3.8645768856352215e-06,56.77777777777777
1.2947670224429827e-05,56.888888888888886
6.7040449571785605e-06,57.0
5.061324613491172e-06,57.11111111111111
5.108710273076753e-06,57.22222222222222
1.485886184997302e-05,57.33333333333333
9.095531562620772e-06,57.44444444444444
5.5247833910808e-06,57.55555555555555
8.648843943865652e-06,57.666666666666664
4.100586818932074e-06,57.77777777777777
6.140438833937752e-06,57.888888888888886
9.189856804529513e-06,58.0
2.3015990120978275e-07,58.11111111111111
1.2943637402700243e-05,58.22222222222222
3.907464822948902e-06,58.33333333333333
1.2133337274382026e-05,58.44444444444444
5.654788173155646e-06,58.55555555555555
1.6862688496926479e-06,58.666666666666664
1.7743788713886624e-05,58.77777777777777
1.4183819034041177e-05,58.888888888888886
5.980153501353759e-06,59.0
1.3305012325462042e-05,59.11111111111111
1.5078866048548938e-05,59.22222222222222
1.689594743547657e-05,59.33333333333333
7.919124553627076e-06,59.44444444444444
1.7506541471136044e-05,59.55555555555555
5.632219514707162e-06,59.666666666666664
1.2380974566149842e-05,59.77777777777777
1.4265742135548512e-05,59.888888888888886
2.0528396823173424e-06,60.0
1.1297212744121143e-05,60.11111111111111
1.0080099610256102e-05,60.22222222222222
1.6285075847898933e-05,60.33333333333333
2.62676034174106e-05,60.44444444444444
8.797496131328975e-06,60.55555555555555
7.71739190698735e-06,60.666666666666664
1.6104881032860826e-05,60.77777777777777
4.109646139039803e-06,60.888888888888886
8.454195577660365e-06,61.0
9.629008786708942e-06,61.11111111111111
2.7047656803174387e-06,61.22222222222222
1.2632261824924804e-05,61.33333333333333
7.143584800888334e-06,61.44444444444444
4.8715094083396425e-06,61.55555555555555
1.1224328341352074e-05,61.666666666666664
1.0745511029298162e-05,61.77777777777777
3.1479622771019256e-06,61.888888888888886
2.3063668467230945e-06,62.0
2.274241727020146e-06,62.11111111111111
1.8445617938115625e-05,62.22222222222222
1.2138591918313307e-05,62.33333333333333
7.162641483096707e-06,62.44444444444444
6.914697772027836e-06,62.55555555555555
4.4081555091828844e-06,62.666666666666664
8.898884610949542e-06,62.77777777777777
7.870370073115814e-06,62.888888888888886
5.617993942957967e-06,63.0
5.4619062490212295e-06,63.11111111111111
2.029626714607407e-05,63.22222222222222
8.604322440776769e-06,63.33333333333333
1.0736200836774108e-05,63.44444444444444
1.0874507666664887e-05,63.55555555555555
9.483152466437675e-07,63.666666666666664
2.0482178093632766e-06,63.77777777777777
4.630125381908217e-06,63.888888888888886
7.050167310783029e-06,64.0
3.0279484742380575e-06,64.11111111111111
2.3975587600666556e-06,64.22222222222221
1.7089774637193378e-05,64.33333333333333
1.6682342801407395e-05,64.44444444444444
1.90128345105029e-05,64.55555555555556
1.3971738711496105e-05,64.66666666666666
1.5752861478916958e-05,64.77777777777777
5.896354971579042e-06,64.88888888888889
3.6603877991010515e-06,65.0
1.2444238485669706e-05,65.11111111111111
1.7244424709677515e-05,65.22222222222221
6.3494309485279605e-06,65.33333333333333
1.5793488516747826e-05,65.44444444444444
6.018240911972725e-06,65.55555555555556
4.510925118722936e-06,65.66666666666666
1.2853126162654316e-06,65.77777777777777
1.3289751386309916e-05,65.88888888888889
1.4758641149362671e-05,66.0
1.1145704206285022e-05,66.11111111111111
2.304019940682565e-05,66.22222222222221
1.0838341610736328e-05,66.33333333333333
8.861365702962931e-06,66.44444444444444
1.213809563035678e-05,66.55555555555556
5.167330041641281e-06,66.66666666666666
8.870651789941899e-06,66.77777777777777
1.8127389517572268e-05,66.88888888888889
1.89809978185377e-05,67.0
1.085801405964495e-05,67.11111111111111
1.8595137937489197e-06,67.22222222222221
2.022449457894118e-05,67.33333333333333
1.5749488004672352e-05,67.44444444444444
7.382941279581348e-06,67.55555555555556
2.778447680288201e-06,67.66666666666666
7.358134040457737e-06,67.77777777777777
4.189789226485838e-06,67.88888888888889
1.0142824402286981e-05,68.0
6.064903831732039e-06,68.11111111111111
1.5158924196389599e-05,68.22222222222221
6.3219388182038406e-06,68.33333333333333
1.2537780077428379e-05,68.44444444444444
1.542016304992091e-05,68.55555555555556
2.117715512170802e-05,68.66666666666666
1.8021792018325723e-05,68.77777777777777
7.270277838742543e-06,68.88888888888889
8.837851921233597e-06,69.0
1.855077171396269e-06,69.11111111111111
5.682287860577054e-06,69.22222222222221
8.840663890864006e-06,69.33333333333333
7.956083815616223e-06,69.44444444444444
1.495183691777088e-05,69.55555555555556
6.75229708739177e-06,69.66666666666666
1.2172051069154874e-05,69.77777777777777
9.093527422602887e-06,69.88888888888889
4.914040557487748e-06,70.0
1.5398463172499893e-05,70.11111111111111
2.3424673394963127e-05,70.22222222222221
9.242288924968408e-06,70.33333333333333
1.1855816280351729e-05,70.44444444444444
1.8764503069197961e-06,70.55555555555556
1.4298951713660633e-05,70.66666666666666
1.930220239620644e-05,70.77777777777777
1.6409411168953253e-05,70.88888888888889
2.1861633507301383e-05,71.0
2.354881054959244e-05,71.11111111111111
2.362983564600103e-05,71.22222222222221
1.2561363785951182e-05,71.33333333333333
1.161241566060796e-05,71.44444444444444
1.0590000606421582e-05,71.55555555555556
7.316050581162708e-06,71.66666666666666
5.7067429702790895e-06,71.77777777777777
1.4627756737742743e-05,71.88888888888889
1.1436023846653424e-05,72.0
1.1032941816002625e-05,72.1111111111111
4.405077178814657e-06,72.22222222222221
1.9529742464035198e-05,72.33333333333333
1.949657650600635e-05,72.44444444444444
1.500078580600341e-05,72.55555555555556
5.729370136276693e-06,72.66666666666666
1.6071488770724695e-05,72.77777777777777
1.0625599811601113e-05,72.88888888888889
5.020762737394093e-06,73.0
1.7364515529620293e-05,73.1111111111111
1.926014862263518e-06,73.22222222222221
6.244355632011481e-06,73.33333333333333
1.209626488453467e-05,73.44444444444444
3.744184763245953e-06,73.55555555555556
1.4608455462088041e-05,73.66666666666666
1.1801889405975353e-05,73.77777777777777
7.206365810787085e-06,73.88888888888889
1.5513634010832682e-06,74.0
4.363856042451168e-06,74.1111111111111
2.896055562798253e-06,74.22222222222221
2.7948874465774983e-06,74.33333333333333
8.6608310250494e-06,74.44444444444444
5.042432696192256e-06,74.55555555555556
5.866578872118877e-06,74.66666666666666
8.598397811497156e-06,74.77777777777777
1.2398939862068366e-05,74.88888888888889
9.072997258879887e-06,75.0
1.5054519692747866e-05,75.1111111111111
1.2922056385616234e-05,75.22222222222221
1.820838939058728e-05,75.33333333333333
8.62392833486456e-06,75.44444444444444
1.5436840304399162e-05,75.55555555555556
8.11980182055534e-06,75.66666666666666
3.4779000616858823e-06,75.77777777777777
1.5686189345975756e-05,75.88888888888889
9.413362366604489e-06,76.0
5.7846905964002096e-06,76.1111111111111
8.418916158142783e-06,76.22222222222221
3.87915427009967e-06,76.33333333333333
6.385830130009792e-06,76.44444444444444
1.765511955011364e-06,76.55555555555556
1.2997593554217308e-05,76.66666666666666
1.3017714492387055e-05,76.77777777777777
2.156656201285608e-06,76.88888888888889
9.729942905246855e-06,77.0
1.6792758122929463e-05,77.1111111111111
1.799877499736911e-05,77.22222222222221
2.992938693017499e-06,77.33333333333333
1.1095727455999486e-05,77.44444444444444
6.82629291121549e-06,77.55555555555556
7.519810257644742e-06,77.66666666666666
1.3920141114569413e-05,77.77777777777777
3.5848956184409604e-06,77.88888888888889
1.2828396307136083e-05,78.0
6.25488277699855e-06,78.1111111111111
1.0052714779643268e-05,78.22222222222221
1.433234718993973e-05,78.33333333333333
1.4394996439962636e-05,78.44444444444444
1.4007695588787585e-05,78.55555555555556
4.212228000261236e-06,78.66666666666666
5.585068770933911e-06,78.77777777777777
1.1583935913844865e-05,78.88888888888889
1.184523354572781e-05,79.0
2.7738576258632474e-06,79.1111111111111
9.352586551771191e-06,79.22222222222221
8.777705478038114e-06,79.33333333333333
1.2333544928103333e-05,79.44444444444444
9.589105814197611e-06,79.55555555555556
2.0680630861903653e-05,79.66666666666666
2.774052825400454e-06,79.77777777777777
7.877001784151644e-06,79.88888888888889
1.526817064291091e-05,80.0
6.868609138849383e-06,80.1111111111111
1.4539739613275798e-05,80.22222222222221
7.638461948826734e-06,80.33333333333333
8.079738607527392e-06,80.44444444444444
8.546369830612795e-06,80.55555555555556
1.839351158482296e-05,80.66666666666666
6.229221437847806e-06,80.77777777777777
6.002729465197135e-06,80.88888888888889
1.377337918013525e-05,81.0
3.56727360270318e-06,81.1111111111111
1.661873612088169e-06,81.22222222222221
1.02561341245429e-05,81.33333333333333
2.028792724120426e-06,81.44444444444444
7.90971254567584e-06,81.55555555555556
1.0308477701857155e-05,81.66666666666666
1.0679525931515571e-05,81.77777777777777
6.874031256575296e-06,81.88888888888889
2.4839032074671433e-06,82.0
4.900301320784197e-06,82.1111111111111
3.915436157219081e-06,82.22222222222221
4.324846541191734e-06,82.33333333333333
1.011746856439671e-05,82.44444444444444
1.001773332388676e-05,82.55555555555556
4.807049137364016e-06,82.66666666666666
9.733034810560752e-06,82.77777777777777
5.883192127541918e-06,82.88888888888889
8.116810827170193e-06,83.0
1.728667610845103e-05,83.1111111111111
1.755628632681597e-06,83.22222222222221
4.163375151390719e-06,83.33333333333333
1.8992217113139194e-05,83.44444444444444
1.161800823384444e-05,83.55555555555556
5.99230867386507e-06,83.66666666666666
4.8509603521226775e-06,83.77777777777777
1.2605347282909417e-05,83.88888888888889
1.1975094159679199e-05,84.0
6.4792468210551106e-06,84.1111111111111
1.5358031929990604e-05,84.22222222222221
1.2242526936081576e-05,84.33333333333333
8.667760115359258e-06,84.44444444444444
1.6308053413901998e-05,84.55555555555556
1.1566549602838237e-05,84.66666666666666
7.320625122540896e-06,84.77777777777777
1.623773106522274e-05,84.88888888888889
8.076762649928307e-06,85.0
2.2778872673596165e-05,85.1111111111111
6.32056923391402e-06,85.22222222222221
1.047537745489922e-05,85.33333333333333
1.1308786753844733e-05,85.44444444444444
1.0523466816931824e-05,85.55555555555556
7.839657452078431e-06,85.66666666666666
1.6037176392125863e-05,85.77777777777777
2.5592959947739847e-06,85.88888888888889
1.3259274977295728e-05,86.0
8.54211854166457e-06,86.1111111111111
1.560251319502627e-05,86.22222222222221
1.5051754439841063e-05,86.33333333333333
1.354577413356632e-05,86.44444444444444
1.2806258883770636e-05,86.55555555555556
6.743196366025847e-06,86.66666666666666
1.2760154972014418e-05,86.77777777777777
1.0304862651542638e-05,86.88888888888889
4.063607211032061e-06,87.0
7.079756661088777e-06,87.1111111111111
5.249042541590876e-06,87.22222222222221
6.63140584693839e-06,87.33333333333333
6.280121937231736e-06,87.44444444444444
1.5134312194764695e-05,87.55555555555556
5.959889168333527e-06,87.66666666666666
7.800160619216805e-06,87.77777777777777
2.315771448054836e-05,87.88888888888889
4.6189141745127225e-06,88.0
7.092037799999907e-06,88.1111111111111
4.82853981368056e-06,88.22222222222221
1.0153693147653057e-05,88.33333333333333
1.8755342348935094e-06,88.44444444444444
1.4994433056367605e-05,88.55555555555556
1.5156990421795415e-05,88.66666666666666
3.345456584275167e-06,88.77777777777777
2.194974042823449e-05,88.88888888888889
9.642305770801767e-06,89.0
1.021957674367172e-05,89.1111111111111
7.79057637709876e-06,89.22222222222221
9.15863558822614e-06,89.33333333333333
6.712805506388598e-06,89.44444444444444
1.358061426754422e-05,89.55555555555556
4.0409020925829155e-06,89.66666666666666
2.5904376742240634e-06,89.77777777777777
2.0942587650785045e-06,89.88888888888889
1.7847942355927023e-05,90.0
8.170345868795233e-06,90.1111111111111
1.4718728374814893e-05,90.22222222222221
1.8653596897117315e-06,90.33333333333333
7.35345209540542e-06,90.44444444444444
7.730895038261824e-06,90.55555555555556
4.945261708843787e-06,90.66666666666666
1.5530684525494676e-05,90.77777777777777
2.1556682920618378e-06,90.88888888888889
4.689999440638399e-06,91.0
9.347230257696738e-06,91.1111111111111
1.612805178089122e-05,91.22222222222221
2.35113892805268e-06,91.33333333333333
9.653781449960677e-06,91.44444444444444
9.483908171628783e-06,91.55555555555556
6.033989589375861e-07,91.66666666666666
1.3246854199778295e-05,91.77777777777777
8.233503686471118e-06,91.88888888888889
1.2375745184205204e-05,92.0
1.3142824975626016e-05,92.1111111111111
1.2791710541611212e-05,92.22222222222221
8.371866780268681e-06,92.33333333333333
3.5078209886266007e-06,92.44444444444444
5.296094427649139e-06,92.55555555555556
1.5140128041712824e-05,92.66666666666666
5.791090976206914e-06,92.77777777777777
7.822645716307061e-06,92.88888888888889
9.418219439843394e-06,93.0
4.107717656440602e-06,93.1111111111111
5.635162298538258e-06,93.22222222222221
9.687574707955203e-06,93.33333333333333
1.787320465563416e-06,93.44444444444444
1.2805856372461004e-05,93.55555555555556
1.039685183914296e-05,93.66666666666666
5.991961708258134e-06,93.77777777777777
7.312489737782222e-06,93.88888888888889
8.052668960181507e-06,94.0
1.1041291809232307e-05,94.1111111111111
1.0027405594088574e-05,94.22222222222221
4.479103713785802e-06,94.33333333333333
2.6810002229215265e-06,94.44444444444444
1.225793243428817e-05,94.55555555555556
7.080973009665189e-07,94.66666666666666
1.2196255418882027e-05,94.77777777777777
7.52495590912222e-06,94.88888888888889
7.201595786904552e-06,95.0
1.1659485698094394e-05,95.1111111111111
4.781126859438896e-06,95.22222222222221
1.209147287239139e-05,95.33333333333333
3.804392569413537e-06,95.44444444444444
1.2154057069894376e-05,95.55555555555556
6.812740332827632e-06,95.66666666666666
5.756636476130147e-06,95.77777777777777
5.054433987787975e-06,95.88888888888889
9.367324739119481e-06,96.0
9.145881341929094e-06,96.1111111111111
1.5422575314328342e-05,96.22222222222221
9.761492117188134e-06,96.33333333333333
1.2709049236580763e-05,96.44444444444444
5.393742002556247e-06,96.55555555555556
1.8750985392679324e-05,96.66666666666666
7.990468194280613e-06,96.77777777777777
5.369159027548495e-06,96.88888888888889
5.048225091526106e-06,97.0
1.4905469541522666e-05,97.1111111111111
8.25754005194764e-06,97.22222222222221
1.496303011268118e-05,97.33333333333333
9.27402299758944e-06,97.44444444444444
9.09026510969253e-06,97.55555555555556
2.5545770607691116e-05,97.66666666666666
9.897038347570255e-06,97.77777777777777
1.3968233522220484e-05,97.88888888888889
5.333062147497492e-06,98.0
1.4075991579620654e-05,98.1111111111111
1.5495347533915217e-05,98.22222222222221
4.995674586184902e-06,98.33333333333333
3.544851326413244e-06,98.44444444444444
8.237520076933114e-06,98.55555555555556
5.014089742698194e-06,98.66666666666666
9.718219628165375e-06,98.77777777777777
1.2427570740406035e-05,98.88888888888889
1.4383561225772133e-05,99.0
8.084526347357368e-06,99.1111111111111
1.2369312156142506e-05,99.22222222222221
1.547984806530037e-05,99.33333333333333
5.645498753603367e-06,99.44444444444444
8.84030636780922e-06,99.55555555555554
4.109076251746827e-06,99.66666666666666
1.8803367387037523e-05,99.77777777777777
9.685411202061487e-06,99.88888888888889
3.4841239979143343e-06,100.0
4.457294959267848e-06,100.1111111111111
6.194577853765185e-06,100.22222222222221
1.4326382436300569e-05,100.33333333333333
5.029452001585264e-06,100.44444444444444
1.3324985507978409e-05,100.55555555555554
1.4353618224864998e-05,100.66666666666666
9.642459646377268e-06,100.77777777777777
1.1137256022038007e-05,100.88888888888889
2.8933577176583466e-06,101.0
1.546389508683055e-05,101.1111111111111
8.449513798633562e-06,101.22222222222221
5.158784290209817e-06,101.33333333333333
1.559562182405625e-05,101.44444444444444
1.515045588450579e-05,101.55555555555554
7.626681386923611e-06,101.66666666666666
2.323743921860714e-05,101.77777777777777
9.933941146590241e-06,101.88888888888889
2.6322057854028134e-06,102.0
7.0906562997051055e-06,102.1111111111111
8.713882858857026e-06,102.22222222222221
1.7260554748272825e-05,102.33333333333333
3.271911996084772e-06,102.44444444444444
1.0260257857589727e-05,102.55555555555554
7.625624141386818e-06,102.66666666666666
6.939284638065091e-06,102.77777777777777
5.9384184092624345e-06,102.88888888888889
4.5065074820047e-06,103.0
8.228572105390334e-06,103.1111111111111
1.056160434545779e-05,103.22222222222221
4.1121508384628924e-06,103.33333333333333
1.1437901959045547e-05,103.44444444444444
1.5230246360383623e-05,103.55555555555554
4.904887518123219e-06,103.66666666666666
5.695725042298993e-06,103.77777777777777
9.345348184541118e-06,103.88888888888889
2.2033250920983702e-05,104.0
4.570237292339559e-06,104.1111111111111
1.2135516327561159e-05,104.22222222222221
7.765501663305883e-06,104.33333333333333
1.6264070448512965e-05,104.44444444444444
6.857912498081577e-06,104.55555555555554
8.095280155271672e-06,104.66666666666666
7.989614854820804e-06,104.77777777777777
9.205000829864656e-06,104.88888888888889
7.41137047248066e-06,105.0
6.365789505282947e-06,105.1111111111111
2.402602041273742e-06,105.22222222222221
3.2400169719483505e-06,105.33333333333333
7.768359345989541e-06,105.44444444444444
3.202207980321355e-06,105.55555555555554
6.4454613700814225e-06,105.66666666666666
1.339642420242647e-05,105.77777777777777
4.6588278231723695e-06,105.88888888888889
1.1565594588709522e-05,106.0
1.3355799918725322e-05,106.1111111111111
7.697482835701221e-06,106.22222222222221
5.725102908765166e-06,106.33333333333333
4.321115895695428e-06,106.44444444444444
1.964078763188432e-05,106.55555555555554
1.5449957713105354e-06,106.66666666666666
5.381610814889646e-06,106.77777777777777
3.0274987876432133e-06,106.88888888888889
1.014259793957834e-05,107.0
2.5235074123772876e-05,107.1111111111111
1.7348349409969224e-05,107.22222222222221
5.9462495761143835e-06,107.33333333333333
9.2633063556394e-06,107.44444444444444
4.772240639607155e-06,107.55555555555554
1.4920439254755834e-05,107.66666666666666
1.230435825718775e-05,107.77777777777777
5.645716693304508e-06,107.88888888888889
1.033751633170263e-05,108.0
8.61902082400712e-06,108.1111111111111
1.0622680693862019e-05,108.22222222222221
1.146255025455279e-06,108.33333333333333
3.5725225511881576e-06,108.44444444444444
7.720330993445736e-06,108.55555555555554
1.1575760557074248e-05,108.66666666666666
4.298283456358116e-06,108.77777777777777
5.5420649910937644e-06,108.88888888888889
9.862343115465773e-06,109.0
8.271107726636552e-06,109.1111111111111
2.1646975970156323e-06,109.22222222222221
9.771101723531959e-06,109.33333333333333
1.0976522264852331e-05,109.44444444444444
2.6530691637054612e-06,109.55555555555554
8.165953030605536e-06,109.66666666666666
7.015606353176819e-06,109.77777777777777
4.90791525263109e-06,109.88888888888889
2.983169047130098e-06,110.0
6.980162087213066e-06,110.1111111111111
6.305501392710388e-06,110.22222222222221
6.484560082066824e-06,110.33333333333333
1.1995521934253967e-05,110.44444444444444
1.7199251129295482e-05,110.55555555555554
6.436016239552898e-06,110.66666666666666
1.3987994123857834e-05,110.77777777777777
1.247860979132548e-05,110.88888888888889
1.45723694951535e-05,111.0
7.884031470488375e-06,111.1111111111111
1.5654268269012412e-05,111.22222222222221
1.0859291412640723e-05,111.33333333333333
1.3143260172070256e-05,111.44444444444444
1.3520847438651031e-05,111.55555555555554
1.0154607849095117e-05,111.66666666666666
6.629815495673214e-06,111.77777777777777
4.0008910076743765e-06,111.88888888888889
5.032536087116855e-06,112.0
1.6803369391479215e-05,112.1111111111111
1.633368643571402e-05,112.22222222222221
1.523978429427228e-05,112.33333333333333
9.945941240478171e-06,112.44444444444444
5.284887658554817e-06,112.55555555555554
6.700113392981307e-06,112.66666666666666
5.412982843999101e-06,112.77777777777777
6.004737649932139e-06,112.88888888888889
4.261689461975923e-06,113.0
4.60749049846981e-06,113.1111111111111
7.2859067568529295e-06,113.22222222222221
7.915319624321537e-06,113.33333333333333
1.4099554071049475e-05,113.44444444444444
1.7597167789380695e-05,113.55555555555554
1.027431545354799e-05,113.66666666666666
1.710155324302757e-05,113.77777777777777
1.3232567231205089e-05,113.88888888888889
1.882651670991604e-05,114.0
6.5755470209279575e-06,114.1111111111111
1.782921851669231e-05,114.22222222222221
1.192441482665153e-05,114.33333333333333
8.219980496660565e-06,114.44444444444444
1.6120963671855674e-05,114.55555555555554
9.809025556468675e-06,114.66666666666666
1.0737372917624726e-05,114.77777777777777
3.5104700185709993e-06,114.88888888888889
1.0015938597667892e-05,115.0
7.5767194294531625e-06,115.1111111111111
7.2538123631738035e-06,115.22222222222221
1.9831791327747277e-05,115.33333333333333
6.34003375172277e-06,115.44444444444444
3.3300258156969942e-06,115.55555555555554
7.096072686004426e-06,115.66666666666666
8.610355246467431e-06,115.77777777777777
1.007621525654508e-05,115.88888888888889
8.818748525599043e-06,116.0
8.208453485399843e-06,116.1111111111111
1.340726169183733e-05,116.22222222222221
2.565782862884953e-06,116.33333333333333
3.2065379494231553e-06,116.44444444444444
1.1955592159400089e-05,116.55555555555554
3.4770752064728407e-06,116.66666666666666
1.0172834333968653e-05,116.77777777777777
6.582038907421484e-06,116.88888888888889
2.3878209526690925e-06,117.0
1.3159024260125996e-05,117.1111111111111
1.3109073243242557e-05,117.22222222222221
5.310272555575894e-06,117.33333333333333
1.1434190311427908e-05,117.44444444444444
1.1291018651717218e-05,117.55555555555554
1.0496333417882881e-05,117.66666666666666
1.092218568598078e-05,117.77777777777777
2.9994868675228253e-06,117.88888888888889
8.556528116618725e-06,118.0
5.744523106340027e-06,118.1111111111111
8.358807596484848e-06,118.22222222222221
1.2593979987353675e-05,118.33333333333333
3.732184754257234e-06,118.44444444444444
7.3770328027797125e-06,118.55555555555554
6.464113207766614e-06,118.66666666666666
1.1567531828874999e-05,118.77777777777777
1.0454779156710737e-05,118.88888888888889
1.0047644708365872e-05,119.0
5.878785899209803e-06,119.1111111111111
1.0519503794026125e-05,119.22222222222221
2.61023784191964e-06,119.33333333333333
4.902888464891542e-06,119.44444444444444
1.0286920536153434e-05,119.55555555555554
4.456983250183181e-06,119.66666666666666
2.9002017594739662e-05,119.77777777777777
1.560005908663284e-05,119.88888888888889
1.4217789921547838e-05,120.0
4.656314453363544e-06,120.1111111111111
6.306059906344787e-06,120.22222222222221
8.667225630130548e-06,120.33333333333333
1.4971397502775036e-05,120.44444444444444
1.2846132634171667e-05,120.55555555555554
4.342286412402652e-06,120.66666666666666
6.221306881617937e-06,120.77777777777777
1.0249644615826568e-05,120.88888888888889
7.330079000946116e-06,121.0
7.269926078692649e-06,121.1111111111111
2.9712047377027067e-06,121.22222222222221
5.562657619263195e-06,121.33333333333333
1.5899505182290726e-05,121.44444444444444
2.826226283531084e-06,121.55555555555554
4.148805154886197e-06,121.66666666666666
2.0038136435717562e-05,121.77777777777777
9.87652664581327e-06,121.88888888888889
7.862621418635252e-06,122.0
1.0468690874268436e-05,122.1111111111111
5.7551343827133175e-06,122.22222222222221
7.949191666175372e-06,122.33333333333333
3.4271063284699426e-06,122.44444444444444
1.1416135475135613e-05,122.55555555555554
6.507397591759448e-06,122.66666666666666
1.303155631225999e-05,122.77777777777777
7.1110785050371515e-06,122.88888888888889
2.047711129602875e-06,123.0
9.152413836657965e-06,123.1111111111111
1.523027101692795e-05,123.22222222222221
6.99411396208907e-06,123.33333333333333
1.0814830256919173e-05,123.44444444444444
4.514281680156236e-06,123.55555555555554
1.1804213890995638e-05,123.66666666666666
2.052259891275614e-06,123.77777777777777
9.009728513896608e-06,123.88888888888889
3.1325341038643914e-06,124.0
3.451545680818821e-06,124.1111111111111
5.341050387920216e-06,124.22222222222221
9.885899492835182e-06,124.33333333333333
1.1575472388772347e-05,124.44444444444444
1.0315019369009799e-05,124.55555555555554
1.3898798994236761e-05,124.66666666666666
1.0708030090792991e-05,124.77777777777777
1.1941076509006516e-05,124.88888888888889
6.966806833462772e-06,125.0
1.7284472069652526e-05,125.1111111111111
1.0794214680643363e-05,125.22222222222221
1.7989101725075222e-05,125.33333333333333
6.429557299801875e-06,125.44444444444444
9.998192547320332e-06,125.55555555555554
7.323735355099305e-06,125.66666666666666
1.7507468982524504e-05,125.77777777777777
4.769326756641215e-06,125.88888888888889
7.96376117097625e-06,126.0
5.113233704026273e-06,126.1111111111111
5.839864652709697e-06,126.22222222222221
1.962741164945652e-05,126.33333333333333
1.4195956380929201e-05,126.44444444444444
6.701790297849065e-06,126.55555555555554
7.937695653096463e-06,126.66666666666666
5.15048124416558e-06,126.77777777777777
1.0183082822565248e-05,126.88888888888889
1.6611729291137165e-05,127.0
8.542889270418842e-06,127.1111111111111
7.7770767109445e-06,127.22222222222221
3.560719929067619e-06,127.33333333333333
4.809274761613437e-06,127.44444444444444
5.376708619323369e-06,127.55555555555554
9.435863652793265e-06,127.66666666666666
9.870318099978101e-06,127.77777777777777
3.302448822201574e-06,127.88888888888889
9.284245745844768e-06,128.0
6.828817375120375e-06,128.11111111111111
1.2628764218787243e-05,128.22222222222223
1.638126182694911e-05,128.33333333333331
1.5479467998185275e-05,128.44444444444443
5.774108577006406e-06,128.55555555555554
1.5442115057465253e-05,128.66666666666666
2.895207735952165e-06,128.77777777777777
1.763938369077625e-05,128.88888888888889
8.105147445464517e-06,129.0
2.3964117657450297e-06,129.11111111111111
1.7944237842007177e-05,129.22222222222223
8.555449359704434e-06,129.33333333333331
2.2845096574973977e-06,129.44444444444443
2.2239378788629106e-05,129.55555555555554
6.924636285758927e-06,129.66666666666666
6.407971007059897e-06,129.77777777777777
1.208309806153723e-05,129.88888888888889
1.5635637569140754e-05,130.0
7.934984422046154e-06,130.11111111111111
4.255287378309271e-06,130.22222222222223
1.296685897246022e-05,130.33333333333331
9.920242264361456e-06,130.44444444444443
1.6324670834048265e-05,130.55555555555554
5.0442518074597215e-06,130.66666666666666
1.0256801116741797e-05,130.77777777777777
1.729370941607879e-05,130.88888888888889
3.891224389070042e-06,131.0
8.64174859312991e-06,131.11111111111111
1.2229785805525612e-05,131.22222222222223
5.734414746316528e-06,131.33333333333331
4.6411640002067414e-07,131.44444444444443
1.0223623588444532e-05,131.55555555555554
7.790039392265112e-06,131.66666666666666
1.3949162270229986e-05,131.77777777777777
1.0086695343196804e-05,131.88888888888889
1.4875249329464004e-05,132.0
5.940878986228931e-06,132.11111111111111
2.417976919800271e-06,132.22222222222223
1.2055486137675434e-05,132.33333333333331
4.522612981622498e-06,132.44444444444443
7.571080574835194e-06,132.55555555555554
4.213441265331686e-06,132.66666666666666
9.967315641924605e-06,132.77777777777777
1.3384854845578472e-05,132.88888888888889
2.975481320844385e-06,133.0
2.2061987443475746e-05,133.11111111111111
4.102704113820549e-06,133.22222222222223
7.831364487095211e-06,133.33333333333331
1.3290405407460613e-05,133.44444444444443
4.387793478590193e-06,133.55555555555554
1.534445288005364e-05,133.66666666666666
7.557457237805138e-06,133.77777777777777
7.5833129196971164e-06,133.88888888888889
1.534328905648698e-05,134.0
3.212403934882412e-06,134.11111111111111
1.6454173924174262e-05,134.22222222222223
1.4210584382005175e-05,134.33333333333331
7.168279127374143e-06,134.44444444444443
1.4128320436643199e-05,134.55555555555554
1.9683718169496597e-05,134.66666666666666
5.4811621542707e-06,134.77777777777777
1.1364743852022817e-05,134.88888888888889
9.950871815928351e-06,135.0
2.7010972868775998e-06,135.11111111111111
1.562747590234147e-05,135.22222222222223
5.450178612112919e-06,135.33333333333331
8.112586380731038e-06,135.44444444444443
1.2088379997099976e-05,135.55555555555554
1.4184758193007006e-05,135.66666666666666
6.7123453549666154e-06,135.77777777777777
1.0249162556855895e-05,135.88888888888889
5.744146622440234e-06,136.0
1.675849128996993e-05,136.11111111111111
2.2393692054349148e-05,136.22222222222223
1.2624366434420379e-05,136.33333333333331
7.977500106100963e-06,136.44444444444443
1.7232545642234714e-05,136.55555555555554
7.01049846641276e-06,136.66666666666666
2.0111092823861933e-05,136.77777777777777
9.79612170180625e-06,136.88888888888889
1.0091849718137856e-05,137.0
1.4541452486685765e-05,137.11111111111111
1.3479129782509977e-05,137.22222222222223
1.1806242022678698e-05,137.33333333333331
1.3501818694676277e-05,137.44444444444443
1.1442442036048645e-05,137.55555555555554
5.717918981387544e-06,137.66666666666666
1.6184592571672103e-05,137.77777777777777
8.184553071611499e-06,137.88888888888889
8.03908446617609e-06,138.0
1.4202176096479705e-06,138.11111111111111
1.2880749593174277e-05,138.22222222222223
3.075321463479283e-06,138.33333333333331
6.120518402070288e-06,138.44444444444443
8.59623291626773e-06,138.55555555555554
5.851216396665167e-06,138.66666666666666
6.2637296989439765e-06,138.77777777777777
9.858183839981908e-06,138.88888888888889
1.1940514944007247e-05,139.0
2.4914270059036965e-06,139.11111111111111
2.7556851484915633e-06,139.22222222222223
2.897795063592091e-06,139.33333333333331
8.708599267196723e-06,139.44444444444443
8.976800744223507e-06,139.55555555555554
9.60360095873732e-06,139.66666666666666
8.302448371649563e-06,139.77777777777777
9.60296519839889e-06,139.88888888888889
9.488753419888983e-06,140.0
1.3954095580446034e-05,140.11111111111111
7.502412656218217e-06,140.22222222222223
8.166049091852375e-06,140.33333333333331
8.215846973106342e-06,140.44444444444443
1.5282152010874642e-05,140.55555555555554
4.064394941002718e-06,140.66666666666666
1.2121040106943989e-05,140.77777777777777
6.733158473649796e-06,140.88888888888889
1.7145793455325348e-05,141.0
1.970541796867255e-05,141.11111111111111
8.880092546679809e-06,141.22222222222223
1.0711661328265313e-05,141.33333333333331
5.156726461214781e-06,141.44444444444443
6.785265507597489e-06,141.55555555555554
1.0631731324959931e-05,141.66666666666666
8.660989973393243e-06,141.77777777777777
1.4711987719754812e-05,141.88888888888889
3.6744666630762207e-06,142.0
9.186775369686335e-06,142.11111111111111
7.49903069305242e-06,142.22222222222223
1.3467661385905046e-05,142.33333333333331
1.1639128528855192e-05,142.44444444444443
1.307070126493862e-05,142.55555555555554
4.7638344490211055e-06,142.66666666666666
1.2271270764184031e-05,142.77777777777777
6.657761429556641e-06,142.88888888888889
1.3116886643993552e-05,143.0
9.053562199941397e-06,143.11111111111111
1.335605971323064e-05,143.2222222222222
9.209495684947308e-06,143.33333333333331
1.2309142992470107e-05,143.44444444444443
7.41904050118412e-06,143.55555555555554
1.694790352307841e-05,143.66666666666666
4.046894694013248e-06,143.77777777777777
3.674678870169527e-06,143.88888888888889
5.055062990145161e-06,144.0
3.8110398338587305e-06,144.11111111111111
6.185353252621576e-06,144.2222222222222
1.1514022969199607e-05,144.33333333333331
5.478298787911177e-06,144.44444444444443
7.5433983949904944e-06,144.55555555555554
5.072533488533056e-06,144.66666666666666
5.770847884640883e-06,144.77777777777777
4.894701346730546e-06,144.88888888888889
6.676305142214634e-06,145.0
8.013013797042367e-06,145.11111111111111
4.177767896496931e-06,145.2222222222222
1.0184958410243345e-05,145.33333333333331
1.1482565771777118e-05,145.44444444444443
8.300940157619487e-06,145.55555555555554
7.143598212831148e-06,145.66666666666666
1.3860275028635092e-05,145.77777777777777
1.1440419977649677e-05,145.88888888888889
6.285373278095e-06,146.0
6.976986701631004e-06,146.11111111111111
1.1951541604360244e-05,146.2222222222222
4.916453804952082e-06,146.33333333333331
1.1373769210342687e-05,146.44444444444443
1.549229217962497e-05,146.55555555555554
6.161445519120235e-06,146.66666666666666
8.168298687983698e-06,146.77777777777777
6.997174706593087e-06,146.88888888888889
1.1280526001971402e-05,147.0
1.2851655782464523e-05,147.11111111111111
3.832051754420041e-06,147.2222222222222
1.4870079540711542e-05,147.33333333333331
2.9605468664523065e-06,147.44444444444443
4.958713479792114e-06,147.55555555555554
1.711035774919544e-05,147.66666666666666
8.134340735322968e-06,147.77777777777777
2.3188425004017076e-06,147.88888888888889
9.757193421889386e-06,148.0
3.310265306361579e-06,148.11111111111111
1.542881692014548e-05,148.2222222222222
1.0050215611131427e-05,148.33333333333331
9.470598943127632e-06,148.44444444444443
9.008570584068049e-06,148.55555555555554
1.2477095651680547e-05,148.66666666666666
1.7660161143311426e-05,148.77777777777777
1.0709373150382008e-05,148.88888888888889
3.0867618140623437e-06,149.0
3.7096199032766557e-06,149.11111111111111
1.3463757245104684e-05,149.2222222222222
1.1764661436313728e-05,149.33333333333331
1.013696219407703e-05,149.44444444444443
8.392292596316218e-06,149.55555555555554
1.292611887295871e-05,149.66666666666666
9.415133739330825e-06,149.77777777777777
1.68386187323237e-06,149.88888888888889
4.7086403502905195e-07,150.0
1.3688506298583003e-05,150.11111111111111
9.791445783193945e-06,150.2222222222222
8.830062688752444e-06,150.33333333333331
1.5821418739449565e-05,150.44444444444443
6.199954831147206e-06,150.55555555555554
4.345289060381017e-06,150.66666666666666
6.120766549625828e-06,150.77777777777777
1.4195826591849506e-05,150.88888888888889
6.659013893657894e-06,151.0
1.594443121039248e-05,151.11111111111111
9.319324492995035e-06,151.2222222222222
1.9255082474872193e-06,151.33333333333331
5.899093227263048e-06,151.44444444444443
9.068677533391272e-06,151.55555555555554
1.1049098433417166e-05,151.66666666666666
6.166985747241875e-06,151.77777777777777
1.0919206081260138e-05,151.88888888888889
1.0016170375024825e-06,152.0
8.79367597850947e-06,152.11111111111111
2.9969968808287366e-06,152.2222222222222
6.044626471975201e-06,152.33333333333331
1.0933052884951565e-05,152.44444444444443
1.0471353630037854e-05,152.55555555555554
8.339945192045523e-06,152.66666666666666
1.103910778934691e-05,152.77777777777777
3.517782721219279e-06,152.88888888888889
1.1192284193543748e-05,153.0
1.1528913698224969e-05,153.11111111111111
1.223483864772228e-05,153.2222222222222
4.67183442414134e-06,153.33333333333331
6.445775724057943e-06,153.44444444444443
2.7605111347555526e-06,153.55555555555554
1.2818346361882331e-05,153.66666666666666
1.376860453594465e-05,153.77777777777777
9.332519783963075e-06,153.88888888888889
1.2508854065114254e-05,154.0
8.350703863747472e-06,154.11111111111111
1.0432835355787902e-05,154.2222222222222
5.357265877558928e-06,154.33333333333331
1.2044474879574346e-05,154.44444444444443
8.723894016081878e-06,154.55555555555554
8.081998941753089e-06,154.66666666666666
1.0778256720781138e-05,154.77777777777777
5.386357330968451e-06,154.88888888888889
6.808702381162225e-06,155.0
4.49922133321309e-06,155.11111111111111
1.0838808095557462e-05,155.2222222222222
1.8940786167758578e-06,155.33333333333331
1.4744400904682217e-05,155.44444444444443
1.525820738771863e-05,155.55555555555554
2.1075976008189254e-05,155.66666666666666
1.2637859987330508e-05,155.77777777777777
2.6364951573715288e-06,155.88888888888889
9.514631039199226e-06,156.0
1.2910341348680075e-05,156.11111111111111
9.136652957340214e-06,156.2222222222222
8.549109838658411e-06,156.33333333333331
9.847767802697681e-06,156.44444444444443
1.5011819647994863e-05,156.55555555555554
1.129529353100811e-05,156.66666666666666
7.278253534163704e-07,156.77777777777777
1.3225307452682403e-05,156.88888888888889
6.2743127633701865e-06,157.0
1.3070143353639601e-05,157.11111111111111
5.09777462102555e-06,157.2222222222222
1.6307551804695112e-05,157.33333333333331
1.8213088701903475e-07,157.44444444444443
6.316722061930303e-06,157.55555555555554
1.3546878218525654e-05,157.66666666666666
8.21063982171543e-06,157.77777777777777
1.283183499814367e-05,157.88888888888889
3.9200526251192245e-06,158.0
1.1991461575165538e-05,158.11111111111111
1.3330001888620207e-05,158.2222222222222
6.766031170813174e-06,158.33333333333331
7.0992899883174295e-06,158.44444444444443
4.5107001067432714e-06,158.55555555555554
5.17817412855937e-06,158.66666666666666
1.8451243243630123e-05,158.77777777777777
1.0907843680076772e-05,158.88888888888889
8.749416422807761e-06,159.0
4.685641323792928e-06,159.11111111111111
1.0043456813806944e-05,159.2222222222222
1.4524542366556238e-05,159.33333333333331
5.575892163452885e-06,159.44444444444443
5.452518003716121e-06,159.55555555555554
1.7648031099222262e-05,159.66666666666666
1.9945264621560775e-05,159.77777777777777
9.284026616710143e-06,159.88888888888889
1.5070180716469419e-05,160.0
1.374727148622923e-06,160.11111111111111
8.894962476262087e-06,160.2222222222222
1.0191452574929992e-05,160.33333333333331
1.2079598162193253e-05,160.44444444444443
6.089641984657465e-06,160.55555555555554
1.3431844218873645e-05,160.66666666666666
9.947843895941674e-06,160.77777777777777
1.4223537185761335e-05,160.88888888888889
5.515676776027998e-06,161.0
1.5443134771278895e-05,161.11111111111111
1.0755763415137548e-05,161.2222222222222
7.002487987007919e-06,161.33333333333331
6.734312801045446e-06,161.44444444444443
2.4355686097645645e-06,161.55555555555554
1.9827665227007667e-05,161.66666666666666
4.73378592863375e-06,161.77777777777777
4.4779612343078346e-06,161.88888888888889
1.646927232980573e-05,162.0
9.916465628257901e-06,162.11111111111111
3.7176369245465708e-06,162.2222222222222
9.334025974190947e-06,162.33333333333331
3.4009944455762964e-06,162.44444444444443
1.0150032048432099e-05,162.55555555555554
1.4855360262617387e-05,162.66666666666666
1.7816711948041553e-05,162.77777777777777
1.1069697031745108e-05,162.88888888888889
8.822438332609794e-06,163.0
3.872633568130677e-06,163.11111111111111
1.1354185086656957e-05,163.2222222222222
5.394941180815141e-06,163.33333333333331
1.5394890235401454e-05,163.44444444444443
4.319654882703751e-06,163.55555555555554
5.945289446837752e-06,163.66666666666666
9.728090985639876e-06,163.77777777777777
1.2860648977385268e-05,163.88888888888889
1.80219835889457e-05,164.0
9.309769508580955e-06,164.11111111111111
1.1669080616530707e-05,164.2222222222222
6.841627809622405e-06,164.33333333333331
9.397329876337182e-06,164.44444444444443
1.208395675412663e-05,164.55555555555554
1.2440663812557429e-05,164.66666666666666
8.992733190255704e-06,164.77777777777777
3.7651211842930843e-06,164.88888888888889
3.132687236280246e-06,165.0
8.800133281461004e-06,165.11111111111111
1.176115124382914e-05,165.2222222222222
1.2124568393482825e-05,165.33333333333331
9.3841760158231e-06,165.44444444444443
8.704254738810571e-06,165.55555555555554
1.9160795776978337e-06,165.66666666666666
8.989145663506091e-06,165.77777777777777
2.030215460534866e-05,165.88888888888889
1.0850702123262389e-05,166.0
8.147469762730043e-06,166.11111111111111
1.3450593738463165e-05,166.2222222222222
9.12542541228032e-06,166.33333333333331
4.6546650088629044e-06,166.44444444444443
1.984992310930533e-05,166.55555555555554
7.777777777796136e-06,166.66666666666666
2.9236797878580966e-06,166.77777777777777
1.420745464953421e-05,166.88888888888889
1.3825779154484003e-05,167.0
7.934398355121e-06,167.11111111111111
1.454524947328244e-05,167.2222222222222
1.1877455543972068e-05,167.33333333333331
1.1322029525778231e-05,167.44444444444443
8.016370933412428e-06,167.55555555555554
8.666768547517358e-06,167.66666666666666
2.8890515336421516e-06,167.77777777777777
5.481457436283897e-06,167.88888888888889
1.528354588601378e-05,168.0
1.481195855299675e-05,168.11111111111111
1.0134962021444843e-05,168.2222222222222
9.170754017162962e-06,168.33333333333331
1.324388647276892e-05,168.44444444444443
7.42220121363465e-06,168.55555555555554
7.32770819021276e-06,168.66666666666666
1.7693249927284104e-05,168.77777777777777
5.4542119786765196e-06,168.88888888888889
1.8518930774203359e-06,169.0
5.324450819288985e-06,169.11111111111111
9.60117706019671e-06,169.2222222222222
1.8097342093317507e-05,169.33333333333331
8.027377958005287e-06,169.44444444444443
2.105325999978353e-05,169.55555555555554
9.623771291224698e-06,169.66666666666666
1.6196904464604407e-05,169.77777777777777
2.801455735644396e-06,169.88888888888889
4.799829135324034e-06,170.0
9.253188579778501e-06,170.11111111111111
6.116185901257348e-06,170.2222222222222
1.0262194992446385e-05,170.33333333333331
1.5973530268478088e-05,170.44444444444443
2.4161969548308457e-06,170.55555555555554
1.474195342875235e-05,170.66666666666666
6.9987033343957796e-06,170.77777777777777
1.4434374866924063e-05,170.88888888888889
6.088307776786116e-06,171.0
1.0574838609092698e-05,171.11111111111111
5.438068197396197e-06,171.2222222222222
1.0878143372987891e-05,171.33333333333331
1.318701734715843e-05,171.44444444444443
9.732772589641017e-06,171.55555555555554
6.1013478280108376e-06,171.66666666666666
1.1402609711649546e-05,171.77777777777777
9.04249964388696e-06,171.88888888888889
8.19320188304424e-06,172.0
1.093063339669717e-05,172.11111111111111
2.264485144801103e-06,172.2222222222222
1.9595042286185016e-05,172.33333333333331
1.0615094789909343e-05,172.44444444444443
1.663221523237928e-05,172.55555555555554
4.344630997428099e-06,172.66666666666666
3.3480070619759904e-06,172.77777777777777
7.234672982926456e-06,172.88888888888889
1.3649186592534109e-05,173.0
1.0053175409108193e-05,173.11111111111111
7.292978027596687e-06,173.2222222222222
2.3767182460890117e-06,173.33333333333331
9.758428749717235e-06,173.44444444444443
1.3654111586392883e-05,173.55555555555554
1.6393424440680868e-05,173.66666666666666
1.2479837068968528e-05,173.77777777777777
6.311212080607061e-06,173.88888888888889
1.0170076230524613e-05,174.0
1.7079351041417913e-05,174.11111111111111
1.129968602912145e-05,174.2222222222222
1.4873348540583493e-05,174.33333333333331
7.73318708726245e-06,174.44444444444443
1.2132999591230176e-05,174.55555555555554
1.7276256879824295e-05,174.66666666666666
1.5487563301163817e-05,174.77777777777777
1.5145188240245394e-05,174.88888888888889
8.69106577788367e-06,175.0
8.6928672238224e-06,175.11111111111111
1.1458683686058004e-05,175.2222222222222
6.096843205596171e-06,175.33333333333331
1.116486829362537e-05,175.44444444444443
3.911965565380805e-06,175.55555555555554
1.1093209461462418e-06,175.66666666666666
1.4949196131940526e-05,175.77777777777777
1.0006716518253144e-05,175.88888888888889
5.6029360371712475e-06,176.0
1.594837324570834e-05,176.11111111111111
1.1129729262487772e-05,176.2222222222222
1.6371630981641753e-05,176.33333333333331
1.5132852454416675e-05,176.44444444444443
4.806848744921231e-06,176.55555555555554
6.916802754031446e-06,176.66666666666666
2.2532736907438594e-06,176.77777777777777
3.0173158502205064e-06,176.88888888888889
7.969886966144851e-06,177.0
4.14709455931255e-06,177.11111111111111
2.0200156295728282e-05,177.2222222222222
7.2498880191518185e-06,177.33333333333331
2.1281240740936692e-05,177.44444444444443
8.856022903847138e-06,177.55555555555554
1.0075045300153407e-05,177.66666666666666
1.261531686726557e-05,177.77777777777777
1.2180509400673324e-05,177.88888888888889
5.0637488829052355e-06,178.0
7.462304289021512e-06,178.11111111111111
1.1155516930983193e-05,178.2222222222222
1.1914483283463136e-05,178.33333333333331
7.777477307993482e-06,178.44444444444443
1.5834952760877857e-05,178.55555555555554
1.3620726412430946e-05,178.66666666666666
1.5373916773872966e-05,178.77777777777777
8.609109028215062e-06,178.88888888888889
1.6707155842421824e-05,179.0
6.80155265446262e-06,179.11111111111111
1.9815066274753195e-05,179.2222222222222
7.259046165605409e-06,179.33333333333331
5.138060199245911e-06,179.44444444444443
3.7346119033407324e-06,179.55555555555554
1.5961777773989272e-05,179.66666666666666
5.220689009490794e-06,179.77777777777777
7.696007491991149e-06,179.88888888888889
4.913209214373049e-06,180.0
3.564898044145483e-06,180.11111111111111
4.764246412953912e-06,180.2222222222222
7.690715678745151e-06,180.33333333333331
7.421695359676239e-06,180.44444444444443
4.842850050334585e-06,180.55555555555554
7.176061622678932e-06,180.66666666666666
1.950187951763507e-05,180.77777777777777
1.7514125921722697e-05,180.88888888888889
8.456045874026293e-06,181.0
5.9007784006152524e-06,181.11111111111111
1.1756006221944826e-05,181.2222222222222
1.1351871622814376e-05,181.33333333333331
1.3839451595335594e-05,181.44444444444443
1.5834896103258248e-05,181.55555555555554
1.6628168739741263e-05,181.66666666666666
2.330667763170692e-05,181.77777777777777
1.4315593584971068e-05,181.88888888888889
1.7876087851616372e-05,182.0
1.7156562241860203e-05,182.11111111111111
1.2224990843071149e-05,182.2222222222222
1.4346397079458069e-05,182.33333333333331
8.691203080181627e-06,182.44444444444443
4.680789989278762e-06,182.55555555555554
5.2264466485171935e-06,182.66666666666666
7.320537514976506e-06,182.77777777777777
1.375467959900247e-05,182.88888888888889
8.579992116699011e-06,183.0
1.2279759066428132e-05,183.11111111111111
5.546352063829844e-06,183.2222222222222
1.1962144996383188e-05,183.33333333333331
6.7353967924264855e-06,183.44444444444443
5.670206249622549e-06,183.55555555555554
4.178515100294501e-06,183.66666666666666
1.872381710732413e-05,183.77777777777777
2.1547950005873896e-06,183.88888888888889
1.5480826270572922e-05,184.0
1.2367326703326758e-05,184.11111111111111
2.059345751171406e-05,184.2222222222222
4.734478964744755e-06,184.33333333333331
8.77879642992424e-07,184.44444444444443
2.5805202978254475e-06,184.55555555555554
6.5103205223972575e-06,184.66666666666666
9.734315783500203e-06,184.77777777777777
6.736248830697895e-06,184.88888888888889
1.4744380733123688e-05,185.0
1.1559946764690911e-05,185.11111111111111
1.186997080469089e-05,185.2222222222222
6.976600778091739e-07,185.33333333333331
1.681151142814523e-05,185.44444444444443
1.7814998220232008e-05,185.55555555555554
8.68264049531411e-06,185.66666666666666
6.394223272615372e-06,185.77777777777777
1.5817041101395407e-05,185.88888888888889
1.2735366485724391e-05,186.0
2.5151628947366586e-06,186.11111111111111
1.2418229177209345e-05,186.2222222222222
1.0421488267772874e-05,186.33333333333331
7.023915669105409e-06,186.44444444444443
8.443869785571777e-06,186.55555555555554
9.447024247199327e-06,186.66666666666666
7.842836506933038e-06,186.77777777777777
8.757683789647262e-06,186.88888888888889
8.781179668237417e-06,187.0
2.481038248521734e-05,187.11111111111111
1.0327556882516022e-05,187.2222222222222
1.3604547701361548e-05,187.33333333333331
3.6402001652239207e-06,187.44444444444443
8.277896022776817e-06,187.55555555555554
8.287243201775054e-06,187.66666666666666
2.5369950141637433e-06,187.77777777777777
6.203378252883635e-06,187.88888888888889
3.909029197075389e-06,188.0
6.8104508397279125e-06,188.11111111111111
9.358632764601559e-06,188.2222222222222
3.6847159222924004e-06,188.33333333333331
8.89073587862363e-06,188.44444444444443
1.0913375697270268e-05,188.55555555555554
6.173403238692153e-06,188.66666666666666
4.522635475062836e-06,188.77777777777777
1.2073440034014082e-05,188.88888888888889
1.2062221350681488e-05,189.0
1.5183613272381181e-05,189.11111111111111
1.4211001360489348e-05,189.2222222222222
1.3486697590473167e-05,189.33333333333331
8.282680792403454e-06,189.44444444444443
1.60830639821263e-05,189.55555555555554
3.2219184930825456e-06,189.66666666666666
9.718830840672283e-06,189.77777777777777
1.8079610137666184e-05,189.88888888888889
1.1757133099498697e-05,190.0
4.91507021050272e-06,190.11111111111111
4.861699584033386e-06,190.2222222222222
1.0289579076784173e-05,190.33333333333331
1.0850909778869395e-05,190.44444444444443
1.0080600883200502e-05,190.55555555555554
1.3212149481627915e-05,190.66666666666666
8.449307622643978e-06,190.77777777777777
9.573873689051734e-06,190.88888888888889
7.596838097924262e-06,191.0
1.1751950199603158e-05,191.11111111111111
1.1706300707153149e-05,191.2222222222222
9.418968127959121e-06,191.33333333333331
9.166527840139407e-06,191.44444444444443
1.3240752493443688e-05,191.55555555555554
3.341985695918512e-06,191.66666666666666
7.009783347153779e-06,191.77777777777777
1.2931072403656687e-05,191.88888888888889
1.4956358020458802e-05,192.0
4.608859597477263e-06,192.11111111111111
1.6904786928632943e-05,192.2222222222222
7.420579950676738e-06,192.33333333333331
5.250482218430824e-06,192.44444444444443
1.190735886295983e-05,192.55555555555554
1.2778291429777172e-05,192.66666666666666
4.6529742858796615e-06,192.77777777777777
5.655616730500095e-06,192.88888888888889
9.334612005789545e-06,193.0
1.1560778459142589e-05,193.11111111111111
1.1292634916577065e-05,193.2222222222222
6.060359135561213e-06,193.33333333333331
4.4878820672708465e-06,193.44444444444443
1.585210030069175e-05,193.55555555555554
1.728992323197045e-05,193.66666666666666
1.0081355138855942e-05,193.77777777777777
2.161133540631806e-06,193.88888888888889
9.633295346016855e-06,194.0
1.0156229069397911e-05,194.11111111111111
9.15138339062231e-06,194.2222222222222
1.9708939915357122e-05,194.33333333333331
1.3137948782098561e-05,194.44444444444443
1.5552220100131103e-05,194.55555555555554
7.787763236948918e-06,194.66666666666666
7.4312243151703674e-06,194.77777777777777
8.089650746341512e-06,194.88888888888889
1.1098965737987407e-05,195.0
8.194677199661605e-06,195.11111111111111
9.664007594645903e-06,195.2222222222222
7.677506018241438e-06,195.33333333333331
1.8840134190193428e-05,195.44444444444443
9.093841283748082e-06,195.55555555555554
7.0979561625829286e-06,195.66666666666666
9.555809949517216e-06,195.77777777777777
1.4004422806759937e-05,195.88888888888889
1.5397649271180705e-05,196.0
1.5861760303019947e-05,196.11111111111111
3.719894692476439e-06,196.2222222222222
9.61038142396033e-06,196.33333333333331
1.4384437316119913e-05,196.44444444444443
6.203352084145635e-06,196.55555555555554
1.2425912628844665e-05,196.66666666666666
1.3762490331755567e-05,196.77777777777777
4.984630409918395e-06,196.88888888888889
1.7423182138131128e-05,197.0
9.864669392352824e-06,197.11111111111111
5.731448954553413e-06,197.2222222222222
9.032322704202813e-06,197.33333333333331
1.1627308496612483e-05,197.44444444444443
4.459118104007688e-06,197.55555555555554
7.928904273121295e-06,197.66666666666666
6.256209404419337e-06,197.77777777777777
7.523610450981735e-06,197.88888888888889
5.980167441255114e-06,198.0
1.3264524192650915e-05,198.11111111111111
1.244339900191429e-05,198.2222222222222
1.780681956200239e-05,198.33333333333331
8.536436101060006e-06,198.44444444444443
1.3716461932293557e-05,198.55555555555554
1.0189688934298043e-05,198.66666666666666
1.8657606720318493e-06,198.77777777777777
9.66851223964792e-06,198.88888888888889
6.756125809293239e-06,199.0
7.056288583823039e-06,199.1111111111111
1.9826555160598647e-05,199.2222222222222
5.571295872638275e-06,199.33333333333331
1.7723636450965724e-05,199.44444444444443
1.3984225672477245e-05,199.55555555555554
1.158691655563788e-05,199.66666666666666
1.634327751777882e-05,199.77777777777777
7.829805091410923e-06,199.88888888888889
6.708231001625753e-06,200.0
2.54539582742857e-06,200.1111111111111
3.3368392664980947e-06,200.2222222222222
7.601752049719989e-06,200.33333333333331
1.756192890799703e-05,200.44444444444443
1.8248277234074733e-05,200.55555555555554
9.144529328983283e-06,200.66666666666666
7.811381581979723e-06,200.77777777777777
1.3027848006590581e-05,200.88888888888889
2.879097824735241e-06,201.0
1.1397780597174562e-05,201.1111111111111
7.286093551746853e-06,201.2222222222222
4.3145642950755124e-07,201.33333333333331
4.311111824336053e-06,201.44444444444443
1.0282838736168938e-05,201.55555555555554
6.458038152034068e-06,201.66666666666666
7.10942535968595e-06,201.77777777777777
9.031056523347779e-06,201.88888888888889
4.167032403865125e-06,202.0
8.377780691563817e-06,202.1111111111111
1.130991808836728e-06,202.2222222222222
1.3622095052530992e-05,202.33333333333331
1.1832284476801934e-05,202.44444444444443
5.874494844067431e-06,202.55555555555554
3.977944483558728e-06,202.66666666666666
1.1972557460356605e-05,202.77777777777777
8.645338857028962e-06,202.88888888888889
6.834781887903887e-06,203.0
1.4690961369188267e-05,203.1111111111111
7.3333551700816605e-06,203.2222222222222
7.805935193717545e-06,203.33333333333331
4.64479990485255e-06,203.44444444444443
1.0621147742409675e-05,203.55555555555554
3.4999075154932836e-06,203.66666666666666
1.1976834148349677e-05,203.77777777777777
1.047320739944636e-05,203.88888888888889
8.748128902175475e-06,204.0
5.588658462021155e-06,204.1111111111111
4.2917499665629645e-06,204.2222222222222
1.004878638397048e-05,204.33333333333331
7.72609411769573e-06,204.44444444444443
5.508421352914515e-06,204.55555555555554
1.3904960950273513e-05,204.66666666666666
1.6502365554858806e-05,204.77777777777777
1.0264384292833297e-05,204.88888888888889
8.523536875265798e-06,205.0
7.436508487665955e-06,205.1111111111111
1.2564894585630657e-05,205.2222222222222
1.2811148987395666e-05,205.33333333333331
1.0274925496617245e-05,205.44444444444443
7.281754580680058e-06,205.55555555555554
5.548953510273266e-06,205.66666666666666
1.0263511075690254e-05,205.77777777777777
7.490765593723018e-06,205.88888888888889
1.5813304796544394e-05,206.0
9.72828933254479e-06,206.1111111111111
8.362836288360104e-06,206.2222222222222
9.744371736071992e-06,206.33333333333331
9.029198448787422e-07,206.44444444444443
1.2806908864821166e-05,206.55555555555554
1.0346387687196455e-05,206.66666666666666
1.7042516333782903e-05,206.77777777777777
1.010013505748089e-05,206.88888888888889
1.0842005253583813e-05,207.0
1.7274746051731038e-05,207.1111111111111
1.4364608911131291e-05,207.2222222222222
1.5538783352553782e-05,207.33333333333331
4.532142384545049e-06,207.44444444444443
1.1650673708256975e-05,207.55555555555554
2.9543029346020334e-06,207.66666666666666
1.4434445048765996e-05,207.77777777777777
2.7692629908586353e-06,207.88888888888889
1.1599800537500876e-05,208.0
9.640129219574549e-06,208.1111111111111
9.703744083044406e-06,208.2222222222222
9.141034335085486e-06,208.33333333333331
7.540600629976708e-06,208.44444444444443
9.69576853140466e-06,208.55555555555554
5.782127870104542e-06,208.66666666666666
1.2842558946140078e-05,208.77777777777777
1.1422306338138545e-05,208.88888888888889
1.3454164947061921e-05,209.0
1.3616932679167008e-05,209.1111111111111
5.353089608196409e-06,209.2222222222222
2.619964139313e-06,209.33333333333331
1.0336966164950505e-05,209.44444444444443
8.039986886372912e-06,209.55555555555554
2.288696553770755e-06,209.66666666666666
1.5229526310269224e-05,209.77777777777777
9.564457190498274e-06,209.88888888888889
2.6301064721023608e-06,210.0
5.9584694017999016e-06,210.1111111111111
7.650748219830487e-06,210.2222222222222
5.63095189833997e-06,210.33333333333331
1.775648658805744e-06,210.44444444444443
1.2351410198117267e-05,210.55555555555554
5.9391548390377125e-06,210.66666666666666
1.3672503536171061e-05,210.77777777777777
1.9103360932406697e-05,210.88888888888889
6.611616739303688e-06,211.0
6.61409261938558e-06,211.1111111111111
5.711376603894367e-06,211.2222222222222
1.0575760104453545e-05,211.33333333333331
1.2696215619738081e-05,211.44444444444443
1.2141328881825195e-05,211.55555555555554
2.7601028799793814e-06,211.66666666666666
6.480599936667792e-06,211.77777777777777
1.375476514215915e-05,211.88888888888889
3.6848459667274814e-06,212.0
1.4108286591145458e-05,212.1111111111111
1.930227788841307e-05,212.2222222222222
1.2982767914619934e-05,212.33333333333331
1.194762032678999e-05,212.44444444444443
1.3358023378264942e-05,212.55555555555554
8.463454788614552e-06,212.66666666666666
5.114889733857584e-06,212.77777777777777
1.6375640084327557e-05,212.88888888888889
5.9043231609037305e-06,213.0
8.784452636760875e-06,213.1111111111111
7.97138311708091e-06,213.2222222222222
1.0741348369321567e-05,213.33333333333331
6.051973026262794e-06,213.44444444444443
5.305108380890935e-06,213.55555555555554
1.0072105354149806e-05,213.66666666666666
3.0530353940401812e-06,213.77777777777777
1.409069708953057e-05,213.88888888888889
3.860564835683396e-06,214.0
1.0529837948947916e-05,214.1111111111111
3.951011526662562e-06,214.2222222222222
2.23670706128222e-06,214.33333333333331
8.129063526144185e-06,214.44444444444443
1.1440600481333894e-05,214.55555555555554
5.269725502875211e-06,214.66666666666666
1.8520610751390226e-05,214.77777777777777
6.1478405352273055e-06,214.88888888888889
1.1925301439995588e-05,215.0
4.345776659675967e-06,215.1111111111111
1.6236149634626536e-05,215.2222222222222
1.5773161452376197e-05,215.33333333333331
1.9197387636882346e-05,215.44444444444443
2.4443023859010395e-06,215.55555555555554
5.707695247759591e-06,215.66666666666666
9.698265471274877e-06,215.77777777777777
1.026875781475305e-05,215.88888888888889
1.1291556264791065e-05,216.0
5.748529072147118e-06,216.1111111111111
1.0483642205094236e-05,216.2222222222222
2.351338118492032e-05,216.33333333333331
7.701873780939025e-06,216.44444444444443
2.9102691890637158e-06,216.55555555555554
1.4337873776076172e-05,216.66666666666666
5.35539439625826e-06,216.77777777777777
4.994423746743885e-06,216.88888888888889
7.952886214532925e-06,217.0
5.670487374234786e-06,217.1111111111111
1.5723346060565968e-05,217.2222222222222
1.4230879487537687e-05,217.33333333333331
8.169953620211025e-06,217.44444444444443
8.33245071193611e-06,217.55555555555554
1.3963698398102488e-05,217.66666666666666
1.6962663476293624e-05,217.77777777777777
7.119751795930169e-06,217.88888888888889
8.388292597127782e-06,218.0
4.229245876455325e-06,218.1111111111111
1.189572703563672e-05,218.2222222222222
1.1695897137260516e-05,218.33333333333331
7.415294429951753e-06,218.44444444444443
9.083991316752347e-06,218.55555555555554
1.628330021852726e-06,218.66666666666666
1.0272208206241265e-05,218.77777777777777
6.5607774862846545e-06,218.88888888888889
9.575294112462341e-06,219.0
1.4427465824643391e-05,219.1111111111111
1.0533255346536745e-05,219.2222222222222
1.0844518777831831e-05,219.33333333333331
5.2452222031888066e-06,219.44444444444443
2.430320994061332e-06,219.55555555555554
5.767210497882303e-06,219.66666666666666
1.2925441370537557e-05,219.77777777777777
3.2825188330103545e-06,219.88888888888889
1.3802716257904391e-05,220.0
1.6397282475680747e-05,220.1111111111111
2.077090079491596e-05,220.2222222222222
1.0764306467989426e-05,220.33333333333331
6.263635159283799e-07,220.44444444444443
1.571757261028469e-05,220.55555555555554
3.2650075051035215e-06,220.66666666666666
9.25121101791298e-06,220.77777777777777
1.5844337132562873e-05,220.88888888888889
2.353611303539324e-05,221.0
5.257247535316878e-06,221.1111111111111
1.1816454279773189e-05,221.2222222222222
5.991548767114907e-06,221.33333333333331
1.4782815843352545e-05,221.44444444444443
1.3678535752302722e-05,221.55555555555554
1.0970138945568413e-05,221.66666666666666
7.724018951803567e-06,221.77777777777777
9.661610742289283e-06,221.88888888888889
5.926560753501685e-06,222.0
1.1511369098204082e-05,222.1111111111111
9.655439241867e-06,222.2222222222222
4.506335317632549e-06,222.33333333333331
7.217546101432056e-06,222.44444444444443
6.9443681317510485e-06,222.55555555555554
1.5497026850423155e-05,222.66666666666666
3.557585071267177e-06,222.77777777777777
8.601628169682455e-06,222.88888888888889
3.986324067099919e-06,223.0
1.4188270416872144e-06,223.1111111111111
7.950092171832809e-06,223.2222222222222
7.749444805909262e-06,223.33333333333331
2.452677476364738e-06,223.44444444444443
5.8650887554408315e-06,223.55555555555554
7.195937408194626e-06,223.66666666666666
7.4119386911425895e-06,223.77777777777777
7.3673952838584026e-06,223.88888888888889
1.3496321153402953e-05,224.0
7.90905741299304e-06,224.1111111111111
8.96733835356907e-06,224.2222222222222
1.1011332624450046e-05,224.33333333333331
8.603986359588274e-06,224.44444444444443
7.428895166432394e-06,224.55555555555554
7.1329694772654e-06,224.66666666666666
1.1047079893021965e-05,224.77777777777777
5.468816728253521e-06,224.88888888888889
1.028234679243938e-05,225.0
1.3837967023288788e-05,225.1111111111111
2.698816549068532e-06,225.2222222222222
6.515699869323094e-06,225.33333333333331
5.38980535517409e-06,225.44444444444443
1.0389753311157102e-05,225.55555555555554
1.4336300517740582e-05,225.66666666666666
5.1799608288563284e-06,225.77777777777777
1.183292365384155e-05,225.88888888888889
1.4894567135949717e-05,226.0
1.598538771351112e-05,226.1111111111111
1.5671959465373982e-05,226.2222222222222
2.0440660611683145e-05,226.33333333333331
1.571183022359472e-05,226.44444444444443
4.346343684267424e-06,226.55555555555554
1.0336352913774326e-05,226.66666666666666
1.0113504378779898e-05,226.77777777777777
1.5214782840735872e-05,226.88888888888889
5.248221949077154e-06,227.0
9.157588664064702e-06,227.1111111111111
1.1699624802901868e-05,227.2222222222222
8.523982646465485e-06,227.33333333333331
1.1150592161496907e-05,227.44444444444443
1.0205923448393074e-05,227.55555555555554
2.688821347812813e-06,227.66666666666666
9.140529204996262e-06,227.77777777777777
2.594432214292044e-06,227.88888888888889
5.739430723600238e-06,228.0
5.888962639043924e-06,228.1111111111111
8.71275321541068e-06,228.2222222222222
5.49353743194285e-06,228.33333333333331
2.540211786037424e-06,228.44444444444443
2.172312342389404e-06,228.55555555555554
7.982502152018849e-06,228.66666666666666
7.32692896523444e-06,228.77777777777777
1.9001151123934194e-05,228.88888888888889
6.320363184207957e-06,229.0
1.5368367835277485e-05,229.1111111111111
9.96273061542547e-06,229.2222222222222
7.646965214014935e-06,229.33333333333331
8.662601146006547e-06,229.44444444444443
6.320918669629283e-06,229.55555555555554
1.144531708277744e-05,229.66666666666666
1.0511612677805555e-05,229.77777777777777
4.210168280452615e-06,229.88888888888889
1.1783813483386054e-05,230.0
1.907262230816267e-05,230.1111111111111
1.110625203809551e-05,230.2222222222222
4.606414657841132e-06,230.33333333333331
5.6197769590289735e-06,230.44444444444443
6.185039504761036e-06,230.55555555555554
9.953705334076125e-06,230.66666666666666
9.207663674547944e-06,230.77777777777777
1.0044231034759851e-05,230.88888888888889
6.488539918035111e-06,231.0
1.3341356697425318e-05,231.1111111111111
1.4866006654653783e-05,231.2222222222222
5.485939856612809e-06,231.33333333333331
8.359220443332856e-06,231.44444444444443
1.1010009338807484e-05,231.55555555555554
1.4207004766379682e-05,231.66666666666666
9.028427188891776e-06,231.77777777777777
4.6442088603730484e-06,231.88888888888889
1.108881961261375e-05,232.0
1.080505036673938e-05,232.1111111111111
8.827049989813408e-06,232.2222222222222
1.0057772586537389e-05,232.33333333333331
7.301850248697293e-06,232.44444444444443
1.4210726161172244e-05,232.55555555555554
1.0126980259759758e-05,232.66666666666666
5.4369770924348135e-06,232.77777777777777
4.857593963431034e-06,232.88888888888889
1.3530061434434596e-05,233.0
1.5324530419992743e-05,233.1111111111111
1.922515466384059e-05,233.2222222222222
5.739927155286157e-06,233.33333333333331
1.682520854214725e-06,233.44444444444443
2.2957088661685348e-05,233.55555555555554
1.8332984133743787e-05,233.66666666666666
1.6605767354612477e-05,233.77777777777777
9.659426891840145e-06,233.88888888888889
1.3273733495733086e-05,234.0
1.318064624758843e-05,234.1111111111111
3.011191202428695e-06,234.2222222222222
9.454735320612772e-06,234.33333333333331
6.4722298171721795e-06,234.44444444444443
1.6649388835507443e-06,234.55555555555554
1.1980168320339712e-05,234.66666666666666
4.4101933580874904e-06,234.77777777777777
8.021141935467279e-06,234.88888888888889
3.7569739535562436e-06,235.0
2.774575334787922e-06,235.1111111111111
1.3535526691988539e-05,235.2222222222222
6.9503069638151355e-06,235.33333333333331
1.749386328527316e-05,235.44444444444443
4.457856244495231e-06,235.55555555555554
8.935319688252375e-06,235.66666666666666
9.821822562180253e-06,235.77777777777777
5.06421828030557e-06,235.88888888888889
1.260590168947078e-05,236.0
1.58664137579109e-05,236.1111111111111
1.356569718374565e-05,236.2222222222222
1.7646942515791996e-05,236.33333333333331
4.17777156248167e-06,236.44444444444443
6.072214984991714e-06,236.55555555555554
8.603043270904916e-06,236.66666666666666
1.5000016279206358e-05,236.77777777777777
8.323675471192695e-06,236.88888888888889
8.912130614257463e-06,237.0
7.278810478386775e-06,237.1111111111111
6.255284192727394e-07,237.2222222222222
1.1800138594476338e-05,237.33333333333331
8.830189212965835e-06,237.44444444444443
7.608884787115044e-06,237.55555555555554
4.743489337334199e-06,237.66666666666666
8.201457627522418e-06,237.77777777777777
7.471657418742745e-06,237.88888888888889
1.106387273747297e-06,238.0
5.531375769846859e-06,238.1111111111111
1.7367972983769781e-06,238.2222222222222
1.3779320470625146e-05,238.33333333333331
5.057378284795102e-06,238.44444444444443
4.6108938029068855e-06,238.55555555555554
1.4683801916397803e-05,238.66666666666666
3.4816248749564184e-06,238.77777777777777
2.75150965554185e-06,238.88888888888889
9.614781162985574e-06,239.0
8.187093375191998e-06,239.1111111111111
7.368665077184606e-06,239.2222222222222
6.261743340064147e-06,239.33333333333331
5.455074133200196e-06,239.44444444444443
1.4523569571770498e-05,239.55555555555554
1.4594426570082586e-05,239.66666666666666
8.092714760619572e-06,239.77777777777777
6.2849150128418216e-06,239.88888888888889
5.696405710963566e-06,240.0
1.0303117965289016e-05,240.1111111111111
1.3077414904346931e-05,240.2222222222222
1.8727928193700996e-05,240.33333333333331
1.269450770201724e-05,240.44444444444443
4.053632702770027e-06,240.55555555555554
2.1717205184115604e-05,240.66666666666666
3.498221816266578e-06,240.77777777777777
1.5183284921808496e-05,240.88888888888889
3.3099681978082903e-06,241.0
8.898760106584591e-06,241.1111111111111
9.547266705118721e-06,241.2222222222222
1.8865427587367e-05,241.33333333333331
1.4164647650685342e-05,241.44444444444443
1.4453587459401413e-05,241.55555555555554
7.875116197519119e-06,241.66666666666666
1.871680192008872e-05,241.77777777777777
1.4681787105591403e-05,241.88888888888889
6.050255999567976e-06,242.0
2.2765259231068835e-06,242.1111111111111
2.7049909333128368e-06,242.2222222222222
3.697208439716887e-06,242.33333333333331
1.0854494060873965e-05,242.44444444444443
9.709007174232433e-06,242.55555555555554
7.970700049617933e-06,242.66666666666666
9.061665040166191e-06,242.77777777777777
5.39951157988841e-06,242.88888888888889
1.0509291187401696e-05,243.0
4.5512132144333815e-06,243.1111111111111
6.41905831727982e-06,243.2222222222222
3.3010742777925584e-06,243.33333333333331
8.874656711120957e-06,243.44444444444443
2.5695118971514003e-06,243.55555555555554
3.553432844491016e-06,243.66666666666666
1.1150298233414938e-05,243.77777777777777
1.693575624795866e-05,243.88888888888889
6.510270911167653e-06,244.0
3.597435356128814e-06,244.1111111111111
1.0871177886735315e-05,244.2222222222222
4.796207910326802e-06,244.33333333333331
1.078712260319135e-05,244.44444444444443
8.718476698332873e-06,244.55555555555554
1.686136519836029e-05,244.66666666666666
1.2825542837776405e-05,244.77777777777777
8.333723024205424e-06,244.88888888888889
6.696206587157608e-06,245.0
1.3971112512765285e-05,245.1111111111111
1.308837433473082e-05,245.2222222222222
6.1297379489426655e-06,245.33333333333331
1.2481039374707985e-05,245.44444444444443
8.58010699663981e-06,245.55555555555554
3.7240654928004866e-06,245.66666666666666
9.403346975819661e-06,245.77777777777777
1.3588307340197652e-06,245.88888888888889
9.416050285996898e-06,246.0
1.798330116149548e-05,246.1111111111111
9.476005818852809e-06,246.2222222222222
8.85401092626545e-06,246.33333333333331
4.672132324033318e-06,246.44444444444443
1.756037893824397e-06,246.55555555555554
1.2926033349321566e-05,246.66666666666666
1.1219102585251719e-05,246.77777777777777
3.004136377973936e-06,246.88888888888889
1.3408038236577383e-05,247.0
4.82459668060513e-06,247.1111111111111
4.2259897443603235e-06,247.2222222222222
7.67207563451353e-06,247.33333333333331
4.789494027681396e-06,247.44444444444443
1.3535370397544907e-05,247.55555555555554
1.459691771408978e-05,247.66666666666666
1.809676670497104e-05,247.77777777777777
9.893481209785467e-06,247.88888888888889
1.2084840418713437e-05,248.0
9.87360431206124e-06,248.1111111111111
7.71130862443592e-06,248.2222222222222
1.004728149120898e-05,248.33333333333331
1.1022116215417447e-05,248.44444444444443
1.0107937462053201e-05,248.55555555555554
1.196802593938394e-05,248.66666666666666
1.0606909670175237e-05,248.77777777777777
3.5447593346620825e-06,248.88888888888889
1.1328777910618843e-05,249.0
1.7080845598830117e-06,249.1111111111111
5.7849364208960065e-06,249.2222222222222
1.4642378388365127e-05,249.33333333333331
9.239868936969852e-06,249.44444444444443
2.7029632563182805e-05,249.55555555555554
1.6739173464661008e-05,249.66666666666666
1.1907322785075185e-05,249.77777777777777
1.2224957651026152e-05,249.88888888888889
5.9835164524128e-06,250.0
9.77695274808471e-06,250.1111111111111
5.263662108366537e-06,250.2222222222222
9.447764478398731e-06,250.33333333333331
1.291788383284775e-05,250.44444444444443
7.01621540563432e-06,250.55555555555554
1.1557263486078177e-05,250.66666666666666
6.274814729133605e-06,250.77777777777777
1.652866716518617e-05,250.88888888888889
1.4775004738432525e-05,251.0
8.482879870717097e-06,251.1111111111111
3.6031053543037473e-06,251.2222222222222
1.642676414592032e-05,251.33333333333331
5.273270234030853e-06,251.44444444444443
4.831096781502928e-06,251.55555555555554
4.928070212189683e-06,251.66666666666666
9.632748118153125e-06,251.77777777777777
1.26615186621135e-05,251.88888888888889
6.543273606094215e-06,252.0
1.4316411753556694e-05,252.1111111111111
3.881128749685312e-06,252.2222222222222
1.2758229935112612e-05,252.33333333333331
2.0840368378093177e-05,252.44444444444443
1.4514975331840745e-05,252.55555555555554
2.8813560763688837e-06,252.66666666666666
4.3154749690251964e-06,252.77777777777777
1.141102511591753e-05,252.88888888888889
7.507400883935449e-06,253.0
1.365169627090684e-05,253.1111111111111
1.1084111146463722e-05,253.2222222222222
1.0444390791795115e-05,253.33333333333331
1.0951998570551867e-05,253.44444444444443
7.947685957488333e-06,253.55555555555554
6.683308883000434e-06,253.66666666666666
4.454033172246922e-06,253.77777777777777
1.580923561631315e-06,253.88888888888889
4.103273924464734e-06,254.0
1.1816320701244142e-05,254.1111111111111
1.1272169195241244e-05,254.2222222222222
1.018672859101059e-05,254.33333333333331
7.058287817359644e-06,254.44444444444443
8.49696807657858e-06,254.55555555555554
1.4400324473118476e-05,254.66666666666666
7.316460760044774e-06,254.77777777777777
2.183839352434383e-05,254.88888888888889
1.6829465890017673e-05,255.0
6.140587778363567e-06,255.1111111111111
3.0462108394446514e-06,255.2222222222222
1.934398889167892e-05,255.33333333333331
1.3858016334033025e-05,255.44444444444443
8.286428091256456e-06,255.55555555555554
2.694021462221501e-06,255.66666666666666
9.14192611968747e-06,255.77777777777777
4.155216403284601e-06,255.88888888888889
1.3806093197035619e-05,256.0
6.200002378672199e-06,256.1111111111111
2.256922475772184e-06,256.22222222222223
7.995324756522313e-06,256.3333333333333
6.133946537442021e-06,256.44444444444446
4.964798659112242e-06,256.55555555555554
5.119904880503882e-06,256.66666666666663
1.2599662867106805e-05,256.77777777777777
1.1285680167147588e-05,256.88888888888886
7.364084695608448e-06,257.0
7.402641255057789e-06,257.1111111111111
6.851016733357055e-06,257.22222222222223
1.4024750176656493e-05,257.3333333333333
8.92656837410272e-06,257.44444444444446
4.053575442997057e-06,257.55555555555554
4.21059301421564e-06,257.66666666666663
7.1625412283157185e-06,257.77777777777777
7.679957674406537e-06,257.88888888888886
1.25098496287482e-05,258.0
1.316084820492417e-05,258.1111111111111
4.812013202620063e-06,258.22222222222223
6.12240730141531e-06,258.3333333333333
1.0143623044016059e-05,258.44444444444446
1.2427998735119762e-05,258.55555555555554
9.236256907646997e-06,258.66666666666663
4.417740639776591e-06,258.77777777777777
1.7145355367389266e-05,258.88888888888886
8.350577907311808e-06,259.0
1.5673931886378763e-05,259.1111111111111
8.86117050879253e-06,259.22222222222223
8.639331711771767e-06,259.3333333333333
1.3824621438012687e-05,259.44444444444446
1.561548570431048e-05,259.55555555555554
3.5220069779487715e-06,259.66666666666663
1.5711479042236156e-05,259.77777777777777
1.2773113315825293e-05,259.88888888888886
5.8957727654132925e-06,260.0
5.631114154049394e-06,260.1111111111111
4.038880733952615e-06,260.22222222222223
7.522409157336982e-06,260.3333333333333
7.556074476857181e-06,260.44444444444446
1.619058852526718e-05,260.55555555555554
2.5193354395823577e-06,260.66666666666663
4.871177771645754e-06,260.77777777777777
5.897145330757205e-06,260.88888888888886
8.635232500001424e-06,261.0
2.3357692330762046e-05,261.1111111111111
4.534651031643746e-06,261.22222222222223
8.068573459898303e-06,261.3333333333333
6.3422592558712915e-06,261.44444444444446
6.185031233676246e-06,261.55555555555554
1.659172171984541e-05,261.66666666666663
1.609993343941587e-05,261.77777777777777
5.696327343119022e-07,261.88888888888886
1.8801100480299939e-06,262.0
4.366787608926543e-06,262.1111111111111
1.1238950116625004e-05,262.22222222222223
7.301708059804871e-06,262.3333333333333
1.0191245397072418e-05,262.44444444444446
7.583122678239283e-06,262.55555555555554
1.0002205735241282e-05,262.66666666666663
1.0239185232356803e-05,262.77777777777777
1.6185472396532972e-06,262.88888888888886
8.439257562131987e-06,263.0
6.562180015463544e-06,263.1111111111111
1.0519443804836948e-05,263.22222222222223
1.020756886946942e-05,263.3333333333333
1.7071093422666314e-05,263.44444444444446
9.156350326295078e-06,263.55555555555554
9.321511368612832e-06,263.66666666666663
6.418506841223032e-06,263.77777777777777
9.763904443459631e-06,263.88888888888886
1.3196468230799214e-05,264.0
3.082346778083451e-06,264.1111111111111
8.660305328732405e-06,264.22222222222223
1.3738966581074355e-05,264.3333333333333
1.7747526319292427e-05,264.44444444444446
1.5481535732356792e-05,264.55555555555554
6.33354599274093e-06,264.66666666666663
6.639294953588466e-06,264.77777777777777
8.044888221493131e-06,264.88888888888886
9.005250965610057e-06,265.0
1.360027412494916e-05,265.1111111111111
8.434202517353941e-06,265.22222222222223
9.422859379848648e-06,265.3333333333333
1.2483306544891863e-06,265.44444444444446
4.1140611334786825e-06,265.55555555555554
1.3255412632391207e-05,265.66666666666663
2.859412048745928e-06,265.77777777777777
1.678665728737558e-05,265.88888888888886
1.084710688725612e-05,266.0
1.1003626277492725e-05,266.1111111111111
6.558679122771209e-06,266.22222222222223
3.853343583156059e-06,266.3333333333333
1.6248066382182944e-05,266.44444444444446
2.267685861852835e-06,266.55555555555554
9.090395033988296e-06,266.66666666666663
8.920051864348542e-06,266.77777777777777
5.203454596179358e-06,266.88888888888886
6.82510315426803e-06,267.0
3.960559602389392e-06,267.1111111111111
1.1517131050858354e-05,267.22222222222223
8.707464893207556e-07,267.3333333333333
4.698087691993671e-06,267.44444444444446
1.3642178794157057e-05,267.55555555555554
7.428400005540696e-06,267.66666666666663
1.4676279942348152e-05,267.77777777777777
5.559249990697724e-06,267.88888888888886
5.255467096416734e-06,268.0
1.8661574224266877e-06,268.1111111111111
1.3094407844765047e-05,268.22222222222223
4.9108825477253975e-06,268.3333333333333
4.723237511514973e-06,268.44444444444446
6.936818565180824e-06,268.55555555555554
6.083893979184029e-06,268.66666666666663
7.114105099546841e-06,268.77777777777777
7.789272551014013e-06,268.88888888888886
1.335376231840469e-06,269.0
3.2860295449972873e-06,269.1111111111111
7.763510014097117e-06,269.22222222222223
2.686939978294927e-06,269.3333333333333
1.278214370526208e-05,269.44444444444446
1.1276299892858736e-05,269.55555555555554
4.986988909890472e-06,269.66666666666663
3.321863392784498e-06,269.77777777777777
7.716063887556577e-06,269.88888888888886
1.1027907186751779e-05,270.0
9.533395847083406e-06,270.1111111111111
1.0393130596310293e-05,270.22222222222223
1.0438164858042938e-05,270.3333333333333
8.915772243348878e-06,270.44444444444446
4.655176596999869e-06,270.55555555555554
2.2756614502926437e-06,270.66666666666663
3.694348462097669e-06,270.77777777777777
1.0346081463808495e-05,270.88888888888886
3.165649019297941e-06,271.0
3.19910922783018e-06,271.1111111111111
1.5370829920736287e-05,271.22222222222223
6.385576748230886e-06,271.3333333333333
1.0789901375300184e-05,271.44444444444446
1.4667957418277795e-05,271.55555555555554
2.544872979732961e-06,271.66666666666663
1.0474757729003713e-05,271.77777777777777
9.214781713565092e-06,271.88888888888886
7.570734351222385e-06,272.0
1.4301269461094457e-05,272.1111111111111
1.0465643315561455e-05,272.22222222222223
1.3301513390728675e-05,272.3333333333333
9.756788393962857e-06,272.44444444444446
6.000955807245968e-06,272.55555555555554
2.613884070382784e-06,272.66666666666663
1.2516768988269094e-05,272.77777777777777
6.477396765375705e-06,272.88888888888886
1.5915854951579953e-05,273.0
6.939593017343138e-07,273.1111111111111
6.21527967157957e-06,273.22222222222223
1.6847784087780194e-05,273.3333333333333
9.760047507812513e-06,273.44444444444446
8.423682939930992e-06,273.55555555555554
2.0105373354089705e-05,273.66666666666663
8.599727907144989e-06,273.77777777777777
1.1095771328732801e-05,273.88888888888886
6.876153517378992e-06,274.0
5.894556808033134e-06,274.1111111111111
2.6540352829139746e-06,274.22222222222223
1.4178481503417023e-05,274.3333333333333
1.1814035926581296e-05,274.44444444444446
6.718040989354793e-06,274.55555555555554
1.3505906739600378e-05,274.66666666666663
6.5678049419461105e-06,274.77777777777777
5.105911406804332e-06,274.88888888888886
2.6455639717535662e-06,275.0
7.598187193774535e-06,275.1111111111111
9.114763807842493e-06,275.22222222222223
7.1397638268819075e-06,275.3333333333333
1.466500636405722e-05,275.44444444444446
9.139179931247973e-06,275.55555555555554
1.225825595222678e-05,275.66666666666663
2.1344637758090815e-05,275.77777777777777
9.785859821631776e-06,275.88888888888886
9.9144374576586e-06,276.0
9.251111275662992e-06,276.1111111111111
1.6803999992095723e-05,276.22222222222223
1.444189228713627e-05,276.3333333333333
2.2943482184050378e-07,276.44444444444446
5.664682812563739e-06,276.55555555555554
5.841009995099601e-06,276.66666666666663
2.7409151112389715e-06,276.77777777777777
3.0522519842197837e-06,276.88888888888886
2.2750666380666865e-05,277.0
1.685872790928712e-05,277.1111111111111
5.393115995448665e-06,277.22222222222223
6.704839834456394e-06,277.3333333333333
4.651773346080278e-06,277.44444444444446
8.088127410160414e-06,277.55555555555554
1.317234501672124e-05,277.66666666666663
6.152190804650985e-06,277.77777777777777
1.7884578104993335e-06,277.88888888888886
1.059226946327406e-05,278.0
1.1217964035709152e-05,278.1111111111111
1.2788109088337076e-05,278.22222222222223
3.937519524222783e-06,278.3333333333333
2.965540848775938e-06,278.44444444444446
1.718604759286655e-05,278.55555555555554
1.5864860187887807e-05,278.66666666666663
1.1121978405554389e-05,278.77777777777777
6.368757174945945e-06,278.88888888888886
8.887111656925818e-06,279.0
2.210450905596181e-06,279.1111111111111
5.781466577616819e-06,279.22222222222223
9.835413654406721e-06,279.3333333333333
7.283399598387619e-06,279.44444444444446
4.616862668273058e-06,279.55555555555554
1.6389614746606374e-05,279.66666666666663
1.1244134178297631e-05,279.77777777777777
1.720569770983779e-05,279.88888888888886
9.778827519663994e-06,280.0
8.914360634525335e-06,280.1111111111111
3.885767922438421e-06,280.22222222222223
9.557578474836798e-06,280.3333333333333
2.475474856117315e-06,280.44444444444446
1.5426406711269407e-05,280.55555555555554
1.6655946350938147e-06,280.66666666666663
5.990650079245505e-06,280.77777777777777
9.00257970931019e-06,280.88888888888886
1.5111260352015669e-05,281.0
8.63363219724477e-06,281.1111111111111
1.0128296366889619e-05,281.22222222222223
1.0416626004589776e-05,281.3333333333333
5.757790729362314e-06,281.44444444444446
8.201158928001357e-06,281.55555555555554
8.958674143457271e-06,281.66666666666663
1.0454640148276562e-05,281.77777777777777
2.454851329498152e-06,281.88888888888886
1.7626231620578162e-05,282.0
9.72263163548262e-06,282.1111111111111
7.415474912176537e-06,282.22222222222223
7.096267849875835e-06,282.3333333333333
1.442706068731417e-06,282.44444444444446
8.29686819327063e-06,282.55555555555554
4.955445358847135e-06,282.66666666666663
1.5971278348346027e-05,282.77777777777777
3.6465733176798787e-06,282.88888888888886
1.570852122185561e-05,283.0
4.010490820742687e-06,283.1111111111111
8.720956173897504e-06,283.22222222222223
1.945180706786785e-05,283.3333333333333
8.214281031993785e-06,283.44444444444446
1.7201193045752556e-06,283.55555555555554
6.682285641240467e-06,283.66666666666663
2.967997644994662e-06,283.77777777777777
7.94237090560536e-06,283.88888888888886
6.256722732439144e-06,284.0
1.0642854680192475e-05,284.1111111111111
1.941444393514548e-05,284.22222222222223
1.4974004389732746e-05,284.3333333333333
2.9200718551658788e-05,284.44444444444446
1.3654661385803023e-05,284.55555555555554
1.6439097815608077e-05,284.66666666666663
1.2681093772337901e-05,284.77777777777777
1.1075988278611484e-06,284.88888888888886
1.5395760644632866e-05,285.0
1.172365220167351e-05,285.1111111111111
7.898209275946873e-06,285.22222222222223
9.30472092331669e-06,285.3333333333333
2.2828699941397603e-05,285.4444444444444
1.852201619798979e-05,285.55555555555554
1.7676880960890332e-05,285.66666666666663
1.322803103228714e-05,285.77777777777777
2.035747195448994e-05,285.88888888888886
2.8944449809856684e-06,286.0
1.2915435688750048e-05,286.1111111111111
1.2372155361370122e-05,286.22222222222223
3.904250031004561e-06,286.3333333333333
8.425964050696836e-06,286.4444444444444
7.2144740050777176e-06,286.55555555555554
1.0314187459912212e-05,286.66666666666663
1.2150708534378943e-05,286.77777777777777
4.284436783269586e-06,286.88888888888886
8.041429111342535e-06,287.0
5.368185271528722e-07,287.1111111111111
1.759265715913023e-05,287.22222222222223
2.4859309098136836e-06,287.3333333333333
7.518824853469269e-06,287.4444444444444
2.8076847781337265e-06,287.55555555555554
7.434451880355153e-06,287.66666666666663
4.607494124747897e-06,287.77777777777777
1.1410428651877163e-05,287.88888888888886
1.857276221924857e-05,288.0
1.3088543746427997e-05,288.1111111111111
7.57443023761281e-06,288.22222222222223
4.662293225443276e-06,288.3333333333333
4.479300110432795e-06,288.4444444444444
1.0092244804413167e-05,288.55555555555554
1.0147554838277205e-05,288.66666666666663
9.67558007614737e-06,288.77777777777777
1.0594649803562485e-05,288.88888888888886
7.113792251885194e-06,289.0
8.685391933935807e-06,289.1111111111111
5.315803124503331e-06,289.22222222222223
1.3877181724904843e-05,289.3333333333333
8.139029334127557e-06,289.4444444444444
8.733148017074184e-06,289.55555555555554
2.3869448136124923e-06,289.66666666666663
8.801303906496357e-06,289.77777777777777
1.0658934834079639e-05,289.88888888888886
1.0087231944886004e-05,290.0
1.39341838691429e-05,290.1111111111111
1.865160313451196e-05,290.22222222222223
1.1307453199478767e-05,290.3333333333333
8.578675543287132e-06,290.4444444444444
1.4748374048102467e-05,290.55555555555554
6.966741306373288e-06,290.66666666666663
7.68339123968251e-06,290.77777777777777
1.822238089354758e-05,290.88888888888886
6.386998300764992e-06,291.0
8.91330106496278e-06,291.1111111111111
6.903807892305668e-06,291.22222222222223
4.212877792740612e-06,291.3333333333333
3.487399799267524e-06,291.4444444444444
7.861071402510366e-06,291.55555555555554
3.279908085995621e-06,291.66666666666663
9.526792778479479e-06,291.77777777777777
1.1707811776637423e-05,291.88888888888886
1.2916024439656175e-05,292.0
6.796209595214427e-06,292.1111111111111
1.4786238708289382e-05,292.22222222222223
1.0259817633590896e-05,292.3333333333333
6.030512554811658e-06,292.4444444444444
4.479478793279786e-06,292.55555555555554
8.908001396534943e-06,292.66666666666663
1.5060200659945311e-05,292.77777777777777
3.7093793015573195e-06,292.88888888888886
1.0844222513162237e-05,293.0
7.91301888938143e-06,293.1111111111111
9.93209300920514e-06,293.22222222222223
1.7422434924181763e-05,293.3333333333333
7.514037360670263e-06,293.4444444444444
2.7597638677455022e-06,293.55555555555554
6.163649376651756e-06,293.66666666666663
1.3168393203414818e-05,293.77777777777777
7.683354447866295e-06,293.88888888888886
4.940873765317716e-06,294.0
7.307937978093136e-06,294.1111111111111
1.0670065425010937e-05,294.22222222222223
1.4134700428820652e-05,294.3333333333333
1.2939616449619542e-05,294.4444444444444
3.663141016804347e-06,294.55555555555554
1.5397809952220228e-05,294.66666666666663
1.5918025772002048e-05,294.77777777777777
1.427607698771699e-05,294.88888888888886
9.525983109884763e-06,295.0
1.4123112021511013e-05,295.1111111111111
1.2132436436867115e-05,295.22222222222223
5.084799174383786e-06,295.3333333333333
6.340728750124145e-06,295.4444444444444
1.2739273943103629e-05,295.55555555555554
6.142248583759714e-06,295.66666666666663
1.5518022755975696e-05,295.77777777777777
1.2297154591015138e-06,295.88888888888886
4.590637745107992e-06,296.0
7.736495085263352e-06,296.1111111111111
7.182734301417442e-06,296.22222222222223
4.704677269587568e-06,296.3333333333333
5.561762935323686e-06,296.4444444444444
5.290143084877643e-06,296.55555555555554
9.658859666379967e-06,296.66666666666663
1.290881848801811e-05,296.77777777777777
3.511442430567105e-06,296.88888888888886
1.5123566595485496e-05,297.0
9.823908352048893e-06,297.1111111111111
7.230059351282974e-06,297.22222222222223
1.3958731678208373e-05,297.3333333333333
1.038313827688136e-05,297.4444444444444
8.727098851297949e-06,297.55555555555554
1.7502127222168346e-05,297.66666666666663
7.4233721069448485e-06,297.77777777777777
1.0832259994095647e-05,297.88888888888886
2.341077226955276e-05,298.0
5.0092191153097195e-06,298.1111111111111
1.2395035964089688e-05,298.22222222222223
5.830719368624118e-06,298.3333333333333
7.954013553067926e-06,298.4444444444444
1.2418938904309183e-05,298.55555555555554
1.791457856483923e-05,298.66666666666663
2.1440917720950665e-06,298.77777777777777
2.698516341237119e-06,298.88888888888886
9.848604603794602e-06,299.0
1.2621840204356598e-05,299.1111111111111
8.375709914749941e-06,299.22222222222223
5.720911555219378e-06,299.3333333333333
7.493656150416763e-06,299.4444444444444
6.495370419364237e-06,299.55555555555554
6.983719088962895e-06,299.66666666666663
1.0359979312681684e-05,299.77777777777777
1.8580403854174222e-05,299.88888888888886
1.9790486328084834e-05,300.0
9.881731307409536e-06,300.1111111111111
5.315761724151384e-06,300.22222222222223
1.1826584006821454e-05,300.3333333333333
2.8170970684938156e-06,300.4444444444444
8.145326037476548e-06,300.55555555555554
4.465416827252514e-06,300.66666666666663
1.135948054050304e-05,300.77777777777777
3.056642824662975e-06,300.88888888888886
3.403590965683261e-06,301.0
2.0143450139479273e-05,301.1111111111111
9.837300207504554e-06,301.22222222222223
4.024070431424169e-06,301.3333333333333
1.0593290424497148e-05,301.4444444444444
1.528753547818882e-05,301.55555555555554
1.666456782130535e-05,301.66666666666663
4.044434592254142e-06,301.77777777777777
1.4274427305672724e-05,301.88888888888886
6.256296107980531e-06,302.0
1.4852934193835717e-05,302.1111111111111
6.939792600022431e-06,302.22222222222223
8.531880407115435e-06,302.3333333333333
8.042654154123402e-06,302.4444444444444
8.015955958712721e-06,302.55555555555554
8.799994578889556e-07,302.66666666666663
1.1137282542906443e-05,302.77777777777777
6.328273843018923e-06,302.88888888888886
1.8624205926219554e-05,303.0
4.051067327333394e-06,303.1111111111111
6.326065087736826e-06,303.22222222222223
6.919013010801351e-06,303.3333333333333
7.855067210609482e-06,303.4444444444444
1.0888673486380346e-06,303.55555555555554
1.5244700724986221e-05,303.66666666666663
1.1630422166414642e-05,303.77777777777777
6.108952005990972e-06,303.88888888888886
1.741948243608977e-05,304.0
8.689177566156924e-06,304.1111111111111
1.5709347539407637e-05,304.22222222222223
1.803474381985287e-05,304.3333333333333
7.855365991121717e-06,304.4444444444444
1.2332293150742753e-05,304.55555555555554
6.726705546084141e-06,304.66666666666663
8.205857817267987e-06,304.77777777777777
1.8269837565370652e-06,304.88888888888886
1.4520170570333948e-05,305.0
4.882399306945059e-06,305.1111111111111
9.26273645341468e-06,305.22222222222223
7.907512083515686e-06,305.3333333333333
3.6967705772585545e-06,305.4444444444444
4.190474502076997e-06,305.55555555555554
3.293860586974705e-06,305.66666666666663
2.5416698636171293e-05,305.77777777777777
5.089762499494949e-06,305.88888888888886
1.7657612424260177e-05,306.0
7.029981961683786e-06,306.1111111111111
6.7850960865799965e-06,306.22222222222223
6.550232445547488e-06,306.3333333333333
1.2691442622892544e-05,306.4444444444444
1.7744767323728555e-05,306.55555555555554
1.5643539522757155e-05,306.66666666666663
8.903908988322047e-06,306.77777777777777
1.1649800348702273e-05,306.88888888888886
9.085737411150112e-06,307.0
1.565077114317178e-05,307.1111111111111
7.456966544686819e-06,307.22222222222223
7.881523009197465e-06,307.3333333333333
1.0262305797233794e-05,307.4444444444444
8.047136890869887e-06,307.55555555555554
1.80404023209277e-05,307.66666666666663
1.3792332336758976e-05,307.77777777777777
2.4952963943054535e-06,307.88888888888886
3.64580670077971e-06,308.0
1.2124626710712383e-05,308.1111111111111
7.787351455953672e-06,308.22222222222223
3.64363301930308e-07,308.3333333333333
4.668208766738023e-06,308.4444444444444
9.232123996331832e-06,308.55555555555554
1.3872746948475859e-05,308.66666666666663
6.001871337891174e-07,308.77777777777777
8.324490626877957e-06,308.88888888888886
4.893183151494928e-06,309.0
8.832573628417335e-06,309.1111111111111
7.417551063206369e-06,309.22222222222223
7.492559951141861e-06,309.3333333333333
6.141462983918581e-06,309.4444444444444
1.5427549732021023e-05,309.55555555555554
5.2171168279767016e-06,309.66666666666663
5.255916404522576e-07,309.77777777777777
1.0271791903162793e-05,309.88888888888886
1.4272904002618509e-05,310.0
8.108714996583088e-06,310.1111111111111
1.2191687488562873e-05,310.22222222222223
1.3754726001399393e-06,310.3333333333333
4.1260654357933246e-06,310.4444444444444
1.3881674710940867e-05,310.55555555555554
8.45860810958998e-06,310.66666666666663
3.598346865496267e-06,310.77777777777777
6.168644152703492e-06,310.88888888888886
7.348713008124053e-06,311.0
1.923350482671946e-06,311.1111111111111
1.0819062623021548e-05,311.22222222222223
1.0124902255660387e-05,311.3333333333333
1.2797837601928485e-05,311.4444444444444
1.0921963492061343e-05,311.55555555555554
2.2323555214546213e-05,311.66666666666663
9.835261698610483e-06,311.77777777777777
1.1405341369838864e-05,311.88888888888886
6.52576397530316e-06,312.0
3.846249761370102e-06,312.1111111111111
4.356057805714146e-06,312.22222222222223
5.145804238023156e-06,312.3333333333333
6.255496855421754e-06,312.4444444444444
1.5032281452909337e-05,312.55555555555554
3.969286063064514e-06,312.66666666666663
6.275994881170872e-06,312.77777777777777
1.0896031013821635e-05,312.88888888888886
3.942744457812355e-06,313.0
2.0203254473262572e-06,313.1111111111111
5.028446029241632e-06,313.22222222222223
2.0524556600580556e-05,313.3333333333333
6.778690103458948e-06,313.4444444444444
3.989531531015178e-06,313.55555555555554
4.671152871154196e-06,313.66666666666663
1.1156730637138215e-05,313.77777777777777
9.862048169801445e-06,313.88888888888886
7.563343037111236e-06,314.0
1.3860160872564747e-05,314.1111111111111
1.1201828975943146e-05,314.22222222222223
5.200140526228706e-06,314.3333333333333
1.0629451983556743e-05,314.4444444444444
2.1607720685041066e-06,314.55555555555554
1.1990099642139392e-05,314.66666666666663
2.6043045479341082e-06,314.77777777777777
1.1535638923522015e-05,314.88888888888886
1.1172146067769128e-05,315.0
9.729126657344658e-06,315.1111111111111
9.840458307902489e-06,315.22222222222223
7.676828787316038e-06,315.3333333333333
8.365119361973664e-06,315.4444444444444
1.520944626852342e-05,315.55555555555554
7.539233326062336e-06,315.66666666666663
8.296022023700377e-06,315.77777777777777
9.172521205998812e-06,315.88888888888886
1.9676075068913204e-06,316.0
4.346080462355604e-06,316.1111111111111
8.007488736529215e-06,316.22222222222223
1.875625127438965e-05,316.3333333333333
9.854544756191642e-06,316.4444444444444
6.221608340397001e-06,316.55555555555554
7.264709781192006e-06,316.66666666666663
4.072276781007197e-06,316.77777777777777
1.793859051910959e-05,316.88888888888886
1.403804093063161e-05,317.0
3.7110828008680785e-06,317.1111111111111
1.5107919394544327e-05,317.22222222222223
1.2508507527275228e-05,317.3333333333333
8.885898235157385e-06,317.4444444444444
6.123740665359592e-06,317.55555555555554
5.60929325118935e-06,317.66666666666663
6.6015849461672905e-06,317.77777777777777
2.0328681289708072e-05,317.88888888888886
1.2117829572760203e-05,318.0
1.71952836173842e-05,318.1111111111111
5.977716275203543e-06,318.22222222222223
1.0524569713038645e-05,318.3333333333333
5.933458181727029e-06,318.4444444444444
2.9706397933355466e-07,318.55555555555554
7.88288687064939e-06,318.66666666666663
7.085197578347759e-06,318.77777777777777
7.400313979770127e-06,318.88888888888886
1.1945212362755056e-05,319.0
9.347609585651307e-06,319.1111111111111
1.348802041659304e-05,319.22222222222223
9.221820991540863e-06,319.3333333333333
1.5154944463675171e-05,319.4444444444444
6.1439419036919995e-06,319.55555555555554
1.2708340469310798e-05,319.66666666666663
2.248173878629289e-06,319.77777777777777
6.784970580155054e-06,319.88888888888886
1.370240414553694e-05,320.0
2.7267522395281906e-06,320.1111111111111
7.409424715464702e-06,320.22222222222223
1.3046863010363042e-05,320.3333333333333
1.4624344006178106e-05,320.4444444444444
7.531237230232505e-06,320.55555555555554
5.779612788743456e-06,320.66666666666663
1.6911115364730723e-05,320.77777777777777
4.0480073065918694e-06,320.88888888888886
2.7310321446159013e-06,321.0
1.2042580820869368e-05,321.1111111111111
1.552990475358286e-05,321.22222222222223
6.048916692206143e-06,321.3333333333333
6.568757393164609e-06,321.4444444444444
7.822404353011185e-06,321.55555555555554
7.917668017601071e-06,321.66666666666663
8.624181395246958e-06,321.77777777777777
1.095287476710614e-05,321.88888888888886
5.809496845508009e-06,322.0
1.5091998726885647e-05,322.1111111111111
8.915968190189481e-06,322.22222222222223
1.0038839200186335e-05,322.3333333333333
1.110266604546334e-05,322.4444444444444
4.432103000081904e-07,322.55555555555554
9.229330862239044e-06,322.66666666666663
4.2197752492386025e-06,322.77777777777777
1.1094682589836803e-05,322.88888888888886
1.844276359533373e-05,323.0
1.1410451645889922e-05,323.1111111111111
1.2655482450437754e-05,323.22222222222223
5.565986684544112e-06,323.3333333333333
1.055960659265289e-05,323.4444444444444
4.063005219177628e-06,323.55555555555554
6.933743261527968e-06,323.66666666666663
5.368036445216227e-06,323.77777777777777
1.3351062752071825e-05,323.88888888888886
1.177611964635485e-05,324.0
4.972392301953922e-06,324.1111111111111
1.409572351056254e-05,324.22222222222223
1.8971587358202818e-05,324.3333333333333
2.2109109311161687e-06,324.4444444444444
9.345348370447787e-06,324.55555555555554
6.787689748753191e-06,324.66666666666663
1.0422088321387928e-05,324.77777777777777
1.5120089508920588e-05,324.88888888888886
1.286448929579213e-05,325.0
4.657329497273799e-06,325.1111111111111
1.3411355417691066e-05,325.22222222222223
1.7350708063671323e-05,325.3333333333333
1.1099732819108921e-05,325.4444444444444
5.262833702336107e-06,325.55555555555554
7.413991231822586e-06,325.66666666666663
3.035056865527021e-06,325.77777777777777
8.073483411255455e-06,325.88888888888886
6.621969212928398e-06,326.0
2.917858125610219e-06,326.1111111111111
1.3017915539881735e-05,326.22222222222223
7.075777058039191e-07,326.3333333333333
1.778879406829353e-05,326.4444444444444
1.1949687715765214e-05,326.55555555555554
2.232638278377937e-05,326.66666666666663
7.91659094939764e-06,326.77777777777777
4.9065318711167225e-06,326.88888888888886
9.052597591662992e-06,327.0
1.6129389145990514e-05,327.1111111111111
1.108505355459872e-05,327.22222222222223
8.66725061600697e-06,327.3333333333333
7.092375061226174e-06,327.4444444444444
1.1934657894120757e-05,327.55555555555554
1.0998336907802279e-05,327.66666666666663
6.9772652979156976e-06,327.77777777777777
4.250712477180818e-06,327.88888888888886
8.952406461802777e-06,328.0
7.803248652837705e-06,328.1111111111111
1.1380354678853222e-05,328.22222222222223
9.137831286528368e-06,328.3333333333333
7.20753368398417e-06,328.4444444444444
5.974788722562026e-06,328.55555555555554
1.1802934183241906e-06,328.66666666666663
1.2847934872263517e-05,328.77777777777777
4.552038397843572e-06,328.88888888888886
6.421128216797652e-06,329.0
1.700299951296829e-05,329.1111111111111
1.063572708455805e-05,329.22222222222223
6.498807865563222e-06,329.3333333333333
6.1268566455399334e-06,329.4444444444444
8.071765776214785e-06,329.55555555555554
5.053562761171565e-06,329.66666666666663
1.3471719480120803e-05,329.77777777777777
5.113596242741734e-06,329.88888888888886
1.4565852910978782e-05,330.0
1.2346091244290885e-06,330.1111111111111
4.470636147054194e-06,330.22222222222223
9.609944072515397e-06,330.3333333333333
1.707433139417494e-05,330.4444444444444
9.907541195325225e-06,330.55555555555554
4.538563897631212e-06,330.66666666666663
3.796652862155819e-06,330.77777777777777
4.642189182626661e-06,330.88888888888886
7.110321293315331e-06,331.0
1.9450506968005644e-06,331.1111111111111
3.515572732172205e-06,331.22222222222223
2.783875728580536e-06,331.3333333333333
1.1070756475136215e-05,331.4444444444444
1.0401650182982185e-05,331.55555555555554
6.124814239227817e-06,331.66666666666663
9.378236670107807e-06,331.77777777777777
1.24202658243494e-05,331.88888888888886
1.680252485106946e-05,332.0
5.359882078093378e-06,332.1111111111111
9.739131904255789e-06,332.22222222222223
7.937628726310263e-06,332.3333333333333
1.7516674732958419e-06,332.4444444444444
7.905180508164781e-06,332.55555555555554
1.531980179239074e-05,332.66666666666663
9.591233807157927e-06,332.77777777777777
1.4545972841869928e-05,332.88888888888886
1.1762153872798523e-05,333.0
6.429981598608202e-06,333.1111111111111
8.698719212255829e-06,333.22222222222223
7.909987435833051e-06,333.3333333333333
5.940523705791082e-06,333.4444444444444
1.0557901869067263e-05,333.55555555555554
1.228999458394964e-05,333.66666666666663
6.329513991805254e-06,333.77777777777777
1.5935639935977587e-05,333.88888888888886
3.251789828456469e-06,334.0
1.0934098324472607e-05,334.1111111111111
6.016249201262136e-06,334.22222222222223
8.842175490688912e-06,334.3333333333333
6.429749000763436e-06,334.4444444444444
7.671066926758321e-06,334.55555555555554
1.9886107008578443e-05,334.66666666666663
1.1445019891968831e-05,334.77777777777777
7.607048504743242e-06,334.88888888888886
1.1861841909382898e-05,335.0
3.904605505875433e-06,335.1111111111111
1.9838743456759777e-05,335.22222222222223
8.40627897830982e-06,335.3333333333333
1.4877731381416346e-05,335.4444444444444
1.436461613875859e-05,335.55555555555554
1.3963857582964665e-05,335.66666666666663
2.5294472151104996e-05,335.77777777777777
6.727309193042773e-06,335.88888888888886
8.106449945370914e-06,336.0
1.421849593638623e-05,336.1111111111111
3.7057957494637847e-06,336.22222222222223
7.8666769152727e-06,336.3333333333333
1.1330428579253102e-05,336.4444444444444
5.4244901523643175e-06,336.55555555555554
1.4964507913395027e-05,336.66666666666663
8.739177157000596e-06,336.77777777777777
6.75182362383982e-06,336.88888888888886
1.0174907098588146e-05,337.0
1.3694304478118177e-05,337.1111111111111
2.721080830854645e-06,337.22222222222223
2.084881688462138e-05,337.3333333333333
8.28994209389102e-06,337.4444444444444
2.722243154056993e-06,337.55555555555554
8.271097582048234e-06,337.66666666666663
6.835452992858113e-06,337.77777777777777
9.636519217382378e-06,337.88888888888886
9.938547507627032e-06,338.0
6.724377541917641e-06,338.1111111111111
1.6369616070300892e-05,338.22222222222223
1.605433558470893e-05,338.3333333333333
8.499492842770807e-06,338.4444444444444
8.564579459202558e-06,338.55555555555554
3.0813514036940015e-06,338.66666666666663
4.833443640554994e-06,338.77777777777777
2.2010234216033437e-05,338.88888888888886
4.400796830185181e-06,339.0
1.83212436779902e-05,339.1111111111111
8.478493594110006e-06,339.22222222222223
1.592501919648337e-05,339.3333333333333
1.244076760647796e-05,339.4444444444444
2.008333362468089e-05,339.55555555555554
1.2337114827302767e-05,339.66666666666663
7.987333864619593e-06,339.77777777777777
6.880012178173624e-06,339.88888888888886
1.0728697907277176e-05,340.0
1.0810612188779723e-05,340.1111111111111
2.4703432946276574e-05,340.22222222222223
1.9375603077763814e-05,340.3333333333333
6.620552346954212e-06,340.4444444444444
3.958098319933138e-06,340.55555555555554
7.604826264936902e-06,340.66666666666663
2.2251434841170247e-05,340.77777777777777
5.824189976939558e-06,340.88888888888886
5.594987884693057e-06,341.0
1.602323339890778e-05,341.1111111111111
1.1126044171451193e-05,341.22222222222223
1.18326141276896e-05,341.3333333333333
9.512043370263706e-06,341.4444444444444
5.58695189148033e-07,341.55555555555554
3.575604094403456e-06,341.66666666666663
9.593404285757322e-06,341.77777777777777
2.9423257350985367e-06,341.88888888888886
5.221008902322433e-06,342.0
4.238940437685926e-06,342.1111111111111
6.716014363994375e-06,342.22222222222223
9.77862469412435e-06,342.3333333333333
1.9912313684074885e-05,342.4444444444444
1.8543168495288585e-05,342.55555555555554
3.2862555657467475e-06,342.66666666666663
8.456346924800285e-06,342.77777777777777
4.195741120867896e-06,342.88888888888886
6.5853656094466944e-06,343.0
1.872027869440701e-05,343.1111111111111
5.153091123933475e-06,343.22222222222223
1.7315174869669475e-05,343.3333333333333
6.129177330844953e-06,343.4444444444444
1.2722505717314252e-05,343.55555555555554
8.399451045876716e-06,343.66666666666663
1.3586704308244757e-05,343.77777777777777
3.8400092648196046e-06,343.88888888888886
8.606823931712256e-06,344.0
1.2319342694138507e-05,344.1111111111111
5.290294366936902e-06,344.22222222222223
5.199824500805585e-06,344.3333333333333
1.1549819160370863e-05,344.4444444444444
1.282144434687001e-05,344.55555555555554
1.0303755490141295e-05,344.66666666666663
4.288264247602518e-06,344.77777777777777
1.4395740216260899e-05,344.88888888888886
1.1858149034755749e-05,345.0
6.142020735457077e-06,345.1111111111111
4.7420498984422325e-06,345.22222222222223
1.4525635653302434e-05,345.3333333333333
1.533541539398432e-05,345.4444444444444
1.3143029427524673e-05,345.55555555555554
1.1820438875237156e-05,345.66666666666663
9.772396789463203e-06,345.77777777777777
9.502950997475255e-06,345.88888888888886
8.346445622941018e-06,346.0
2.0287973677677792e-05,346.1111111111111
2.9519051726080716e-06,346.22222222222223
1.0555176182275115e-05,346.3333333333333
2.99018024171938e-06,346.4444444444444
1.059717095642457e-05,346.55555555555554
1.143477544557401e-05,346.66666666666663
1.3977145840637869e-05,346.77777777777777
1.4975677531518734e-05,346.88888888888886
2.0091857492180297e-05,347.0
3.990295893955272e-06,347.1111111111111
9.465014286528856e-06,347.22222222222223
7.412322288997276e-06,347.3333333333333
3.146684692733058e-06,347.4444444444444
8.862166765233137e-06,347.55555555555554
1.1033605634352311e-05,347.66666666666663
3.194466309805495e-06,347.77777777777777
2.1519569282767504e-05,347.88888888888886
2.1554459815859066e-06,348.0
1.289283667492012e-05,348.1111111111111
1.0173835466995285e-06,348.22222222222223
2.7193047415515215e-06,348.3333333333333
1.1566535212676537e-05,348.4444444444444
4.819172495581094e-06,348.55555555555554
1.3516326852999672e-05,348.66666666666663
2.1371656632032882e-05,348.77777777777777
2.0731144847477426e-06,348.88888888888886
2.5618454143236436e-06,349.0
5.2090890344878694e-06,349.1111111111111
1.0426510832099545e-05,349.22222222222223
6.648267780009253e-06,349.3333333333333
7.718641299723869e-06,349.4444444444444
9.41533060369553e-06,349.55555555555554
1.7173028423743553e-05,349.66666666666663
9.553757150165942e-06,349.77777777777777
1.4957222430033726e-05,349.88888888888886
9.227441779318794e-06,350.0
1.2821035977699159e-05,350.1111111111111
7.447487764870913e-06,350.22222222222223
2.5688870600957674e-06,350.3333333333333
1.920156138744838e-06,350.4444444444444
1.7894420003721352e-05,350.55555555555554
1.3473362838368501e-05,350.66666666666663
1.4652230349033559e-05,350.77777777777777
9.063634782552238e-06,350.88888888888886
8.162387455177004e-06,351.0
3.7646099062955383e-06,351.1111111111111
7.488585476843011e-06,351.22222222222223
4.61487028242916e-06,351.3333333333333
4.945718676712742e-06,351.4444444444444
8.506311713685086e-06,351.55555555555554
6.220759424445846e-06,351.66666666666663
5.883391280898352e-06,351.77777777777777
1.2624477878664464e-05,351.88888888888886
8.568536164579333e-06,352.0
9.830226533675701e-06,352.1111111111111
3.7703472923234067e-06,352.22222222222223
5.2973647121521925e-06,352.3333333333333
7.1929256432307014e-06,352.4444444444444
1.1257323728762302e-05,352.55555555555554
4.488420708804183e-06,352.66666666666663
9.787511137333271e-06,352.77777777777777
1.4716921058626074e-06,352.88888888888886
1.382898014604443e-05,353.0
1.304087113248134e-05,353.1111111111111
8.764249769936993e-06,353.22222222222223
1.179078232353252e-05,353.3333333333333
4.20613094630004e-07,353.4444444444444
1.1137830658582835e-05,353.55555555555554
1.4889532931173664e-05,353.66666666666663
3.168938444707753e-06,353.77777777777777
1.0494012482316675e-05,353.88888888888886
9.83153590101849e-06,354.0
8.70644232401835e-06,354.1111111111111
1.1857998960906292e-05,354.22222222222223
1.2372194469495918e-05,354.3333333333333
4.777655853662801e-06,354.4444444444444
1.4046397043604789e-05,354.55555555555554
1.672515651258468e-05,354.66666666666663
9.062206194728825e-06,354.77777777777777
1.0776363098797182e-05,354.88888888888886
3.967894292119435e-06,355.0
4.969437851469843e-06,355.1111111111111
1.543406766167004e-05,355.22222222222223
1.1248727502708159e-05,355.3333333333333
1.253561665082857e-05,355.4444444444444
1.2597390118905149e-05,355.55555555555554
1.153297784737341e-05,355.66666666666663
1.3252997789675473e-05,355.77777777777777
7.253257995122695e-06,355.88888888888886
7.525611746556977e-06,356.0
1.0793916658255736e-05,356.1111111111111
2.9788455070194498e-06,356.22222222222223
5.104430635284368e-06,356.3333333333333
1.3869902342963572e-05,356.4444444444444
5.472176213582768e-06,356.55555555555554
1.4587221258162614e-05,356.66666666666663
7.101665669641221e-06,356.77777777777777
1.0453160062002042e-05,356.88888888888886
1.061040728446541e-05,357.0
9.059255348785582e-06,357.1111111111111
7.942736326823688e-06,357.22222222222223
6.409614674267566e-06,357.3333333333333
5.188338259017904e-06,357.4444444444444
1.3164594959329458e-05,357.55555555555554
1.0312296704055722e-05,357.66666666666663
1.570053190034696e-05,357.77777777777777
1.816522272147891e-05,357.88888888888886
9.513379253760372e-06,358.0
1.019896966538755e-05,358.1111111111111
7.256221610915028e-06,358.22222222222223
1.840435613536765e-06,358.3333333333333
1.6948504922638823e-05,358.4444444444444
9.268764315255609e-06,358.55555555555554
1.584150488954501e-05,358.66666666666663
9.316427201584492e-06,358.77777777777777
1.2493041862922712e-05,358.88888888888886
7.878479382883751e-06,359.0
1.5158045517416787e-05,359.1111111111111
1.4300888229942212e-05,359.22222222222223
3.982059649741981e-06,359.3333333333333
1.310676421660077e-05,359.4444444444444
9.925472559984149e-06,359.55555555555554
7.5279737604686035e-06,359.66666666666663
6.311507696511371e-06,359.77777777777777
1.0280782941653552e-05,359.88888888888886
3.4337565564879647e-06,360.0
1.915866701191189e-05,360.1111111111111
4.0620914960554435e-06,360.22222222222223
1.2566288105097813e-05,360.3333333333333
6.224577479414464e-06,360.4444444444444
1.155921702285993e-05,360.55555555555554
8.23356351472633e-06,360.66666666666663
1.4619264331306765e-05,360.77777777777777
7.83970409409101e-06,360.88888888888886
8.118747054951831e-06,361.0
6.379675504948613e-06,361.1111111111111
1.8894663419628038e-06,361.22222222222223
4.521131876030494e-06,361.3333333333333
5.5861431360779266e-06,361.4444444444444
1.0589832867993478e-05,361.55555555555554
2.816166722814206e-06,361.66666666666663
2.7075028563056647e-06,361.77777777777777
1.36459048019642e-05,361.88888888888886
6.019896893430796e-06,362.0
1.986708418286089e-06,362.1111111111111
7.15120294005168e-06,362.22222222222223
1.26061641551531e-05,362.3333333333333
1.4654581860199539e-05,362.4444444444444
1.1535048459297844e-05,362.55555555555554
5.5739429679841056e-06,362.66666666666663
2.225308146390052e-06,362.77777777777777
7.3674215968427766e-06,362.88888888888886
8.333816960615153e-06,363.0
1.5221798503066683e-05,363.1111111111111
7.6118070486725686e-06,363.22222222222223
9.175390450989612e-06,363.3333333333333
5.377031663923851e-06,363.4444444444444
1.3484104555892175e-05,363.55555555555554
2.3716314892906422e-05,363.66666666666663
6.590705127291127e-06,363.77777777777777
8.294788708337937e-06,363.88888888888886
8.906739625732616e-06,364.0
7.011425124191002e-06,364.1111111111111
4.25228926127837e-06,364.22222222222223
1.510084325221383e-05,364.3333333333333
1.0175767544151507e-05,364.4444444444444
6.989981543078071e-06,364.55555555555554
9.600484777578187e-06,364.66666666666663
1.502898145852979e-05,364.77777777777777
1.1807255520789768e-05,364.88888888888886
8.540861415714732e-06,365.0
1.5806200758729977e-05,365.1111111111111
7.852558448244427e-06,365.22222222222223
5.226997507199986e-06,365.3333333333333
4.60812323773094e-06,365.4444444444444
6.079362224638722e-06,365.55555555555554
3.6600614908828474e-06,365.66666666666663
6.870830706342328e-06,365.77777777777777
1.0112003527514681e-05,365.88888888888886
4.139437639504684e-06,366.0
8.802449193668643e-06,366.1111111111111
1.4388106141009761e-05,366.22222222222223
8.416702807251033e-06,366.3333333333333
4.3774378382736866e-06,366.4444444444444
6.808412843461618e-06,366.55555555555554
7.909755071989234e-06,366.66666666666663
3.925636263242925e-06,366.77777777777777
1.4773988240142543e-05,366.88888888888886
1.3163289378342616e-05,367.0
4.085711901449506e-06,367.1111111111111
1.2319754030790037e-05,367.22222222222223
1.3991397937328617e-05,367.3333333333333
2.3369591858927828e-06,367.4444444444444
9.289587068534726e-06,367.55555555555554
2.1591468533041917e-05,367.66666666666663
1.007967351629941e-05,367.77777777777777
3.413017546830445e-06,367.88888888888886
1.5162646034092604e-05,368.0
2.1880918486697607e-06,368.1111111111111
9.035282263019624e-06,368.22222222222223
1.1399892801545494e-06,368.3333333333333
7.015267663548826e-06,368.4444444444444
1.1257874574659964e-05,368.55555555555554
9.145033507741955e-06,368.66666666666663
1.374481893113887e-05,368.77777777777777
7.221724193687857e-06,368.88888888888886
3.2013420560189065e-06,369.0
1.1005108973493332e-05,369.1111111111111
1.6828309572994506e-05,369.22222222222223
1.481665524140645e-05,369.3333333333333
2.066507170508683e-05,369.4444444444444
5.679621637543148e-06,369.55555555555554
1.5171685527265524e-05,369.66666666666663
3.158069520720592e-06,369.77777777777777
5.209149385567614e-06,369.88888888888886
1.3595430424072514e-05,370.0
5.153838274862482e-06,370.1111111111111
1.4927350664105027e-05,370.22222222222223
1.1643679218170936e-05,370.3333333333333
1.1711186617030058e-05,370.4444444444444
4.088832151352813e-06,370.55555555555554
9.010126112136242e-06,370.66666666666663
3.86858667057981e-06,370.77777777777777
1.5865373047106987e-05,370.88888888888886
1.1099693598494376e-05,371.0
4.2013162128308985e-06,371.1111111111111
1.1065469144058642e-05,371.22222222222223
1.2118780053697954e-05,371.3333333333333
6.157905220990057e-06,371.4444444444444
2.0437788150989455e-06,371.55555555555554
1.0536316663799687e-05,371.66666666666663
4.467711869998394e-06,371.77777777777777
1.369362133162235e-05,371.88888888888886
7.868636506205544e-06,372.0
7.171862657531367e-06,372.1111111111111
1.7536304728699366e-05,372.22222222222223
7.675483344288162e-06,372.3333333333333
8.03922395920608e-06,372.4444444444444
2.1074824917246398e-05,372.55555555555554
1.3370363115526216e-05,372.66666666666663
1.0688897993319275e-05,372.77777777777777
1.1929330820147393e-05,372.88888888888886
1.7650172935815223e-05,373.0
5.8448446402779035e-06,373.1111111111111
8.692305251820432e-06,373.22222222222223
5.494418829303609e-06,373.3333333333333
1.631938136538841e-05,373.4444444444444
9.079146045778155e-06,373.55555555555554
2.3591272584298224e-05,373.66666666666663
7.133764228939624e-06,373.77777777777777
1.0036024491372072e-05,373.88888888888886
6.280982813258054e-06,374.0
7.395304203241015e-06,374.1111111111111
2.1076169428800253e-05,374.22222222222223
2.569369367322993e-06,374.3333333333333
4.166952123450555e-06,374.4444444444444
4.6627391530088476e-06,374.55555555555554
1.4428445171654561e-05,374.66666666666663
7.497398549710839e-06,374.77777777777777
6.8541706399983955e-06,374.88888888888886
1.6501096340720098e-06,375.0
1.6053963977212474e-06,375.1111111111111
1.608280620103401e-05,375.22222222222223
1.188451643109e-06,375.3333333333333
2.378324327527009e-06,375.4444444444444
9.39573996374198e-06,375.55555555555554
1.1621832677633553e-05,375.66666666666663
9.013634858787873e-06,375.77777777777777
4.3290677388754774e-06,375.88888888888886
8.39773423378419e-06,376.0
1.292272283830055e-05,376.1111111111111
9.750821923801123e-06,376.22222222222223
7.0643021678479556e-06,376.3333333333333
4.211259666591781e-06,376.4444444444444
8.136091426427843e-06,376.55555555555554
9.67939694856483e-06,376.66666666666663
1.5470792418441996e-06,376.77777777777777
3.912348763621379e-06,376.88888888888886
1.2506625277548922e-05,377.0
5.486143094856934e-06,377.1111111111111
5.682558914416996e-06,377.22222222222223
1.3839324509126314e-05,377.3333333333333
4.452869407795232e-06,377.4444444444444
9.96915218039649e-06,377.55555555555554
8.339878254149977e-06,377.66666666666663
1.2090364165590566e-05,377.77777777777777
9.262147041547506e-06,377.88888888888886
8.194676463635788e-06,378.0
1.1900879122737131e-05,378.1111111111111
1.0500473559279285e-05,378.22222222222223
5.772494320931269e-06,378.3333333333333
9.580355903335711e-06,378.4444444444444
1.7875820371479967e-05,378.55555555555554
9.983178168728517e-06,378.66666666666663
5.898306202761266e-06,378.77777777777777
5.667578443124366e-06,378.88888888888886
1.0085242932097869e-05,379.0
1.0502541601358697e-05,379.1111111111111
9.145470829732127e-06,379.22222222222223
4.397930294389938e-06,379.3333333333333
7.5546777964183e-06,379.4444444444444
3.226192154544859e-06,379.55555555555554
1.1866159710123417e-05,379.66666666666663
1.3329285120036202e-05,379.77777777777777
7.290063139532538e-06,379.88888888888886
1.3447117849346965e-05,380.0
1.2672044833081819e-05,380.1111111111111
7.819127312864594e-06,380.22222222222223
1.3618827737708595e-05,380.3333333333333
8.67574274301536e-07,380.4444444444444
2.134236637641494e-05,380.55555555555554
7.760822545695376e-06,380.66666666666663
1.3964983987761899e-05,380.77777777777777
1.9318739984767845e-05,380.88888888888886
1.0549957399774404e-05,381.0
1.0832751092972566e-05,381.1111111111111
2.584263194981295e-06,381.22222222222223
1.2542170507871344e-05,381.3333333333333
6.154788897132924e-06,381.4444444444444
1.3550647571434781e-05,381.55555555555554
5.44836558876687e-06,381.66666666666663
3.590415197558965e-06,381.77777777777777
1.3327012542731727e-05,381.88888888888886
8.597643578131315e-06,382.0
6.956419111236169e-06,382.1111111111111
5.345715789771759e-06,382.22222222222223
1.2000404591123847e-05,382.3333333333333
8.956172740207296e-06,382.4444444444444
6.06842464812285e-06,382.55555555555554
6.284508146853476e-06,382.66666666666663
9.924289856365691e-06,382.77777777777777
6.211437458106069e-06,382.88888888888886
7.4608484414769275e-06,383.0
3.340654536286664e-06,383.1111111111111
6.37806351458752e-06,383.22222222222223
1.5412052687797234e-05,383.3333333333333
5.3381452998885035e-06,383.4444444444444
7.064539433346436e-06,383.55555555555554
7.596526550284491e-06,383.66666666666663
1.0534850571698518e-05,383.77777777777777
9.730225397349566e-06,383.88888888888886
3.990289732018679e-06,384.0
7.546614923312142e-06,384.1111111111111
9.728409584180722e-06,384.22222222222223
5.71974359026719e-06,384.3333333333333
1.1855949412019364e-05,384.4444444444444
1.354670470100303e-05,384.55555555555554
7.130184229428939e-06,384.66666666666663
1.0969580694632975e-05,384.77777777777777
2.8972673488876972e-06,384.88888888888886
1.2352069055222342e-05,385.0
1.5118129106425339e-05,385.1111111111111
7.304205946797805e-06,385.22222222222223
1.3939422524771889e-05,385.3333333333333
7.928903886775517e-06,385.4444444444444
1.708175737464449e-05,385.55555555555554
1.395708869958947e-05,385.66666666666663
6.3726850777079145e-06,385.77777777777777
8.92256596051499e-06,385.88888888888886
2.8123513945451153e-06,386.0
1.6873975391422505e-06,386.1111111111111
1.0340081573614684e-05,386.22222222222223
2.0590489874530143e-05,386.3333333333333
1.1355867093840379e-05,386.4444444444444
1.3496904035053973e-05,386.55555555555554
1.0015795119676741e-05,386.66666666666663
1.5179319037281448e-05,386.77777777777777
2.1850148550988784e-06,386.88888888888886
1.6055115621727593e-05,387.0
1.711261435665779e-06,387.1111111111111
4.945700102330894e-06,387.22222222222223
8.573831865228735e-06,387.3333333333333
6.3089592132750945e-06,387.4444444444444
1.0167263837185366e-05,387.55555555555554
1.9787634025427787e-05,387.66666666666663
1.726349811728548e-05,387.77777777777777
1.2167340348526948e-05,387.88888888888886
7.130639432890673e-06,388.0
9.788174615025849e-06,388.1111111111111
2.2663738023382082e-05,388.22222222222223
4.178074855107363e-06,388.3333333333333
4.820631722681884e-06,388.4444444444444
7.135335249694082e-06,388.55555555555554
1.2423727254829442e-05,388.66666666666663
6.473590585880538e-06,388.77777777777777
5.967312413423283e-06,388.88888888888886
8.261167803310451e-06,389.0
3.931651752066824e-06,389.1111111111111
2.078801498413282e-05,389.22222222222223
1.0211039280487032e-05,389.3333333333333
1.2676070303169182e-05,389.4444444444444
2.224803554582839e-06,389.55555555555554
1.2763009133827268e-05,389.66666666666663
8.347795866695887e-06,389.77777777777777
1.700312719215504e-05,389.88888888888886
8.62229790682661e-06,390.0
1.605566229644552e-05,390.1111111111111
1.3374621687154758e-05,390.22222222222223
1.9033661984995726e-05,390.3333333333333
3.2307290277612965e-06,390.4444444444444
4.675926624438384e-06,390.55555555555554
1.4469037085246754e-05,390.66666666666663
3.91717554844397e-06,390.77777777777777
7.931839269042627e-06,390.88888888888886
2.628984307737517e-06,391.0
1.208674585773257e-05,391.1111111111111
9.750356147869395e-06,391.22222222222223
9.158205717124743e-06,391.3333333333333
2.13512524165069e-05,391.4444444444444
7.489520040309833e-06,391.55555555555554
7.673108541933136e-06,391.66666666666663
6.0773269501909136e-06,391.77777777777777
9.181949145489605e-06,391.88888888888886
6.83586152217539e-06,392.0
8.620123663437304e-06,392.1111111111111
3.485054530003921e-06,392.22222222222223
8.446256310921987e-06,392.3333333333333
1.0300360280668561e-05,392.4444444444444
1.1286815403783523e-05,392.55555555555554
2.191642382702457e-06,392.66666666666663
1.04243972066692e-05,392.77777777777777
6.425566399123437e-06,392.88888888888886
4.840410628713164e-06,393.0
9.24047166783974e-06,393.1111111111111
6.4152379349551116e-06,393.22222222222223
1.2132544548217643e-05,393.3333333333333
1.8854638498535937e-05,393.4444444444444
5.143564296861334e-06,393.55555555555554
7.82098730368534e-06,393.66666666666663
4.210274131459879e-06,393.77777777777777
1.2994175048713205e-05,393.88888888888886
1.4496008955428306e-05,394.0
1.2581089195629376e-05,394.1111111111111
1.344512885348272e-05,394.22222222222223
8.551142570681487e-06,394.3333333333333
8.779794071397609e-06,394.4444444444444
1.0195132392680106e-05,394.55555555555554
8.450485629583019e-06,394.66666666666663
8.128217472712812e-06,394.77777777777777
9.067979931644253e-07,394.88888888888886
3.7966808931025003e-06,395.0
5.737480861815388e-06,395.1111111111111
7.9081191897362e-06,395.22222222222223
7.654533188242942e-06,395.3333333333333
8.634950040655241e-06,395.4444444444444
6.844495905938523e-06,395.55555555555554
1.2401198862510759e-05,395.66666666666663
5.979691718183616e-06,395.77777777777777
1.7027179352241237e-05,395.88888888888886
1.1713494068424481e-05,396.0
1.4134770702022574e-05,396.1111111111111
3.719794829729949e-06,396.22222222222223
1.2098744586368726e-05,396.3333333333333
5.7826855888988235e-06,396.4444444444444
9.166129669904432e-06,396.55555555555554
5.655903501411273e-06,396.66666666666663
6.1788103323962994e-06,396.77777777777777
1.3594662142900233e-05,396.88888888888886
4.787166752898914e-06,397.0
1.603345046010463e-05,397.1111111111111
1.3582392903254758e-05,397.22222222222223
5.923713395058054e-06,397.3333333333333
4.4191093442701245e-06,397.4444444444444
2.841078313117903e-06,397.55555555555554
1.1174225991123397e-06,397.66666666666663
4.3182114526947195e-06,397.77777777777777
1.0231567379541532e-05,397.88888888888886
5.279207858097547e-06,398.0
3.459499637368985e-06,398.1111111111111
7.318116149211995e-06,398.2222222222222
1.506682111463022e-05,398.3333333333333
1.47358833707246e-05,398.4444444444444
1.3472410103571957e-05,398.55555555555554
7.634183628725385e-06,398.66666666666663
3.594887042414552e-06,398.77777777777777
5.979585014035705e-06,398.88888888888886
1.7556450029071686e-05,399.0
8.575511497306328e-06,399.1111111111111
2.384296504799225e-06,399.2222222222222
1.3025233112975324e-05,399.3333333333333
9.824723239192942e-06,399.4444444444444
1.0014659352575908e-05,399.55555555555554
6.779278395874645e-06,399.66666666666663
4.026900164873859e-06,399.77777777777777
6.635451469629603e-06,399.88888888888886
6.862827570419187e-06,400.0
3.6449917524143067e-06,400.1111111111111
7.72517910704825e-06,400.2222222222222
1.1966253024003868e-05,400.3333333333333
2.361917798339986e-05,400.4444444444444
1.0184602637326566e-05,400.55555555555554
1.4074673600280864e-06,400.66666666666663
1.7847384209104944e-05,400.77777777777777
1.0248615190745919e-05,400.88888888888886
1.0404322740211034e-05,401.0
1.0714281535506848e-05,401.1111111111111
1.0964863149435863e-05,401.2222222222222
2.932029017398762e-06,401.3333333333333
1.0360171048637018e-05,401.4444444444444
1.020436143937478e-05,401.55555555555554
1.994313317681718e-05,401.66666666666663
1.8132482426027862e-05,401.77777777777777
1.5868486855677956e-05,401.88888888888886
4.3928667285177035e-06,402.0
7.257662046144021e-06,402.1111111111111
8.785188261701599e-06,402.2222222222222
4.26854603690065e-06,402.3333333333333
8.532443735613336e-06,402.4444444444444
3.268910195166713e-06,402.55555555555554
8.250404693306853e-06,402.66666666666663
1.3079601352576575e-05,402.77777777777777
6.198688087810814e-06,402.88888888888886
1.849597181876858e-05,403.0
1.6163953217568894e-05,403.1111111111111
8.84237608491717e-06,403.2222222222222
7.051606173165272e-06,403.3333333333333
1.117698256344312e-06,403.4444444444444
5.548034040191464e-06,403.55555555555554
2.537057207611112e-06,403.66666666666663
9.206405947801724e-06,403.77777777777777
1.0480304306157327e-05,403.88888888888886
1.2058373090609724e-05,404.0
9.461702913085901e-06,404.1111111111111
1.2101767533934006e-05,404.2222222222222
6.1957268425564875e-06,404.3333333333333
5.570746930276217e-06,404.4444444444444
2.5393654728171334e-06,404.55555555555554
9.219846601669039e-07,404.66666666666663
3.7140520197038398e-06,404.77777777777777
1.6206602155055622e-05,404.88888888888886
2.796748683731482e-06,405.0
1.5405870487099167e-05,405.1111111111111
7.425927545967188e-06,405.2222222222222
1.0746055707691827e-05,405.3333333333333
4.457920974589684e-06,405.4444444444444
6.001281193906531e-06,405.55555555555554
2.056026111988494e-05,405.66666666666663
1.6671036625672737e-05,405.77777777777777
6.804892451519507e-06,405.88888888888886
8.396011330844267e-06,406.0
1.0324229671498093e-05,406.1111111111111
7.2048466768553935e-06,406.2222222222222
4.271906883640424e-06,406.3333333333333
8.28384327345947e-06,406.4444444444444
1.6219884504274905e-05,406.55555555555554
1.230004021615917e-05,406.66666666666663
1.2873012728299633e-05,406.77777777777777
2.0298785709328507e-06,406.88888888888886
4.696100552445879e-06,407.0
6.017559901577942e-06,407.1111111111111
7.80310569701028e-06,407.2222222222222
8.373031173138614e-06,407.3333333333333
2.3072644114434993e-06,407.4444444444444
1.3172555796120372e-05,407.55555555555554
9.29380390927743e-06,407.66666666666663
1.1058444678107399e-05,407.77777777777777
5.445193555718958e-06,407.88888888888886
1.2574461990005164e-05,408.0
1.5274176134691288e-05,408.1111111111111
1.4051171818065795e-05,408.2222222222222
1.3767771198093427e-05,408.3333333333333
8.483721089472023e-06,408.4444444444444
8.216087093279588e-06,408.55555555555554
1.2509430446569459e-06,408.66666666666663
1.1550857390114968e-05,408.77777777777777
1.5725136763156887e-05,408.88888888888886
1.1052501001853592e-05,409.0
3.331469406386115e-06,409.1111111111111
6.5843249905895375e-06,409.2222222222222
1.3963902414007828e-05,409.3333333333333
1.1970489544616215e-05,409.4444444444444
1.0115390280592434e-05,409.55555555555554
1.0713151612447835e-05,409.66666666666663
6.242848537492549e-06,409.77777777777777
7.90743878709659e-08,409.88888888888886
1.4597726712714235e-05,410.0
8.649631566421304e-06,410.1111111111111
9.061655447996297e-06,410.2222222222222
8.289897705562562e-06,410.3333333333333
2.1969416624866994e-05,410.4444444444444
1.2576956820503136e-05,410.55555555555554
1.6618227098799925e-05,410.66666666666663
3.3962556033311424e-06,410.77777777777777
3.809877081899132e-06,410.88888888888886
1.5454224337225437e-05,411.0
6.079102138130078e-06,411.1111111111111
1.9001095271320987e-05,411.2222222222222
1.794676278468731e-05,411.3333333333333
3.337448219032866e-06,411.4444444444444
1.2015771296040148e-05,411.55555555555554
1.2869896814285313e-05,411.66666666666663
6.322281174656177e-06,411.77777777777777
1.378273299491203e-05,411.88888888888886
1.1180320457101303e-05,412.0
1.458061584591854e-05,412.1111111111111
1.3313674322990827e-05,412.2222222222222
8.137816764061316e-06,412.3333333333333
9.688057294371571e-06,412.4444444444444
7.410762057207818e-06,412.55555555555554
1.5991421687672388e-06,412.66666666666663
1.6115907338799377e-05,412.77777777777777
1.2360653387955798e-05,412.88888888888886
2.2043525497958164e-06,413.0
7.615971123509826e-06,413.1111111111111
2.583240537579747e-06,413.2222222222222
1.7539803846232602e-06,413.3333333333333
4.0708456659009585e-06,413.4444444444444
3.7187739199635794e-06,413.55555555555554
9.68608524690853e-06,413.66666666666663
7.429752995021834e-06,413.77777777777777
1.1377930459768625e-05,413.88888888888886
1.5395004465979613e-05,414.0
1.4949072181784537e-05,414.1111111111111
1.539921382986358e-05,414.2222222222222
1.5182439923802456e-05,414.3333333333333
1.1777393873713822e-05,414.4444444444444
5.918941088598674e-06,414.55555555555554
1.6275315221767853e-05,414.66666666666663
3.83394052607483e-06,414.77777777777777
5.766281534286015e-06,414.88888888888886
6.677133581532925e-06,415.0
9.305066851658318e-06,415.1111111111111
1.3113600251948208e-05,415.2222222222222
9.166173613441232e-06,415.3333333333333
1.643566261922538e-05,415.4444444444444
1.5298932873041346e-05,415.55555555555554
1.11061942951577e-05,415.66666666666663
1.2173383023526944e-05,415.77777777777777
3.4595487494692395e-06,415.88888888888886
3.6026520051029633e-06,416.0
3.3695345624445613e-06,416.1111111111111
7.041757850282604e-06,416.2222222222222
3.6640665302296045e-06,416.3333333333333
1.698950201625387e-06,416.4444444444444
4.332359353125596e-06,416.55555555555554
1.8152975097222356e-05,416.66666666666663
1.8454824504928298e-06,416.77777777777777
2.1591479346846345e-05,416.88888888888886
8.552004003468317e-06,417.0
8.022693764140175e-06,417.1111111111111
1.431449555570991e-05,417.2222222222222
1.200451623359774e-05,417.3333333333333
7.642796252119667e-06,417.4444444444444
1.7827285410062707e-05,417.55555555555554
2.4772488978398056e-06,417.66666666666663
1.2338934549953894e-05,417.77777777777777
4.4894568600089715e-06,417.88888888888886
9.439354795018269e-06,418.0
1.1555823231714145e-05,418.1111111111111
3.186628063656695e-06,418.2222222222222
2.381716848060446e-05,418.3333333333333
1.6502761242478394e-05,418.4444444444444
1.7053699371493248e-05,418.55555555555554
1.3466364156870943e-05,418.66666666666663
1.842883342598863e-05,418.77777777777777
7.2719848352241285e-06,418.88888888888886
7.722300138485464e-06,419.0
6.132911769614922e-06,419.1111111111111
8.603809197150103e-06,419.2222222222222
1.4592913259797015e-05,419.3333333333333
2.4751290805360726e-06,419.4444444444444
1.666096870722467e-05,419.55555555555554
1.2536590747430323e-06,419.66666666666663
4.73576156525185e-06,419.77777777777777
1.150852366112494e-05,419.88888888888886
4.5430323099011005e-06,420.0
1.26053850854339e-05,420.1111111111111
8.792843550979747e-06,420.2222222222222
9.604818170111616e-06,420.3333333333333
5.421748475424184e-06,420.4444444444444
8.55730816015707e-06,420.55555555555554
3.355212337153067e-06,420.66666666666663
1.583953314289279e-05,420.77777777777777
5.35695394060231e-06,420.88888888888886
5.256282655437014e-06,421.0
1.4481922234599955e-05,421.1111111111111
3.931050473102316e-06,421.2222222222222
1.9406035026248046e-05,421.3333333333333
6.445401483940467e-06,421.4444444444444
7.650487532419991e-06,421.55555555555554
1.0408160763506825e-05,421.66666666666663
8.397061000408825e-06,421.77777777777777
1.836968214211015e-05,421.88888888888886
2.0633889130003097e-05,422.0
8.289298794377085e-06,422.1111111111111
6.392229167831861e-06,422.2222222222222
9.630476002200668e-06,422.3333333333333
1.084759374374597e-05,422.4444444444444
2.1853539569843875e-06,422.55555555555554
1.3274414561675924e-05,422.66666666666663
1.0098446577997064e-05,422.77777777777777
8.447512181852329e-06,422.88888888888886
1.5521597144611884e-05,423.0
1.1903628247120135e-05,423.1111111111111
1.2330813724324207e-05,423.2222222222222
7.2856887012829115e-06,423.3333333333333
1.205826058000042e-05,423.4444444444444
6.365119142074621e-06,423.55555555555554
3.7115769642368936e-06,423.66666666666663
9.360020326398696e-06,423.77777777777777
1.1500178551502805e-05,423.88888888888886
3.180638005601581e-06,424.0
9.457246117792482e-06,424.1111111111111
1.1274680647873662e-05,424.2222222222222
1.2423336653175104e-05,424.3333333333333
1.406001125185562e-05,424.4444444444444
9.448121730607938e-06,424.55555555555554
8.641380489097283e-06,424.66666666666663
4.260228954036369e-06,424.77777777777777
3.269700761098607e-06,424.88888888888886
1.153279349083178e-05,425.0
5.4124122492183345e-06,425.1111111111111
1.1217864385235158e-05,425.2222222222222
7.885664794398523e-06,425.3333333333333
7.253852953937532e-06,425.4444444444444
1.3211016054985762e-05,425.55555555555554
1.5056278733065046e-06,425.66666666666663
2.3614956900536756e-06,425.77777777777777
8.55180378221938e-06,425.88888888888886
9.618158315986446e-06,426.0
9.398958638225757e-06,426.1111111111111
1.0040694035034728e-05,426.2222222222222
8.65349763091017e-06,426.3333333333333
1.9611392060436866e-05,426.4444444444444
1.6668764288133744e-05,426.55555555555554
1.1736583609002783e-05,426.66666666666663
8.226505438134784e-06,426.77777777777777
1.2927950060754902e-05,426.88888888888886
9.026468039561134e-06,427.0
9.136987113203609e-06,427.1111111111111
1.1140661849467421e-05,427.2222222222222
1.6107704977101293e-07,427.3333333333333
7.858173260993778e-06,427.4444444444444
8.88169172774206e-06,427.55555555555554
1.4478001910095752e-05,427.66666666666663
8.758746419523502e-06,427.77777777777777
1.215483568320062e-05,427.88888888888886
9.284308187066575e-06,428.0
1.0222980365566768e-05,428.1111111111111
5.266943841265103e-06,428.2222222222222
1.550685250710492e-05,428.3333333333333
6.50596162332826e-06,428.4444444444444
1.8117724854407247e-05,428.55555555555554
1.0838318464773948e-05,428.66666666666663
1.1785877445020723e-05,428.77777777777777
1.4753221764411535e-05,428.88888888888886
8.485753862205978e-06,429.0
1.6527052430254182e-05,429.1111111111111
1.5886193159168178e-05,429.2222222222222
8.026491731365652e-06,429.3333333333333
1.4571549731034486e-05,429.4444444444444
1.1360243153885403e-05,429.55555555555554
1.4469962291588251e-05,429.66666666666663
1.1339894168354415e-05,429.77777777777777
8.38930034429497e-06,429.88888888888886
6.611069463098844e-06,430.0
9.91943972251418e-06,430.1111111111111
8.519804840066723e-06,430.2222222222222
1.007820824333659e-05,430.3333333333333
1.6595713375659491e-06,430.4444444444444
5.675628142584118e-06,430.55555555555554
1.9063060891836427e-05,430.66666666666663
3.835546863390154e-06,430.77777777777777
4.058092887357849e-06,430.88888888888886
1.959587087618404e-05,431.0
1.554091479978411e-05,431.1111111111111
9.668646050500355e-06,431.2222222222222
6.619874622181602e-06,431.3333333333333
1.3587771098538414e-05,431.4444444444444
7.66466938592655e-06,431.55555555555554
1.483998610421053e-05,431.66666666666663
1.1135298366465568e-05,431.77777777777777
5.73807739098084e-06,431.88888888888886
1.3521420308591139e-05,432.0
1.1010714059415908e-05,432.1111111111111
1.6919963839184556e-05,432.2222222222222
1.7628100169245144e-06,432.3333333333333
1.3071527270942329e-05,432.4444444444444
1.169644860912756e-05,432.55555555555554
6.9123205248066254e-06,432.66666666666663
3.913997183961954e-06,432.77777777777777
1.5849834494510233e-05,432.88888888888886
1.3380952808881392e-05,433.0
1.028747928979348e-05,433.1111111111111
8.428419634572914e-06,433.2222222222222
2.7074551275919133e-06,433.3333333333333
6.952292731202254e-06,433.4444444444444
5.624980075699811e-06,433.55555555555554
1.0679575828494979e-05,433.66666666666663
9.960637436844622e-06,433.77777777777777
2.858541456763091e-06,433.88888888888886
9.10988952447565e-06,434.0
9.089346457729834e-06,434.1111111111111
8.970896191520041e-06,434.2222222222222
1.6673701186056857e-05,434.3333333333333
1.2128995493744336e-05,434.4444444444444
7.661181059726387e-06,434.55555555555554
7.391805039377776e-06,434.66666666666663
1.8357210171961215e-05,434.77777777777777
2.4308872503974325e-06,434.88888888888886
5.0359617898751925e-06,435.0
1.2462641032939507e-05,435.1111111111111
7.586700761036931e-06,435.2222222222222
1.5318660225064868e-06,435.3333333333333
3.683944995620646e-06,435.4444444444444
1.059771200850382e-05,435.55555555555554
1.0382901406928356e-05,435.66666666666663
1.3222231951604972e-05,435.77777777777777
5.44571071110197e-06,435.88888888888886
1.0203982627812743e-05,436.0
5.878277394387266e-06,436.1111111111111
2.033710007029198e-05,436.2222222222222
1.329032145716847e-05,436.3333333333333
1.4005053059638435e-05,436.4444444444444
1.800052657224712e-05,436.55555555555554
4.68043353629774e-06,436.66666666666663
5.786213352039921e-06,436.77777777777777
5.939099634006981e-06,436.88888888888886
9.363587010460637e-06,437.0
4.142533998457975e-06,437.1111111111111
5.534112764120012e-06,437.2222222222222
1.0706090675247813e-05,437.3333333333333
1.1431721349922919e-05,437.4444444444444
1.2752938902879449e-05,437.55555555555554
1.152749609082216e-05,437.66666666666663
6.590495372479451e-06,437.77777777777777
5.366607412306606e-06,437.88888888888886
1.0802950671163847e-06,438.0
5.648800680819099e-06,438.1111111111111
8.357961872030807e-06,438.2222222222222
1.2143762907296317e-05,438.3333333333333
1.2934458850767068e-05,438.4444444444444
1.8790825134953926e-06,438.55555555555554
4.5582157550505555e-06,438.66666666666663
8.304091494792895e-06,438.77777777777777
6.329615863858421e-06,438.88888888888886
6.569366061068402e-06,439.0
1.0554375122683337e-05,439.1111111111111
8.15789694602663e-06,439.2222222222222
1.2229647581158342e-05,439.3333333333333
2.279786067372329e-05,439.4444444444444
8.347498617126749e-06,439.55555555555554
1.381313942524055e-05,439.66666666666663
8.497303440519207e-06,439.77777777777777
2.135398744961611e-06,439.88888888888886
7.4825166069099804e-06,440.0
1.4243802236647126e-05,440.1111111111111
1.1643687005414115e-05,440.2222222222222
8.737957799209993e-06,440.3333333333333
1.1821441466792682e-05,440.4444444444444
1.0576457472339851e-05,440.55555555555554
6.450408346537391e-06,440.66666666666663
9.34914201182231e-06,440.77777777777777
4.738779109538663e-06,440.88888888888886
1.2291117366835783e-05,441.0
2.822634189186816e-06,441.1111111111111
6.374523127070253e-06,441.2222222222222
1.3542360814262816e-05,441.3333333333333
1.6592102422147925e-05,441.4444444444444
7.809538249698765e-06,441.55555555555554
1.0443418445530919e-05,441.66666666666663
1.2475787262046476e-05,441.77777777777777
8.232042177811367e-07,441.88888888888886
1.3890199927906605e-05,442.0
6.57268947634691e-06,442.1111111111111
9.979283246366258e-06,442.2222222222222
1.4904033832866103e-05,442.3333333333333
2.9207928931715957e-06,442.4444444444444
1.096005536302484e-05,442.55555555555554
7.871762894005999e-06,442.66666666666663
3.0687123444631735e-06,442.77777777777777
7.998730774005169e-06,442.88888888888886
1.832578679773492e-05,443.0
2.263357885204882e-05,443.1111111111111
5.7703320112497695e-06,443.2222222222222
1.1024453491274111e-05,443.3333333333333
2.3724478456322937e-06,443.4444444444444
1.0000758546414326e-05,443.55555555555554
1.100660341580344e-05,443.66666666666663
6.010694951516073e-06,443.77777777777777
4.267745785500883e-06,443.88888888888886
9.73487648928987e-06,444.0
1.158847848405222e-05,444.1111111111111
8.932759891169598e-06,444.2222222222222
1.3030235042560519e-05,444.3333333333333
9.783948688002904e-06,444.4444444444444
1.021235806765042e-05,444.55555555555554
6.740932953038839e-06,444.66666666666663
8.942333534271592e-06,444.77777777777777
1.429362876278662e-05,444.88888888888886
6.717602878364506e-06,445.0
2.1038488675565685e-05,445.1111111111111
1.0965856423990147e-05,445.2222222222222
1.6475555008937323e-06,445.3333333333333
9.63585089515273e-06,445.4444444444444
7.145520814948131e-06,445.55555555555554
1.1376601277915755e-05,445.66666666666663
9.797717501463763e-06,445.77777777777777
4.2063651314438714e-06,445.88888888888886
3.87000968571733e-06,446.0
5.14486856425164e-06,446.1111111111111
4.887726453505088e-06,446.2222222222222
1.4046584986166996e-05,446.3333333333333
1.832514587776787e-05,446.4444444444444
2.3573585230983122e-06,446.55555555555554
4.885475624655719e-06,446.66666666666663
1.1085137714892707e-05,446.77777777777777
1.0385520766198044e-05,446.88888888888886
2.361219896088221e-06,447.0
8.210817099344907e-06,447.1111111111111
8.366242169100691e-06,447.2222222222222
6.431429851336406e-06,447.3333333333333
1.1339882180534035e-05,447.4444444444444
9.120413357393054e-06,447.55555555555554
1.3430714216416312e-05,447.66666666666663
4.8288397920256615e-06,447.77777777777777
5.83288031627013e-06,447.88888888888886
9.246348769076717e-06,448.0
8.039499138659265e-06,448.1111111111111
6.627385956273691e-06,448.2222222222222
2.0714050010045765e-05,448.3333333333333
4.813773363128529e-06,448.4444444444444
5.862431523339604e-06,448.55555555555554
7.047229020022075e-06,448.66666666666663
1.8184415406351652e-06,448.77777777777777
4.745279936511871e-06,448.88888888888886
1.3507346644689205e-05,449.0
2.0821830892604946e-05,449.1111111111111
1.164123483533061e-05,449.2222222222222
4.929666145046487e-06,449.3333333333333
7.092286007235856e-06,449.4444444444444
1.482130485768882e-05,449.55555555555554
1.276362576643735e-05,449.66666666666663
1.0962562864257752e-05,449.77777777777777
1.4884388041361305e-05,449.88888888888886
1.1345815686187054e-05,450.0
1.7385491506633198e-05,450.1111111111111
8.628876989413779e-06,450.2222222222222
3.586053542105375e-06,450.3333333333333
1.3946472159772851e-05,450.4444444444444
9.06558051763217e-06,450.55555555555554
3.5390208395399833e-06,450.66666666666663
8.03811421826821e-06,450.77777777777777
2.347712999163702e-05,450.88888888888886
8.590236375273908e-06,451.0
1.2301179886893136e-05,451.1111111111111
1.0102669977546807e-05,451.2222222222222
7.946854157030033e-06,451.3333333333333
9.801525421841899e-06,451.4444444444444
5.6562473841505034e-06,451.55555555555554
1.1014140667411777e-05,451.66666666666663
9.091681172252277e-06,451.77777777777777
1.5212274142684034e-05,451.88888888888886
4.229530531585909e-06,452.0
3.923136677992283e-06,452.1111111111111
7.679149665027154e-06,452.2222222222222
1.2767276288787442e-05,452.3333333333333
6.160789594004884e-06,452.4444444444444
2.1403567794290327e-06,452.55555555555554
7.915589993862432e-06,452.66666666666663
1.0610968544395071e-05,452.77777777777777
8.927626391957038e-06,452.88888888888886
1.3577608438662108e-05,453.0
6.491432074595767e-06,453.1111111111111
9.3384345137893e-06,453.2222222222222
1.3018612393550444e-05,453.3333333333333
1.4749991448543224e-05,453.4444444444444
1.7422344237141362e-05,453.55555555555554
1.3958451734586269e-05,453.66666666666663
9.796876269201255e-06,453.77777777777777
1.2054619472157361e-05,453.88888888888886
1.205476231095603e-05,454.0
5.4861324465031e-06,454.1111111111111
1.3169702699164948e-05,454.2222222222222
5.014108664579406e-06,454.3333333333333
1.5147535944099902e-05,454.4444444444444
5.045924097004307e-06,454.55555555555554
4.347943701390728e-06,454.66666666666663
7.503239421489797e-06,454.77777777777777
1.6055228433338545e-06,454.88888888888886
4.406785663470263e-06,455.0
3.0385261464573626e-06,455.1111111111111
1.118168083790855e-05,455.2222222222222
7.975824999895565e-06,455.3333333333333
1.1098425188218199e-05,455.4444444444444
7.431990011704982e-06,455.55555555555554
9.641754840328286e-06,455.66666666666663
2.699380154662978e-06,455.77777777777777
6.7884008739507566e-06,455.88888888888886
1.049024001866678e-05,456.0
1.2042221610401199e-05,456.1111111111111
6.7847216595574395e-06,456.2222222222222
1.0501707795566296e-05,456.3333333333333
6.328366899311693e-06,456.4444444444444
1.4386067704918079e-05,456.55555555555554
1.0456810166479762e-05,456.66666666666663
5.69505010724064e-06,456.77777777777777
5.0521304930081254e-06,456.88888888888886
6.494787050700461e-06,457.0
3.760557130193427e-06,457.1111111111111
1.1197768953674921e-05,457.2222222222222
8.160622465521618e-06,457.3333333333333
8.760068553062874e-06,457.4444444444444
6.747424829754847e-07,457.55555555555554
6.067441600901176e-06,457.66666666666663
1.0325131020487312e-05,457.77777777777777
3.784924819613912e-06,457.88888888888886
8.012731128686202e-06,458.0
6.664853405624682e-06,458.1111111111111
1.8024255800712972e-06,458.2222222222222
1.0790288944940916e-05,458.3333333333333
1.6224968177299053e-05,458.4444444444444
1.9689173970522108e-05,458.55555555555554
1.0998484250962148e-05,458.66666666666663
9.982097747767514e-06,458.77777777777777
1.3063045505405115e-05,458.88888888888886
1.3488968257948178e-05,459.0
1.29574874989522e-05,459.1111111111111
1.0331930149833342e-05,459.2222222222222
5.90402019510593e-06,459.3333333333333
7.736192620127388e-06,459.4444444444444
3.405329020906568e-06,459.55555555555554
7.999412857878914e-06,459.66666666666663
3.624061774354826e-06,459.77777777777777
4.349529198238469e-06,459.88888888888886
5.5996065267614605e-06,460.0
5.8523181456810805e-06,460.1111111111111
1.0632402280209387e-05,460.2222222222222
8.072884800162313e-06,460.3333333333333
1.79291259582156e-05,460.4444444444444
9.17048725372079e-06,460.55555555555554
1.0363377768644266e-05,460.66666666666663
1.8770460592799972e-05,460.77777777777777
5.932403638062647e-06,460.88888888888886
1.9639091170884477e-05,461.0
8.092375942438223e-06,461.1111111111111
1.2896733788796684e-05,461.2222222222222
2.222474927084112e-05,461.3333333333333
1.2254902712967975e-05,461.4444444444444
9.810590920230504e-06,461.55555555555554
3.979228892440121e-06,461.66666666666663
8.986150472970332e-06,461.77777777777777
1.4428605170996951e-05,461.88888888888886
8.670578185818032e-06,462.0
1.2613173220311514e-05,462.1111111111111
9.199911134857864e-06,462.2222222222222
1.484591468149548e-05,462.3333333333333
7.0145228833999135e-06,462.4444444444444
6.931418754752177e-06,462.55555555555554
1.0055789506872614e-05,462.66666666666663
6.946545411691406e-06,462.77777777777777
7.018685978479379e-06,462.88888888888886
7.346816212750544e-06,463.0
1.0808696980685825e-05,463.1111111111111
4.190505115135785e-06,463.2222222222222
9.465463103981995e-06,463.3333333333333
7.3235680346174e-06,463.4444444444444
3.89721543816616e-06,463.55555555555554
4.9210946379551865e-06,463.66666666666663
9.874770743336227e-06,463.77777777777777
1.4424379963990955e-05,463.88888888888886
8.728794330487403e-06,464.0
7.636184142913148e-06,464.1111111111111
2.909700178755221e-06,464.2222222222222
7.740978401595577e-06,464.3333333333333
1.5564825503504233e-05,464.4444444444444
8.701613535496357e-06,464.55555555555554
1.5984885383041478e-05,464.66666666666663
1.819752335029674e-05,464.77777777777777
5.873898220115894e-06,464.88888888888886
1.8796632142299726e-06,465.0
9.508352451975125e-06,465.1111111111111
1.2691775041613773e-05,465.2222222222222
1.2125145073678861e-05,465.3333333333333
1.058193522122432e-05,465.4444444444444
9.626552694535526e-07,465.55555555555554
1.5539508749742707e-05,465.66666666666663
2.6745313502720767e-06,465.77777777777777
1.1409496078462644e-05,465.88888888888886
8.411124663482567e-06,466.0
8.61647547561197e-06,466.1111111111111
7.176471259576576e-06,466.2222222222222
5.059095665278011e-06,466.3333333333333
5.727259008910126e-06,466.4444444444444
7.243476579183923e-06,466.55555555555554
5.406882947194296e-06,466.66666666666663
6.111989984048778e-06,466.77777777777777
7.205970017945865e-06,466.88888888888886
2.165759015632402e-05,467.0
5.633045718934983e-06,467.1111111111111
1.0478765386268282e-05,467.2222222222222
1.2676563489695819e-05,467.3333333333333
8.455125440567799e-07,467.4444444444444
6.2786449574414065e-06,467.55555555555554
7.89555300986223e-06,467.66666666666663
4.5642999589090406e-06,467.77777777777777
8.987135606507427e-06,467.88888888888886
1.6595897690775917e-05,468.0
5.070521615697149e-06,468.1111111111111
3.37959198985427e-06,468.2222222222222
1.1666014468335079e-05,468.3333333333333
1.0537647436383e-05,468.4444444444444
7.271692521327869e-06,468.55555555555554
1.4091828308676915e-05,468.66666666666663
8.223679971756866e-06,468.77777777777777
1.5100178502442156e-05,468.88888888888886
3.878200085333262e-06,469.0
1.7210184814209092e-05,469.1111111111111
1.2785762394454468e-05,469.2222222222222
7.08931456577212e-06,469.3333333333333
1.2052812562346504e-05,469.4444444444444
1.1178698484117053e-05,469.55555555555554
1.5467548974720435e-05,469.66666666666663
5.0909456449737506e-06,469.77777777777777
4.733696332607844e-06,469.88888888888886
1.611953981814108e-05,470.0
1.1982800376648867e-05,470.1111111111111
6.281172641579036e-06,470.2222222222222
5.017734950088451e-06,470.3333333333333
5.512718150706633e-06,470.4444444444444
9.513796469509247e-06,470.55555555555554
7.449971511079376e-06,470.66666666666663
6.136544637673031e-06,470.77777777777777
1.7982059927440049e-06,470.88888888888886
1.0032135835888673e-05,471.0
8.988380879478887e-06,471.1111111111111
9.798025163782589e-06,471.2222222222222
1.2600609261545203e-05,471.3333333333333
5.438059325520921e-06,471.4444444444444
2.8857899318605003e-06,471.55555555555554
8.139823958374184e-06,471.66666666666663
7.080250907277698e-06,471.77777777777777
7.897229387032363e-06,471.88888888888886
9.27692228555582e-06,472.0
1.4720155940842934e-05,472.1111111111111
1.2099125548279367e-05,472.2222222222222
2.1217097372259473e-06,472.3333333333333
1.7369398099736308e-05,472.4444444444444
5.825941890094492e-06,472.55555555555554
3.234971894988963e-06,472.66666666666663
9.757798770444436e-06,472.77777777777777
5.709896622018458e-06,472.88888888888886
3.0803846317734372e-06,473.0
9.283501498115661e-06,473.1111111111111
8.36341170549359e-06,473.2222222222222
9.024159547212957e-06,473.3333333333333
1.1113093149970363e-05,473.4444444444444
2.401552075430366e-05,473.55555555555554
8.130349654685687e-06,473.66666666666663
2.1558652502261437e-06,473.77777777777777
5.30107717023487e-06,473.88888888888886
3.705984710155969e-06,474.0
1.111453951675569e-05,474.1111111111111
1.101753556171458e-05,474.2222222222222
7.280519866283762e-06,474.3333333333333
1.1406559263005615e-05,474.4444444444444
1.5423648328344127e-05,474.55555555555554
1.1982945912683258e-06,474.66666666666663
8.416883725553072e-06,474.77777777777777
2.1665503588790673e-05,474.88888888888886
1.4546784958907303e-05,475.0
1.1426515657751007e-05,475.1111111111111
1.546775141209138e-05,475.2222222222222
1.0940076513207676e-05,475.3333333333333
4.023456980839029e-06,475.4444444444444
5.884631163215925e-06,475.55555555555554
7.874386594305e-06,475.66666666666663
1.3621398978847709e-05,475.77777777777777
4.0447795898507575e-06,475.88888888888886
1.857139911213466e-05,476.0
4.236243913931195e-06,476.1111111111111
1.842458128678936e-05,476.2222222222222
5.63039535993745e-06,476.3333333333333
9.08430235435875e-06,476.4444444444444
1.1072556608231504e-05,476.55555555555554
1.2891715219381101e-05,476.66666666666663
9.235509623448151e-06,476.77777777777777
1.1624345786254936e-05,476.88888888888886
7.71299016328801e-06,477.0
1.542643974715684e-05,477.1111111111111
4.369593027242675e-06,477.2222222222222
3.4167099778867206e-06,477.3333333333333
7.714854729914283e-06,477.4444444444444
6.695497910579284e-06,477.55555555555554
8.876869897094936e-06,477.66666666666663
3.968541304607912e-06,477.77777777777777
1.5325178906800497e-05,477.88888888888886
9.50321241322513e-06,478.0
6.3788789731068234e-06,478.1111111111111
1.0568793061602287e-05,478.2222222222222
1.1095516238412977e-05,478.3333333333333
2.9226073272824992e-06,478.4444444444444
1.5449166762768227e-05,478.55555555555554
7.280741968667165e-06,478.66666666666663
3.6425255910060538e-06,478.77777777777777
1.0246087733711197e-05,478.88888888888886
1.3726368102855257e-05,479.0
1.096504075337366e-05,479.1111111111111
2.0113905814353665e-05,479.2222222222222
8.787194232692808e-06,479.3333333333333
7.75004150091304e-06,479.4444444444444
5.956982328673414e-06,479.55555555555554
9.965780207472674e-06,479.66666666666663
8.762954148056787e-06,479.77777777777777
1.5900297525054812e-05,479.88888888888886
1.3622233274593333e-05,480.0
1.6070987888093913e-05,480.1111111111111
6.647823168178572e-06,480.2222222222222
4.995448983730131e-06,480.3333333333333
7.085098225689087e-06,480.4444444444444
8.26141993996503e-06,480.55555555555554
1.784963334047148e-05,480.66666666666663
3.874492755134423e-06,480.77777777777777
1.5845462072453788e-05,480.88888888888886
3.4881555218167983e-06,481.0
1.530656588817747e-05,481.1111111111111
1.1112422855107144e-05,481.2222222222222
4.985574820922857e-06,481.3333333333333
7.237646019944154e-06,481.4444444444444
8.832936841002071e-06,481.55555555555554
1.1149446601364219e-05,481.66666666666663
7.132028311206159e-06,481.77777777777777
1.253650277054436e-05,481.88888888888886
5.202509100215616e-06,482.0
1.861771207082094e-05,482.1111111111111
1.3082450885294749e-05,482.2222222222222
1.5357106857684907e-05,482.3333333333333
1.2631623558997677e-05,482.4444444444444
1.0675977733948717e-05,482.55555555555554
2.534527009775139e-06,482.66666666666663
4.63738564018777e-06,482.77777777777777
3.18760667748695e-06,482.88888888888886
1.72981876171116e-05,483.0
2.0111494695719127e-06,483.1111111111111
1.238018064500401e-05,483.2222222222222
1.077947352983295e-05,483.3333333333333
5.397869015346006e-06,483.4444444444444
1.3625597875227017e-05,483.55555555555554
1.0970927177979628e-05,483.66666666666663
1.1642004385400275e-05,483.77777777777777
4.835568352623031e-06,483.88888888888886
1.625732828041615e-05,484.0
1.2098852091545262e-05,484.1111111111111
2.4453366577891412e-05,484.2222222222222
1.3210755148297118e-05,484.3333333333333
2.688549316140309e-06,484.4444444444444
1.308996796631922e-05,484.55555555555554
1.7923073318793214e-05,484.66666666666663
2.28658987602896e-06,484.77777777777777
1.1497738935737254e-05,484.88888888888886
2.639081189720057e-06,485.0
8.54493973294701e-06,485.1111111111111
4.780815297580034e-06,485.2222222222222
8.172463968746044e-06,485.3333333333333
1.6967606725260258e-05,485.4444444444444
2.5504878752348443e-06,485.55555555555554
7.67756079174401e-06,485.66666666666663
2.0253531290253604e-06,485.77777777777777
1.182358257705599e-05,485.88888888888886
7.619496197296276e-06,486.0
1.8399408645302422e-05,486.1111111111111
3.1352800499738615e-06,486.2222222222222
8.198708789594222e-06,486.3333333333333
1.1839471762046567e-05,486.4444444444444
6.460556991371983e-06,486.55555555555554
1.0688231625975854e-05,486.66666666666663
1.2483460142340152e-05,486.77777777777777
6.275876269433756e-06,486.88888888888886
8.74575752018032e-06,487.0
8.085129094822788e-06,487.1111111111111
6.0230270199963696e-06,487.2222222222222
8.376591974163102e-06,487.3333333333333
7.925831185708107e-06,487.4444444444444
8.618892683777661e-06,487.55555555555554
1.0263860901538017e-05,487.66666666666663
1.1645777675395285e-05,487.77777777777777
1.8400301160763326e-06,487.88888888888886
1.4274959640753143e-05,488.0
1.1762354479667228e-05,488.1111111111111
5.970952313214418e-06,488.2222222222222
1.1331125486811208e-05,488.3333333333333
1.4388942716819054e-05,488.4444444444444
5.26239571161884e-06,488.55555555555554
2.462387276135168e-06,488.66666666666663
4.404924521690737e-06,488.77777777777777
1.1327791135443901e-05,488.88888888888886
8.733799284978851e-06,489.0
1.5731539832685836e-05,489.1111111111111
9.970594072083277e-06,489.2222222222222
7.662801474626103e-06,489.3333333333333
1.4086306548242366e-05,489.4444444444444
1.8499325586660717e-05,489.55555555555554
7.573621077255061e-06,489.66666666666663
6.546796672022021e-06,489.77777777777777
1.674192541489422e-05,489.88888888888886
4.8562180457907556e-06,490.0
1.746961491548379e-05,490.1111111111111
8.875623185350536e-06,490.2222222222222
8.618381989673147e-06,490.3333333333333
1.645176159958777e-05,490.4444444444444
9.222756224054318e-07,490.55555555555554
9.003160777085084e-07,490.66666666666663
1.553470794936741e-05,490.77777777777777
6.9290965683491424e-06,490.88888888888886
1.1798717403750478e-05,491.0
6.282431484745242e-06,491.1111111111111
1.183676842654048e-05,491.2222222222222
5.705608150708837e-06,491.3333333333333
2.2195306996976634e-05,491.4444444444444
7.289046749863775e-06,491.55555555555554
7.250970278591668e-06,491.66666666666663
3.764385088924151e-06,491.77777777777777
1.2755196005831648e-05,491.88888888888886
8.198973357833483e-06,492.0
7.806664652581537e-06,492.1111111111111
8.144147728237326e-06,492.2222222222222
6.999732295496337e-06,492.3333333333333
4.018813383742999e-06,492.4444444444444
2.7633592014947128e-06,492.55555555555554
1.2832654246354046e-05,492.66666666666663
1.3455674085385406e-05,492.77777777777777
1.9390822540223527e-05,492.88888888888886
6.836314668058e-06,493.0
1.2944062953104594e-05,493.1111111111111
9.935540362271397e-06,493.2222222222222
2.8922023057356877e-06,493.3333333333333
2.1821715362579788e-05,493.4444444444444
4.427987478059001e-06,493.55555555555554
6.071324890480092e-06,493.66666666666663
6.6478954373943554e-06,493.77777777777777
2.7529085109257766e-06,493.88888888888886
5.4345533320763525e-06,494.0
2.2063170037089923e-05,494.1111111111111
4.576224663665451e-06,494.2222222222222
7.375564057923012e-06,494.3333333333333
1.5024387988077703e-05,494.4444444444444
4.952163505873006e-06,494.55555555555554
1.7571168790626724e-05,494.66666666666663
7.836819548275375e-06,494.77777777777777
5.7739747666994445e-06,494.88888888888886
4.4583979858525354e-06,495.0
2.1938843813777422e-06,495.1111111111111
9.61168851262722e-07,495.2222222222222
9.32620096594653e-06,495.3333333333333
6.1474592443469675e-06,495.4444444444444
1.5082067395058715e-05,495.55555555555554
1.907627562525833e-05,495.66666666666663
1.7599054598485613e-05,495.77777777777777
9.569745101476387e-06,495.88888888888886
2.0649143184410666e-05,496.0
1.2977896463923881e-05,496.1111111111111
4.31145207788992e-06,496.2222222222222
7.97827758331944e-06,496.3333333333333
1.1290040216456976e-05,496.4444444444444
3.5404591843046985e-06,496.55555555555554
9.256041146654523e-06,496.66666666666663
1.3373727217580554e-05,496.77777777777777
7.557509361338895e-06,496.88888888888886
6.78487726841353e-06,497.0
8.6351157560718e-06,497.1111111111111
3.887989968095804e-06,497.2222222222222
1.1389720344904029e-05,497.3333333333333
1.212000069334067e-06,497.4444444444444
1.300136272439276e-05,497.55555555555554
4.192562205486243e-06,497.66666666666663
1.0162719556551945e-05,497.77777777777777
6.260093539806209e-06,497.88888888888886
1.284617723661355e-05,498.0
1.080259378425327e-05,498.1111111111111
7.014151552674462e-07,498.2222222222222
1.182905274154523e-05,498.3333333333333
1.2028871068219117e-05,498.4444444444444
7.867087313282572e-06,498.55555555555554
8.328181552725923e-06,498.66666666666663
3.3958278852487816e-06,498.77777777777777
9.340410447773e-06,498.88888888888886
4.666222012250074e-06,499.0
8.149983438485316e-06,499.1111111111111
1.6101117462357045e-05,499.2222222222222
1.2771716476232022e-05,499.3333333333333
8.152123798798033e-06,499.4444444444444
2.9981787033526413e-06,499.55555555555554
1.4599845623486683e-05,499.66666666666663
1.6065210129964284e-05,499.77777777777777
1.0333210394536107e-05,499.88888888888886
1.3111111111111123e-05,500.0
