Amplitude,Frequency
0.033000000000000015,0.0
1.555092458061962e-05,0.1111111111111111
1.0559829497828218e-05,0.2222222222222222
1.6546679065028018e-05,0.3333333333333333
1.28089748396927e-05,0.4444444444444444
6.830461338303514e-06,0.5555555555555556
4.9903598799060325e-06,0.6666666666666666
1.758116179838588e-05,0.7777777777777777
6.273947551813853e-06,0.8888888888888888
1.021232485058312e-05,1.0
7.190325698256239e-06,1.1111111111111112
1.1515257249506752e-05,1.222222222222222
1.2259522766712982e-05,1.3333333333333333
6.963543414923915e-06,1.4444444444444444
1.5314063418225833e-05,1.5555555555555554
5.0833506584651454e-06,1.6666666666666665
1.0141716017706802e-05,1.7777777777777777
9.118110974338315e-06,1.8888888888888888
2.8439686185762726e-06,2.0
7.981620724618909e-06,2.111111111111111
2.763985143533998e-06,2.2222222222222223
8.951345126069614e-06,2.333333333333333
2.1748501080307946e-05,2.444444444444444
1.0198040696413854e-05,2.5555555555555554
9.933906403872687e-06,2.6666666666666665
8.393205489344552e-06,2.7777777777777777
6.343328469507641e-06,2.888888888888889
9.507433128714303e-06,3.0
1.28632266246987e-05,3.1111111111111107
1.840263018635487e-05,3.222222222222222
6.718371675982405e-06,3.333333333333333
1.0699521439646346e-05,3.444444444444444
1.860800243776934e-05,3.5555555555555554
1.2382646321564534e-05,3.6666666666666665
5.5669456161072355e-06,3.7777777777777777
1.1926808974115261e-05,3.888888888888889
8.910201504224449e-06,4.0
1.8486349850099197e-05,4.111111111111111
5.969725031420565e-06,4.222222222222222
8.339727413481195e-07,4.333333333333333
7.284726458483555e-06,4.444444444444445
7.066438633181001e-06,4.555555555555555
2.530335554939011e-05,4.666666666666666
9.223144116794827e-06,4.777777777777778
2.0765727068840587e-05,4.888888888888888
6.6412383787821775e-06,5.0
2.6802449519124195e-06,5.111111111111111
5.202835000873758e-06,5.222222222222222
5.188016940698439e-06,5.333333333333333
7.631888028202466e-06,5.444444444444444
1.0565960131945145e-05,5.555555555555555
5.369256832557009e-06,5.666666666666666
6.878693296657176e-06,5.777777777777778
5.037435004500487e-06,5.888888888888888
8.761289936223631e-06,6.0
7.802631051177426e-06,6.111111111111111
3.8754989914778365e-06,6.222222222222221
1.0504526608053969e-05,6.333333333333333
9.048652550600402e-06,6.444444444444444
1.4515603389449325e-06,6.555555555555555
4.746410413615334e-06,6.666666666666666
1.0989310837825607e-05,6.777777777777778
1.009249827164991e-05,6.888888888888888
8.67665893855373e-06,7.0
1.0432126356373414e-05,7.111111111111111
1.0657533922917678e-05,7.222222222222221
8.21275406377008e-06,7.333333333333333
8.908220879248655e-06,7.444444444444444
1.461971742008102e-05,7.555555555555555
7.460616607746573e-06,7.666666666666666
7.41421390845399e-06,7.777777777777778
1.5424396686283608e-06,7.888888888888888
9.850958484785875e-06,8.0
8.545269515509433e-06,8.11111111111111
3.314850019373253e-06,8.222222222222221
1.4647591509922446e-05,8.333333333333332
5.6420934076716125e-06,8.444444444444445
2.166793333015129e-06,8.555555555555555
2.528861419333593e-05,8.666666666666666
5.999375707798292e-06,8.777777777777777
8.734945251676545e-06,8.88888888888889
9.843144018706148e-06,9.0
7.996876274550457e-06,9.11111111111111
6.950057414898624e-06,9.222222222222221
1.4266573759499737e-05,9.333333333333332
1.0775091966433373e-05,9.444444444444445
2.7656559651278404e-06,9.555555555555555
8.786392760163956e-06,9.666666666666666
2.1663181413721816e-06,9.777777777777777
6.8131766863837396e-06,9.888888888888888
1.4052028108418881e-05,10.0
5.773416518590491e-06,10.11111111111111
9.8332249628201e-06,10.222222222222221
6.60049865916275e-06,10.333333333333332
4.590992512466638e-06,10.444444444444445
1.0867193657917654e-05,10.555555555555555
1.5529661999239938e-05,10.666666666666666
1.87036317048797e-05,10.777777777777777
1.0745061039135946e-05,10.888888888888888
1.0765755735652041e-06,11.0
9.186680122464218e-06,11.11111111111111
1.4764749186550255e-05,11.222222222222221
1.557648293730636e-05,11.333333333333332
8.476797501225651e-06,11.444444444444445
6.5475084350482425e-06,11.555555555555555
1.4332461891114807e-05,11.666666666666666
1.1089070928246863e-05,11.777777777777777
5.685224863501999e-06,11.888888888888888
5.943054376867466e-06,12.0
5.852764015416071e-06,12.11111111111111
1.5456258202499274e-05,12.222222222222221
1.0472343622341636e-05,12.333333333333332
1.1056266127258752e-05,12.444444444444443
1.5672836067136806e-05,12.555555555555555
7.399908943342297e-06,12.666666666666666
8.51608456504434e-06,12.777777777777777
5.469389611056105e-06,12.888888888888888
2.303715139944455e-05,13.0
6.54837152830915e-06,13.11111111111111
9.227399514974287e-06,13.222222222222221
8.14990023817441e-06,13.333333333333332
1.0463449814536575e-05,13.444444444444443
1.259677782624794e-05,13.555555555555555
7.615397425313874e-06,13.666666666666666
4.846522252165856e-06,13.777777777777777
7.577862424579938e-06,13.888888888888888
1.2367021823437875e-05,14.0
1.2174052287768064e-05,14.11111111111111
2.421871345511938e-06,14.222222222222221
8.639078692929034e-06,14.333333333333332
5.937119592649999e-06,14.444444444444443
7.956237906373222e-06,14.555555555555555
1.2725150490459752e-05,14.666666666666666
7.4524081058019285e-06,14.777777777777777
1.4936066594510753e-05,14.888888888888888
7.53012976111992e-06,15.0
1.5930853719260658e-05,15.11111111111111
3.3268154117520163e-06,15.222222222222221
1.0121236941750983e-05,15.333333333333332
1.9892536219177224e-05,15.444444444444443
5.648774886789301e-06,15.555555555555555
9.154127240944624e-06,15.666666666666666
2.178992234636292e-06,15.777777777777777
8.783002988980826e-07,15.888888888888888
5.849441076067884e-06,16.0
2.293560038516738e-06,16.11111111111111
1.1257466173735735e-05,16.22222222222222
7.141450538446249e-06,16.333333333333332
6.7501580307155885e-06,16.444444444444443
1.3420275569558246e-05,16.555555555555554
6.0577171734042075e-06,16.666666666666664
2.2275090344131217e-05,16.77777777777778
8.695264737915947e-06,16.88888888888889
1.331856650377634e-05,17.0
7.610665866091915e-06,17.11111111111111
1.5067331438774309e-05,17.22222222222222
1.7780035937940187e-05,17.333333333333332
1.097089369490691e-06,17.444444444444443
6.817450811769497e-06,17.555555555555554
4.07724447838257e-06,17.666666666666664
1.8097098187007044e-05,17.77777777777778
1.509737525364823e-05,17.88888888888889
1.8438658048912346e-05,18.0
1.0913905113613215e-05,18.11111111111111
1.8618447044211391e-06,18.22222222222222
9.94678156374411e-06,18.333333333333332
2.984224890972888e-06,18.444444444444443
5.715537007417813e-06,18.555555555555554
1.2656036558888733e-05,18.666666666666664
9.112803447174306e-06,18.777777777777775
4.141168819630498e-06,18.88888888888889
1.937323275117976e-05,19.0
7.649414342436027e-06,19.11111111111111
4.64091317793429e-06,19.22222222222222
2.6083999981316383e-06,19.333333333333332
8.780728455575668e-06,19.444444444444443
1.4648729488495343e-05,19.555555555555554
8.72138066689196e-06,19.666666666666664
1.1529002127148075e-05,19.777777777777775
6.805736730576269e-06,19.88888888888889
1.0718445746637502e-05,20.0
1.0004782704130002e-05,20.11111111111111
4.09096870534044e-06,20.22222222222222
1.3868149161802098e-05,20.333333333333332
3.9230173223438356e-06,20.444444444444443
7.094759199739493e-06,20.555555555555554
7.007016190143831e-06,20.666666666666664
5.289627972289816e-06,20.777777777777775
1.259433935844242e-05,20.88888888888889
2.914974126110774e-06,21.0
2.686676122129751e-06,21.11111111111111
6.829612284685084e-06,21.22222222222222
7.3934178012902205e-06,21.333333333333332
7.437620234001134e-06,21.444444444444443
9.54407619246128e-06,21.555555555555554
9.665769262078225e-06,21.666666666666664
1.3858330746215433e-05,21.777777777777775
8.034632275100445e-06,21.88888888888889
1.0677860439734983e-05,22.0
5.983590039894479e-06,22.11111111111111
7.79016239431751e-06,22.22222222222222
8.38554845068185e-06,22.333333333333332
1.0454892543540917e-05,22.444444444444443
1.0236221405383596e-06,22.555555555555554
9.146746485758012e-06,22.666666666666664
5.150648154829339e-06,22.777777777777775
1.4062851572426633e-06,22.88888888888889
1.1862869542786581e-05,23.0
1.5344545643915522e-05,23.11111111111111
2.3072673945709483e-05,23.22222222222222
1.3232053469953598e-05,23.333333333333332
9.014979253647862e-06,23.444444444444443
1.4900386218813405e-05,23.555555555555554
8.212299360960587e-06,23.666666666666664
8.782503783034488e-06,23.777777777777775
1.8623493275220127e-05,23.88888888888889
1.2670673625480338e-05,24.0
6.058169389904721e-06,24.11111111111111
1.5770253962942432e-05,24.22222222222222
7.950315331518987e-06,24.333333333333332
1.1821477615689942e-05,24.444444444444443
7.219510560749066e-06,24.555555555555554
4.4093084727938584e-06,24.666666666666664
1.2631414927626586e-05,24.777777777777775
9.03389475303682e-06,24.888888888888886
8.371429923619163e-06,25.0
5.1028262110390855e-06,25.11111111111111
9.917610561896204e-06,25.22222222222222
7.2318165111923496e-06,25.333333333333332
5.154145459349702e-06,25.444444444444443
7.299484092074365e-06,25.555555555555554
1.0654831339124795e-05,25.666666666666664
2.9618264401431307e-06,25.777777777777775
6.430334303687129e-06,25.888888888888886
5.695965231265166e-06,26.0
1.3768365263017418e-05,26.11111111111111
6.808725806363832e-06,26.22222222222222
1.7971903741995937e-05,26.333333333333332
7.607628620071426e-06,26.444444444444443
1.2225089018922205e-05,26.555555555555554
6.582929255840542e-06,26.666666666666664
1.1589580732189061e-05,26.777777777777775
3.38983782609218e-06,26.888888888888886
8.216830396024264e-06,27.0
7.381081283258367e-06,27.11111111111111
1.6245663110268628e-05,27.22222222222222
1.73130312190261e-05,27.333333333333332
1.0312601416483535e-05,27.444444444444443
1.2490603178373377e-05,27.555555555555554
8.868557490764736e-06,27.666666666666664
1.183993048042483e-05,27.777777777777775
1.8976877562862933e-05,27.888888888888886
6.838150456229146e-06,28.0
4.2377519288065715e-06,28.11111111111111
1.2903004230119693e-05,28.22222222222222
1.9933260272786244e-05,28.333333333333332
1.2528485747267106e-05,28.444444444444443
8.8360060543885e-06,28.555555555555554
1.0051016882703412e-05,28.666666666666664
9.433291780867979e-06,28.777777777777775
1.1021202309644445e-05,28.888888888888886
7.83634329879188e-06,29.0
9.68867876074623e-06,29.11111111111111
4.945041278878921e-06,29.22222222222222
1.1451495232408302e-05,29.333333333333332
1.977838866099187e-05,29.444444444444443
9.152102717749232e-07,29.555555555555554
8.361501478901314e-06,29.666666666666664
2.0158676668185797e-06,29.777777777777775
1.0315236873781136e-05,29.888888888888886
2.0171571728527636e-06,30.0
2.2195046877770763e-05,30.11111111111111
8.556077429965267e-06,30.22222222222222
3.627951378343838e-06,30.333333333333332
4.603072911948621e-06,30.444444444444443
9.430276228261606e-06,30.555555555555554
9.380381857963523e-06,30.666666666666664
9.476666444001219e-06,30.777777777777775
7.256681497598003e-06,30.888888888888886
1.6398366879738176e-05,31.0
2.9021514913835003e-06,31.11111111111111
4.403729596335023e-06,31.22222222222222
8.75978469448488e-06,31.333333333333332
1.2021365343897719e-05,31.444444444444443
5.831752970349662e-06,31.555555555555554
5.254181672246394e-06,31.666666666666664
4.008591344267825e-06,31.777777777777775
1.3943600986045636e-05,31.888888888888886
2.0390807265360918e-05,32.0
7.079888220649172e-06,32.11111111111111
3.1851491868595243e-06,32.22222222222222
7.90823168874927e-06,32.33333333333333
1.3475315664819457e-05,32.44444444444444
1.5364899242861544e-05,32.55555555555556
5.457670343206684e-06,32.666666666666664
2.457159168616322e-06,32.77777777777778
1.0661406375058787e-05,32.888888888888886
8.224299629144747e-06,33.0
9.447412071125102e-06,33.11111111111111
2.535860148609497e-06,33.22222222222222
9.764121167129505e-06,33.33333333333333
9.398417530461532e-06,33.44444444444444
1.1345554808234294e-05,33.55555555555556
1.4415036985797607e-05,33.666666666666664
1.1446218683643658e-05,33.77777777777778
1.3945415088216223e-05,33.888888888888886
1.3342083203009417e-05,34.0
4.837134665126694e-06,34.11111111111111
1.3286040827636642e-06,34.22222222222222
9.527048526019058e-06,34.33333333333333
7.553748114223611e-06,34.44444444444444
2.266013614518703e-06,34.55555555555556
1.1489067459371481e-05,34.666666666666664
2.271172473992031e-06,34.77777777777778
5.412647246135778e-06,34.888888888888886
4.318424015077369e-06,35.0
9.28780137965312e-06,35.11111111111111
4.540644587362014e-06,35.22222222222222
4.3481930299527775e-06,35.33333333333333
6.053542730658504e-06,35.44444444444444
7.128804629584056e-06,35.55555555555556
1.9243140858382417e-06,35.666666666666664
5.360867989097392e-06,35.77777777777778
1.414409890322021e-05,35.888888888888886
1.6673982671614552e-05,36.0
5.636437298231597e-06,36.11111111111111
2.40952468757978e-06,36.22222222222222
9.100200254319365e-06,36.33333333333333
8.957674596040713e-06,36.44444444444444
1.1350350634461908e-05,36.55555555555555
8.914816406129923e-06,36.666666666666664
5.556225614069027e-06,36.77777777777778
9.2907781145902e-06,36.888888888888886
9.570859037245861e-06,37.0
2.3167305500795827e-05,37.11111111111111
1.3172091580975881e-05,37.22222222222222
1.7243362874289796e-06,37.33333333333333
1.1258165019293723e-05,37.44444444444444
7.938901606305039e-06,37.55555555555555
1.1448861806539993e-05,37.666666666666664
3.8111488187744965e-06,37.77777777777778
2.3617200003725645e-05,37.888888888888886
6.831276591871649e-06,38.0
1.9969551712502484e-05,38.11111111111111
3.562651991806646e-06,38.22222222222222
1.144985208898812e-05,38.33333333333333
1.2257001191424295e-05,38.44444444444444
7.399629313510998e-06,38.55555555555555
1.3693564933234915e-05,38.666666666666664
1.5320804292407637e-05,38.77777777777778
1.7588177329454535e-05,38.888888888888886
1.83821492185435e-06,39.0
3.260935308384098e-06,39.11111111111111
3.352839004107538e-06,39.22222222222222
1.9730462143715545e-06,39.33333333333333
9.886408463804333e-06,39.44444444444444
1.5516280278038065e-05,39.55555555555555
8.456059930061027e-06,39.666666666666664
4.9614213195710344e-06,39.77777777777778
1.1658684136060788e-05,39.888888888888886
6.6570148717751734e-06,40.0
1.942575497631848e-05,40.11111111111111
1.0685986633082161e-05,40.22222222222222
9.998815027328638e-06,40.33333333333333
1.2121648066012314e-05,40.44444444444444
1.0573431851516014e-05,40.55555555555555
1.3442783154514862e-05,40.666666666666664
1.6520964484138013e-05,40.77777777777778
1.781967247833106e-05,40.888888888888886
3.3491989905395596e-06,41.0
1.920576418391407e-05,41.11111111111111
4.529715260273592e-06,41.22222222222222
2.4105200157304624e-05,41.33333333333333
5.594652027551611e-06,41.44444444444444
8.362735143792878e-06,41.55555555555555
5.182545352685389e-06,41.666666666666664
6.444788596403969e-06,41.77777777777778
1.2796877433889581e-05,41.888888888888886
1.2009115018572572e-05,42.0
5.821141721020531e-07,42.11111111111111
7.124195853091888e-06,42.22222222222222
9.108138033035184e-06,42.33333333333333
1.6025827396925652e-05,42.44444444444444
1.7515207627311202e-05,42.55555555555555
1.4545698693250832e-05,42.666666666666664
4.006708280436517e-06,42.77777777777778
1.730405088583658e-05,42.888888888888886
6.6129763377980745e-06,43.0
1.2822688750157007e-05,43.11111111111111
3.910174033677296e-06,43.22222222222222
1.5021465227184863e-05,43.33333333333333
5.457831007685759e-06,43.44444444444444
1.561105369791782e-05,43.55555555555555
9.234198810141222e-06,43.666666666666664
6.457859986566785e-06,43.77777777777778
4.65662166821127e-06,43.888888888888886
5.297395980375245e-06,44.0
4.965267311914936e-06,44.11111111111111
1.4136310913749634e-05,44.22222222222222
7.887626604933186e-06,44.33333333333333
8.491479955211071e-06,44.44444444444444
2.3884041315685837e-06,44.55555555555555
1.3866626335516755e-05,44.666666666666664
4.971209103903985e-06,44.77777777777778
1.3674271419920188e-05,44.888888888888886
9.105815954971946e-06,45.0
1.1130127108645056e-05,45.11111111111111
9.416688551271546e-06,45.22222222222222
1.0791460060876331e-05,45.33333333333333
1.57075630676531e-05,45.44444444444444
3.0371990320143417e-06,45.55555555555555
1.504059291134147e-05,45.666666666666664
1.5194175359465657e-05,45.77777777777778
1.88897475133844e-05,45.888888888888886
1.2687112313612741e-05,46.0
1.2679858677732588e-05,46.11111111111111
8.095383167644418e-06,46.22222222222222
8.856623468624111e-06,46.33333333333333
2.3018342840344183e-05,46.44444444444444
2.815313422615168e-06,46.55555555555555
1.882454005503567e-05,46.666666666666664
1.4852831617258204e-05,46.77777777777778
4.64700318146344e-06,46.888888888888886
1.0479706610632722e-05,47.0
1.7819648494392155e-05,47.11111111111111
1.3223956903083549e-05,47.22222222222222
1.4227137694398465e-05,47.33333333333333
2.8056561410012533e-06,47.44444444444444
1.3119037924413031e-05,47.55555555555555
1.091743487981327e-05,47.666666666666664
8.867964679467645e-06,47.77777777777778
1.3345506669983137e-05,47.888888888888886
1.485801300009483e-05,48.0
3.7925246949315157e-06,48.11111111111111
6.2575011612770764e-06,48.22222222222222
1.6135583021761122e-05,48.33333333333333
4.7097169379124975e-06,48.44444444444444
9.649434609451114e-06,48.55555555555555
1.5735741402393377e-05,48.666666666666664
9.865071709878578e-06,48.77777777777778
1.2741769503850428e-05,48.888888888888886
2.1285927998784274e-06,49.0
8.565201091775686e-06,49.11111111111111
9.950980348232047e-06,49.22222222222222
9.64329665087609e-06,49.33333333333333
1.0826178712070742e-05,49.44444444444444
1.4977928499905468e-05,49.55555555555555
9.986593365734818e-06,49.666666666666664
1.2699330499158355e-05,49.77777777777777
7.078352995779946e-06,49.888888888888886
2.5692918087498377e-06,50.0
7.930118858737292e-06,50.11111111111111
2.2253851091660117e-06,50.22222222222222
1.5219985193591498e-05,50.33333333333333
1.4688045407052657e-05,50.44444444444444
5.395422212946395e-06,50.55555555555555
1.3969425653358915e-05,50.666666666666664
9.131360290787452e-06,50.77777777777777
1.0097704467375686e-05,50.888888888888886
1.160791801437633e-05,51.0
1.4097046658037482e-05,51.11111111111111
4.4935039779090025e-06,51.22222222222222
5.513494103553311e-06,51.33333333333333
6.342946750887558e-06,51.44444444444444
5.378330136599825e-06,51.55555555555555
6.191057537691461e-06,51.666666666666664
1.2675560390231045e-05,51.77777777777777
1.2414129381710381e-05,51.888888888888886
5.032022811807645e-06,52.0
9.559377957327802e-06,52.11111111111111
8.33066551032224e-06,52.22222222222222
5.191361095509464e-06,52.33333333333333
6.2123391646717115e-06,52.44444444444444
1.0624057294910661e-05,52.55555555555555
8.884088900292401e-06,52.666666666666664
3.340052086518734e-06,52.77777777777777
4.487317047358481e-07,52.888888888888886
8.03645472694638e-06,53.0
1.1943868160596373e-05,53.11111111111111
1.1995392944813541e-05,53.22222222222222
1.6501122083068173e-05,53.33333333333333
2.3388079346335702e-05,53.44444444444444
7.024563202826956e-06,53.55555555555555
8.787682728406039e-06,53.666666666666664
4.188261512817306e-06,53.77777777777777
6.87415679734947e-06,53.888888888888886
1.5466245567673378e-05,54.0
1.1018411121478732e-05,54.11111111111111
8.267859235270412e-06,54.22222222222222
1.52321603402225e-05,54.33333333333333
1.086969375465387e-05,54.44444444444444
2.431617629520177e-05,54.55555555555555
1.2813660748776767e-05,54.666666666666664
7.3465032643308315e-06,54.77777777777777
8.076210310277592e-06,54.888888888888886
7.834834394453506e-06,55.0
8.375579381217645e-06,55.11111111111111
5.380593535650227e-06,55.22222222222222
9.192150043584324e-06,55.33333333333333
1.4538967715119105e-05,55.44444444444444
1.0862354211727022e-05,55.55555555555555
6.476296692546924e-06,55.666666666666664
1.5273365246049467e-05,55.77777777777777
1.4965381500824661e-05,55.888888888888886
1.2935854343397769e-05,56.0
1.1117679813947584e-05,56.11111111111111
7.560611454689161e-06,56.22222222222222
1.3380760748979357e-05,56.33333333333333
7.306947900025576e-06,56.44444444444444
1.2354748983734826e-05,56.55555555555555
2.016167674125227e-05,56.666666666666664
6.5832693601343165e-06,56.77777777777777
1.3676021547432815e-05,56.888888888888886
1.6041695543097816e-05,57.0
6.04094200714482e-06,57.11111111111111
4.7653206969075505e-06,57.22222222222222
1.301924149432089e-06,57.33333333333333
5.3687200863319846e-06,57.44444444444444
1.0756752054903134e-05,57.55555555555555
6.940967969121156e-06,57.666666666666664
9.885018248887906e-06,57.77777777777777
6.193947838592511e-06,57.888888888888886
5.126498638119356e-06,58.0
6.08302118923112e-06,58.11111111111111
1.3300946548713482e-05,58.22222222222222
1.3887520838222946e-05,58.33333333333333
9.820272048924577e-06,58.44444444444444
9.75414590347705e-06,58.55555555555555
1.7710487436648865e-06,58.666666666666664
2.3112072660538026e-06,58.77777777777777
1.461461697360214e-05,58.888888888888886
1.2228259356747767e-05,59.0
3.647409302361269e-06,59.11111111111111
8.766065730601045e-06,59.22222222222222
6.814485850991218e-06,59.33333333333333
2.1796142961843138e-05,59.44444444444444
3.874138826676883e-06,59.55555555555555
7.361576785889553e-06,59.666666666666664
3.4099379106264277e-06,59.77777777777777
1.1597524085135407e-06,59.888888888888886
1.3805394298090925e-05,60.0
8.28235374567595e-06,60.11111111111111
1.3600983429530102e-05,60.22222222222222
1.5077453702108186e-05,60.33333333333333
6.429409307619127e-06,60.44444444444444
1.3394592979354966e-05,60.55555555555555
3.4092217962022793e-06,60.666666666666664
9.310909657667646e-06,60.77777777777777
2.1110980632037232e-05,60.888888888888886
4.611636390844758e-06,61.0
1.4141133091565142e-05,61.11111111111111
1.589055483962473e-05,61.22222222222222
3.4603242731769075e-06,61.33333333333333
6.634208307134298e-06,61.44444444444444
1.1470457094709226e-05,61.55555555555555
1.7278400306055664e-05,61.666666666666664
4.359945687977228e-06,61.77777777777777
4.1255895756327005e-06,61.888888888888886
3.7604249577793786e-06,62.0
7.448020348092155e-06,62.11111111111111
4.837799045666946e-06,62.22222222222222
9.858407352903775e-06,62.33333333333333
7.401567647971593e-06,62.44444444444444
9.391850697002847e-06,62.55555555555555
7.839192067599595e-06,62.666666666666664
1.2358026678307376e-06,62.77777777777777
1.5845102288832735e-06,62.888888888888886
4.586283393405915e-06,63.0
3.8125099945240677e-06,63.11111111111111
1.1331719135303615e-05,63.22222222222222
1.3439459478630675e-05,63.33333333333333
7.386011084912464e-06,63.44444444444444
1.0595375443255121e-05,63.55555555555555
5.065732536032631e-06,63.666666666666664
8.483192808510902e-06,63.77777777777777
4.262195063606302e-06,63.888888888888886
7.1571952293236956e-06,64.0
1.2264470564017858e-05,64.11111111111111
1.01197598586733e-05,64.22222222222221
1.0492768761501029e-05,64.33333333333333
1.665190858427588e-05,64.44444444444444
7.192849114455834e-06,64.55555555555556
1.0471307740539203e-05,64.66666666666666
7.547044689658268e-06,64.77777777777777
2.384179470625838e-05,64.88888888888889
7.340123756225169e-06,65.0
7.6262989068094215e-06,65.11111111111111
1.8590376947398157e-05,65.22222222222221
1.3647025005155112e-05,65.33333333333333
6.496004629112633e-06,65.44444444444444
7.795437083778304e-06,65.55555555555556
5.686067732352077e-07,65.66666666666666
1.3014656655977948e-05,65.77777777777777
1.6640472361977197e-05,65.88888888888889
9.998565499954921e-06,66.0
7.168191912051938e-06,66.11111111111111
1.2874225297774613e-05,66.22222222222221
1.7657229844347677e-05,66.33333333333333
7.466821291514942e-06,66.44444444444444
2.1592753122263857e-06,66.55555555555556
1.2215405266226903e-06,66.66666666666666
2.60907838580769e-06,66.77777777777777
1.4254415185010386e-05,66.88888888888889
2.9899415679692514e-06,67.0
3.0022615929234832e-06,67.11111111111111
1.470525112731246e-05,67.22222222222221
1.751488400410908e-05,67.33333333333333
8.236572530312199e-06,67.44444444444444
1.1109809218231257e-05,67.55555555555556
3.773803798448792e-06,67.66666666666666
1.5387296316447586e-05,67.77777777777777
5.919101813014169e-06,67.88888888888889
6.25558739435618e-06,68.0
1.0134158214272189e-05,68.11111111111111
2.7814057989826012e-06,68.22222222222221
6.91799113325541e-06,68.33333333333333
2.280678192749878e-06,68.44444444444444
1.1987819796646023e-05,68.55555555555556
1.9457085612740774e-05,68.66666666666666
1.2995242689167457e-05,68.77777777777777
5.552741487769335e-06,68.88888888888889
9.199106172335475e-07,69.0
1.2036286141442444e-05,69.11111111111111
1.5094411137841111e-05,69.22222222222221
2.698547270293168e-06,69.33333333333333
8.172773400878338e-06,69.44444444444444
5.92773804489914e-06,69.55555555555556
1.5979608336601314e-06,69.66666666666666
1.1243485443459074e-05,69.77777777777777
1.7675065384559162e-05,69.88888888888889
6.3492983060135906e-06,70.0
5.911396181029198e-06,70.11111111111111
7.523306981241426e-06,70.22222222222221
1.1893333188185185e-05,70.33333333333333
4.7492600853508245e-06,70.44444444444444
5.800453686441828e-06,70.55555555555556
9.460913715855448e-06,70.66666666666666
7.121371281989008e-06,70.77777777777777
6.474731231531633e-06,70.88888888888889
2.2678235857479348e-06,71.0
7.5316504689478906e-06,71.11111111111111
9.858203387674693e-06,71.22222222222221
3.523941208330976e-06,71.33333333333333
1.5900454195005994e-05,71.44444444444444
6.189977353813438e-06,71.55555555555556
1.137718114204192e-05,71.66666666666666
6.846178450146212e-06,71.77777777777777
4.4968674969592885e-06,71.88888888888889
1.904311809758823e-05,72.0
1.6278916153977815e-05,72.1111111111111
3.4231602984858156e-06,72.22222222222221
7.654991029976382e-06,72.33333333333333
1.5045304944667393e-05,72.44444444444444
1.8980464941457406e-05,72.55555555555556
5.299770353450653e-06,72.66666666666666
9.347743730590762e-06,72.77777777777777
7.094040466519928e-06,72.88888888888889
2.230391683769518e-05,73.0
4.6331307265934826e-06,73.1111111111111
1.4055661331982197e-05,73.22222222222221
1.1795914179067278e-05,73.33333333333333
6.9937055326245765e-06,73.44444444444444
7.288203265705441e-06,73.55555555555556
4.50687115442992e-06,73.66666666666666
7.948764307392138e-06,73.77777777777777
6.157052954462632e-06,73.88888888888889
3.574246753163862e-06,74.0
2.404193259039759e-06,74.1111111111111
1.067460088219905e-05,74.22222222222221
1.3968644542825525e-05,74.33333333333333
4.964619145251698e-06,74.44444444444444
2.18955968295008e-05,74.55555555555556
4.763167451136631e-06,74.66666666666666
8.177150049909036e-06,74.77777777777777
8.989118094221932e-06,74.88888888888889
2.18058839546677e-06,75.0
5.170841619972617e-06,75.1111111111111
1.0471913620743682e-05,75.22222222222221
1.6249834932851592e-05,75.33333333333333
9.101985297583317e-06,75.44444444444444
1.0973969022801679e-05,75.55555555555556
1.5826491645309402e-05,75.66666666666666
1.4472458260074901e-05,75.77777777777777
6.958969812656346e-06,75.88888888888889
8.079466058265402e-06,76.0
3.2486153142274995e-06,76.1111111111111
5.729185085589288e-06,76.22222222222221
2.1503128761141564e-06,76.33333333333333
7.775615412294046e-06,76.44444444444444
3.7554297388386937e-06,76.55555555555556
7.183702858455257e-06,76.66666666666666
1.2127295352444703e-05,76.77777777777777
6.853570956816927e-06,76.88888888888889
1.3811173152645778e-05,77.0
1.0722606846124483e-05,77.1111111111111
7.5970939013658355e-06,77.22222222222221
4.75716791337026e-06,77.33333333333333
9.845047474708397e-06,77.44444444444444
5.436870199066563e-06,77.55555555555556
1.2617755482774031e-05,77.66666666666666
1.4417113169288234e-05,77.77777777777777
1.6403112739872443e-05,77.88888888888889
1.9459928811244958e-05,78.0
9.053834075718365e-06,78.1111111111111
7.911580146040146e-06,78.22222222222221
9.479435249849378e-06,78.33333333333333
6.812898406621545e-06,78.44444444444444
1.5677410934578946e-05,78.55555555555556
1.7712147013486673e-05,78.66666666666666
9.813816148461506e-06,78.77777777777777
5.798539095582758e-06,78.88888888888889
4.855730257831774e-06,79.0
1.0446980131473146e-05,79.1111111111111
1.0248054656480147e-05,79.22222222222221
1.1542720312643378e-05,79.33333333333333
1.0763193263444307e-05,79.44444444444444
9.820652821641906e-06,79.55555555555556
7.385586662596766e-06,79.66666666666666
1.1238315384480557e-05,79.77777777777777
2.4737676251047247e-06,79.88888888888889
1.0193209414308223e-05,80.0
1.101065475507781e-05,80.1111111111111
1.3464855348607369e-05,80.22222222222221
6.229417127103053e-06,80.33333333333333
1.6908117248427812e-05,80.44444444444444
1.176052449628963e-05,80.55555555555556
2.2901535875105893e-06,80.66666666666666
7.3991587496073374e-06,80.77777777777777
4.021150702648978e-06,80.88888888888889
1.0592734394697905e-05,81.0
5.040203991468446e-06,81.1111111111111
2.310371846677494e-06,81.22222222222221
1.3407191351297411e-05,81.33333333333333
5.390519304088638e-06,81.44444444444444
2.014442876578844e-05,81.55555555555556
1.1268124898376009e-05,81.66666666666666
3.40515091528955e-06,81.77777777777777
1.825121367087737e-05,81.88888888888889
6.520951826770663e-06,82.0
3.703266083636715e-06,82.1111111111111
1.3974972952549211e-05,82.22222222222221
8.734684167444418e-06,82.33333333333333
1.1840388399858049e-05,82.44444444444444
8.360966557540666e-06,82.55555555555556
1.3265491532453903e-05,82.66666666666666
1.1059929837436896e-05,82.77777777777777
4.104047986708972e-06,82.88888888888889
1.2026751256717205e-05,83.0
3.9290648222143145e-06,83.1111111111111
5.581441978622326e-06,83.22222222222221
1.1549907448079965e-05,83.33333333333333
2.696030482264224e-05,83.44444444444444
1.311247748414632e-05,83.55555555555556
9.448780952398278e-06,83.66666666666666
1.4886871687887058e-05,83.77777777777777
1.0172251377871903e-05,83.88888888888889
3.682612685925877e-06,84.0
1.2063646011718008e-05,84.1111111111111
1.602616384768795e-05,84.22222222222221
4.3994478774064286e-07,84.33333333333333
8.08393929068595e-06,84.44444444444444
1.4600050062190325e-05,84.55555555555556
9.671323318112706e-06,84.66666666666666
1.2033242280846513e-05,84.77777777777777
3.1471573126574617e-06,84.88888888888889
4.410891652917328e-06,85.0
5.66255816306512e-06,85.1111111111111
7.994950453958765e-06,85.22222222222221
3.0671993750934163e-06,85.33333333333333
1.8833551742248058e-05,85.44444444444444
1.9844824831271042e-05,85.55555555555556
1.9915924057055585e-06,85.66666666666666
1.0216567538564217e-05,85.77777777777777
8.186376650486978e-06,85.88888888888889
1.1778614851995892e-05,86.0
2.2784105743225875e-06,86.1111111111111
1.0828391066196726e-05,86.22222222222221
7.627177519352083e-06,86.33333333333333
1.458510918716339e-05,86.44444444444444
8.913592819882574e-06,86.55555555555556
2.1200355881397326e-05,86.66666666666666
1.5215431859142447e-05,86.77777777777777
1.05238246484986e-05,86.88888888888889
7.160111660929267e-06,87.0
7.071714012553115e-06,87.1111111111111
8.762402496789472e-06,87.22222222222221
9.60465315412671e-06,87.33333333333333
8.188317635093773e-06,87.44444444444444
7.933640674053906e-06,87.55555555555556
7.657561151713073e-06,87.66666666666666
3.8987288734752775e-06,87.77777777777777
4.65653572924004e-06,87.88888888888889
9.090882498618532e-06,88.0
5.679332623438655e-06,88.1111111111111
9.655009398294473e-06,88.22222222222221
1.749167820052246e-05,88.33333333333333
4.012239219194789e-06,88.44444444444444
6.877226384953756e-06,88.55555555555556
8.045396992224388e-06,88.66666666666666
1.5813715808432472e-05,88.77777777777777
1.196870368832849e-05,88.88888888888889
1.1573754123903678e-05,89.0
1.2612512506951265e-05,89.1111111111111
1.3565546460714466e-05,89.22222222222221
1.4453887525760787e-05,89.33333333333333
5.801074819137457e-06,89.44444444444444
7.315478622177622e-06,89.55555555555556
1.2291176882858647e-05,89.66666666666666
6.314345545343203e-06,89.77777777777777
1.0542941507448849e-05,89.88888888888889
7.1841577973903415e-06,90.0
1.1399393388558239e-05,90.1111111111111
6.9757150156138455e-06,90.22222222222221
1.0779425336512618e-05,90.33333333333333
1.408040772860571e-05,90.44444444444444
7.734125181887782e-06,90.55555555555556
8.93949127272556e-06,90.66666666666666
1.225814318187636e-05,90.77777777777777
8.404002321598967e-06,90.88888888888889
6.933684874154342e-06,91.0
8.917814476254664e-06,91.1111111111111
2.932300723770378e-06,91.22222222222221
7.83141978966937e-06,91.33333333333333
1.0647687449511787e-05,91.44444444444444
2.6941861209288182e-06,91.55555555555556
1.563606402463415e-05,91.66666666666666
4.6364091239705544e-06,91.77777777777777
9.24973680041572e-06,91.88888888888889
5.815003824875507e-06,92.0
5.32883022145242e-06,92.1111111111111
1.6541964661663066e-05,92.22222222222221
1.2848551085751964e-05,92.33333333333333
1.4479395055048482e-05,92.44444444444444
8.172728485451154e-06,92.55555555555556
1.2994563870308787e-05,92.66666666666666
1.0353994867108748e-05,92.77777777777777
9.35196255611769e-06,92.88888888888889
1.100323494476095e-05,93.0
6.5018349841923265e-06,93.1111111111111
2.8238142209713087e-06,93.22222222222221
5.12113683582997e-06,93.33333333333333
7.761469238050623e-06,93.44444444444444
2.4920642502204123e-06,93.55555555555556
1.4487353674041351e-05,93.66666666666666
7.995381705459489e-06,93.77777777777777
1.681491167043396e-05,93.88888888888889
7.465931403397142e-06,94.0
4.2789281578692246e-06,94.1111111111111
9.413808278989068e-06,94.22222222222221
8.617701193196269e-06,94.33333333333333
2.88050837126929e-05,94.44444444444444
2.576160133471775e-06,94.55555555555556
6.409516414428192e-06,94.66666666666666
9.147022320710681e-06,94.77777777777777
4.257695746317209e-06,94.88888888888889
4.740734525151498e-06,95.0
9.658856804122107e-06,95.1111111111111
1.2468004960992893e-05,95.22222222222221
1.0794444162595132e-05,95.33333333333333
1.9952128101479092e-05,95.44444444444444
8.131386078733301e-06,95.55555555555556
1.4852725567597812e-05,95.66666666666666
5.949762271322084e-06,95.77777777777777
1.571423294466758e-05,95.88888888888889
6.777581380107488e-06,96.0
1.089235208607846e-05,96.1111111111111
1.30967496872976e-05,96.22222222222221
9.465854770088572e-06,96.33333333333333
5.699399383341969e-06,96.44444444444444
1.4961656906834294e-05,96.55555555555556
1.7296907358185788e-05,96.66666666666666
7.869190563264203e-06,96.77777777777777
9.998999056061734e-06,96.88888888888889
1.3277842270822215e-05,97.0
4.998172225403461e-06,97.1111111111111
6.78673906688671e-06,97.22222222222221
6.305762956781763e-06,97.33333333333333
9.942618469791237e-06,97.44444444444444
1.0956631709568161e-05,97.55555555555556
1.08752583928623e-05,97.66666666666666
1.498182645814422e-05,97.77777777777777
1.1487797376626434e-05,97.88888888888889
5.910025547733095e-06,98.0
1.2185596245107951e-05,98.1111111111111
9.779629265545139e-06,98.22222222222221
1.6950691946809206e-06,98.33333333333333
1.153255876075289e-05,98.44444444444444
1.152370943586164e-05,98.55555555555556
4.002812973707641e-06,98.66666666666666
7.829756390806184e-06,98.77777777777777
5.3094345881595285e-06,98.88888888888889
7.2808197321403074e-06,99.0
1.411706350897933e-05,99.1111111111111
1.2551247663696011e-05,99.22222222222221
1.6381737977905125e-05,99.33333333333333
8.990060204178105e-06,99.44444444444444
1.3052450497055846e-05,99.55555555555554
1.9061096375039947e-05,99.66666666666666
1.2427043566322668e-05,99.77777777777777
9.97959413021901e-06,99.88888888888889
2.0185430546931003e-06,100.0
7.0401046735864865e-06,100.1111111111111
2.132119929976736e-06,100.22222222222221
3.680735785964973e-06,100.33333333333333
8.70308239544008e-06,100.44444444444444
5.101381701674613e-06,100.55555555555554
1.1670042067800461e-05,100.66666666666666
1.910898493630499e-05,100.77777777777777
7.018131552710108e-06,100.88888888888889
2.7139386623371283e-06,101.0
2.0680574758954903e-05,101.1111111111111
1.36912501857468e-05,101.22222222222221
9.80605110091086e-06,101.33333333333333
7.5180412538482115e-06,101.44444444444444
1.27315804323999e-05,101.55555555555554
1.2325588577725317e-05,101.66666666666666
2.1649840472561884e-05,101.77777777777777
1.034641843791486e-05,101.88888888888889
7.477761182760521e-06,102.0
1.7551358838337427e-05,102.1111111111111
1.3615601893167057e-05,102.22222222222221
1.0817552985906655e-05,102.33333333333333
1.574828141760133e-05,102.44444444444444
7.0832984243280955e-06,102.55555555555554
1.2884449117218615e-05,102.66666666666666
1.1085633899758435e-05,102.77777777777777
4.134797802398536e-06,102.88888888888889
7.263884142813568e-06,103.0
1.1822247283997483e-05,103.1111111111111
1.0800047846450063e-05,103.22222222222221
1.0786676360907986e-05,103.33333333333333
9.875200835881902e-06,103.44444444444444
1.7989130574450927e-05,103.55555555555554
3.241411077999112e-06,103.66666666666666
1.743179340935363e-05,103.77777777777777
7.526538664409568e-06,103.88888888888889
1.597914502206079e-05,104.0
1.0209813369843612e-05,104.1111111111111
6.796398574350056e-06,104.22222222222221
4.97637378525074e-06,104.33333333333333
1.8170792274326929e-06,104.44444444444444
1.0525406360619033e-05,104.55555555555554
7.684358216847403e-06,104.66666666666666
9.630164258305372e-06,104.77777777777777
6.663389686753122e-06,104.88888888888889
8.743253643492754e-06,105.0
8.766175256455013e-06,105.1111111111111
5.794975231765862e-06,105.22222222222221
1.1777369400583638e-05,105.33333333333333
7.251706146949511e-06,105.44444444444444
7.90780205216469e-06,105.55555555555554
5.381692768247837e-06,105.66666666666666
5.2534057278493035e-06,105.77777777777777
1.5127682005634512e-05,105.88888888888889
2.885754224181391e-06,106.0
1.7270687074078824e-06,106.1111111111111
8.839691177203963e-06,106.22222222222221
1.791135820952077e-05,106.33333333333333
5.164518137252682e-06,106.44444444444444
6.8131597521875364e-06,106.55555555555554
2.5809196928856555e-06,106.66666666666666
7.736999450488023e-06,106.77777777777777
8.607205314816148e-06,106.88888888888889
3.553277495266278e-06,107.0
1.339820352711853e-05,107.1111111111111
8.285228303329252e-06,107.22222222222221
9.160218977915887e-06,107.33333333333333
6.75567502872154e-06,107.44444444444444
7.372577428682999e-06,107.55555555555554
1.942007855525707e-05,107.66666666666666
9.501154273993653e-06,107.77777777777777
9.825868049623486e-06,107.88888888888889
8.300439222848926e-06,108.0
6.173250009630427e-06,108.1111111111111
1.1853296718714757e-05,108.22222222222221
1.5174017653188641e-05,108.33333333333333
1.192114336689103e-05,108.44444444444444
3.94441145727598e-06,108.55555555555554
1.2035965391973748e-05,108.66666666666666
9.040507346892652e-06,108.77777777777777
1.78109500654304e-05,108.88888888888889
2.3256778027718097e-05,109.0
4.959030569892755e-06,109.1111111111111
9.397351594546234e-06,109.22222222222221
8.897441163547313e-06,109.33333333333333
9.112427371639371e-06,109.44444444444444
4.448785377555538e-06,109.55555555555554
5.368487368675013e-06,109.66666666666666
1.3319282748565124e-05,109.77777777777777
1.866457853359241e-05,109.88888888888889
8.905945195588532e-06,110.0
7.048703893972701e-06,110.1111111111111
6.1475127194513086e-06,110.22222222222221
1.7002709633781243e-05,110.33333333333333
2.3781654131708446e-06,110.44444444444444
8.904762341149539e-06,110.55555555555554
1.2936337239068676e-05,110.66666666666666
1.2619741851428512e-05,110.77777777777777
1.0478537017830575e-05,110.88888888888889
2.4140294588722474e-06,111.0
1.033450575293833e-05,111.1111111111111
1.7316349988204194e-05,111.22222222222221
3.926534922886495e-06,111.33333333333333
1.6644473291203343e-06,111.44444444444444
9.026102505333265e-06,111.55555555555554
2.5706858631488003e-06,111.66666666666666
5.80691735812587e-06,111.77777777777777
5.272834770225826e-06,111.88888888888889
1.994702942305989e-05,112.0
8.653053840446058e-06,112.1111111111111
3.1364631470028636e-06,112.22222222222221
6.456844647013986e-06,112.33333333333333
7.120130867613524e-06,112.44444444444444
2.2759108407374586e-05,112.55555555555554
1.483956237255397e-05,112.66666666666666
5.2085195545834615e-06,112.77777777777777
1.0573530412559322e-05,112.88888888888889
1.207984494885097e-05,113.0
1.5661015972929117e-05,113.1111111111111
5.668925572406066e-06,113.22222222222221
9.442685105072781e-06,113.33333333333333
2.562195248790507e-06,113.44444444444444
1.1012005544925264e-06,113.55555555555554
1.4354050164727127e-05,113.66666666666666
6.395756671217767e-06,113.77777777777777
6.092923550921258e-06,113.88888888888889
1.1382287824062597e-05,114.0
8.544850625631142e-06,114.1111111111111
1.1811335473689341e-05,114.22222222222221
7.392274196380714e-06,114.33333333333333
8.157551938327841e-06,114.44444444444444
3.659329154819205e-06,114.55555555555554
2.0629448138247592e-05,114.66666666666666
8.101566878909442e-06,114.77777777777777
1.3201016452715293e-05,114.88888888888889
6.917345372772809e-06,115.0
1.4127649325011352e-05,115.1111111111111
1.145541902860235e-05,115.22222222222221
8.354405785980145e-06,115.33333333333333
3.367874955985355e-06,115.44444444444444
8.125604023292345e-06,115.55555555555554
1.4655786035013665e-05,115.66666666666666
4.626785820689674e-06,115.77777777777777
1.393419669403589e-05,115.88888888888889
1.0459944416205514e-05,116.0
2.248850827518501e-05,116.1111111111111
9.040218132702068e-06,116.22222222222221
6.081042887376717e-06,116.33333333333333
1.1321636045437709e-05,116.44444444444444
1.5081567042841932e-05,116.55555555555554
1.3345173695262519e-05,116.66666666666666
1.1939761877447648e-05,116.77777777777777
7.1094740892645654e-06,116.88888888888889
1.3679435737720281e-05,117.0
6.525552434349102e-06,117.1111111111111
1.356252757109535e-06,117.22222222222221
1.2853538419285345e-05,117.33333333333333
1.4328251859924278e-05,117.44444444444444
3.559904186832216e-06,117.55555555555554
5.448337081576512e-06,117.66666666666666
6.641553482575536e-06,117.77777777777777
2.5989109779922175e-06,117.88888888888889
7.969835366655205e-06,118.0
1.4955565804169875e-05,118.1111111111111
3.603074424102228e-06,118.22222222222221
3.891454153878974e-06,118.33333333333333
2.7916156919734153e-06,118.44444444444444
1.544005403684597e-05,118.55555555555554
1.2718737183040681e-05,118.66666666666666
5.05251347602367e-06,118.77777777777777
1.2214123502147721e-05,118.88888888888889
1.2287199057861172e-05,119.0
6.604547550089474e-06,119.1111111111111
5.976324475302967e-06,119.22222222222221
4.329398581619923e-06,119.33333333333333
1.684974722178954e-05,119.44444444444444
1.2280322591777851e-05,119.55555555555554
8.326984037939634e-06,119.66666666666666
1.7602953818384215e-05,119.77777777777777
8.597824697054173e-06,119.88888888888889
4.757002302004746e-06,120.0
1.4073154449973107e-05,120.1111111111111
4.471274940775626e-06,120.22222222222221
6.051188140652207e-06,120.33333333333333
5.792063325018368e-06,120.44444444444444
9.465474049214798e-06,120.55555555555554
1.8099861370821564e-05,120.66666666666666
8.544570091979258e-06,120.77777777777777
8.312602464976407e-06,120.88888888888889
1.8511122717784039e-06,121.0
1.4779383172931459e-05,121.1111111111111
3.7745639660681076e-06,121.22222222222221
5.917564216076506e-06,121.33333333333333
6.831619917146549e-06,121.44444444444444
2.2131340865381177e-05,121.55555555555554
5.08907104567965e-06,121.66666666666666
3.919091738437015e-06,121.77777777777777
2.408026652728604e-05,121.88888888888889
1.4680058603872366e-06,122.0
3.57263834360677e-06,122.1111111111111
1.5563720462343576e-05,122.22222222222221
7.2174685715182795e-06,122.33333333333333
1.3472992730470986e-05,122.44444444444444
1.4516006660414958e-05,122.55555555555554
3.293715748359594e-06,122.66666666666666
5.445619624130646e-06,122.77777777777777
1.168474137102749e-05,122.88888888888889
2.9272163935064285e-06,123.0
6.321627900420482e-06,123.1111111111111
7.889948071533059e-06,123.22222222222221
1.0223530890884112e-05,123.33333333333333
5.1695003285411886e-06,123.44444444444444
7.405964397772063e-06,123.55555555555554
1.0292090918384836e-05,123.66666666666666
4.021435453141381e-06,123.77777777777777
7.858043171075711e-06,123.88888888888889
1.2526463769904953e-05,124.0
3.943930335262686e-06,124.1111111111111
7.6245178853734195e-06,124.22222222222221
5.19335381866723e-06,124.33333333333333
1.0276305209821698e-05,124.44444444444444
6.6967516498627465e-06,124.55555555555554
7.798939891678987e-06,124.66666666666666
8.153336629810852e-06,124.77777777777777
7.258791722500118e-06,124.88888888888889
1.218605811476936e-05,125.0
3.570311729406415e-06,125.1111111111111
2.7139527805257745e-06,125.22222222222221
7.28317858145396e-06,125.33333333333333
6.431284116636231e-06,125.44444444444444
1.506870100748427e-05,125.55555555555554
9.589538610672824e-06,125.66666666666666
2.080316280485612e-05,125.77777777777777
1.0656489477175349e-05,125.88888888888889
5.5897459851889445e-06,126.0
2.0443069932047824e-05,126.1111111111111
2.3723086180145087e-06,126.22222222222221
4.5285721038447445e-06,126.33333333333333
1.322941704536422e-05,126.44444444444444
1.2698850009349136e-05,126.55555555555554
8.920378702841173e-06,126.66666666666666
1.5865773808550057e-06,126.77777777777777
1.3066975887045358e-05,126.88888888888889
1.839708100882001e-06,127.0
2.0462770414343277e-05,127.1111111111111
1.298413061972045e-05,127.22222222222221
2.08115617224423e-05,127.33333333333333
7.91221257703843e-06,127.44444444444444
5.772230926732418e-06,127.55555555555554
8.88197822897125e-06,127.66666666666666
1.0630975904986286e-05,127.77777777777777
1.648563574205268e-06,127.88888888888889
1.253485269392178e-05,128.0
4.975971927660375e-06,128.11111111111111
9.507614498199435e-06,128.22222222222223
4.517806801754904e-06,128.33333333333331
1.2063232257874589e-05,128.44444444444443
7.055306142156772e-06,128.55555555555554
1.5485639053687763e-05,128.66666666666666
1.3758464799578603e-05,128.77777777777777
1.0982543525133205e-05,128.88888888888889
7.508457093130894e-06,129.0
1.424961549838964e-05,129.11111111111111
2.87051662436496e-06,129.22222222222223
8.994394875759606e-06,129.33333333333331
4.241253445013772e-06,129.44444444444443
3.0676840731196506e-06,129.55555555555554
8.788908744006522e-06,129.66666666666666
6.273655179449034e-06,129.77777777777777
6.263205414437292e-06,129.88888888888889
6.821370564391467e-06,130.0
1.6404577492341966e-05,130.11111111111111
6.322985915313727e-07,130.22222222222223
4.1239108470004325e-06,130.33333333333331
8.64664634402587e-06,130.44444444444443
1.0547575840246266e-05,130.55555555555554
1.0587960992225634e-05,130.66666666666666
1.755549348831762e-05,130.77777777777777
7.338206499125871e-06,130.88888888888889
5.071238401283281e-06,131.0
1.2831159230333887e-05,131.11111111111111
1.0387977343077232e-06,131.22222222222223
1.2264291596445127e-05,131.33333333333331
1.1203165188592146e-05,131.44444444444443
9.093013313633762e-06,131.55555555555554
1.3280165420243424e-05,131.66666666666666
7.3137697206697655e-06,131.77777777777777
6.432262832568189e-06,131.88888888888889
2.1759673701243017e-06,132.0
1.3423205101194038e-05,132.11111111111111
8.457734157720648e-06,132.22222222222223
5.2436533019159604e-06,132.33333333333331
2.4691469277539443e-05,132.44444444444443
6.419750612967932e-06,132.55555555555554
1.187308458717615e-05,132.66666666666666
1.036771353870881e-05,132.77777777777777
3.9704967613120935e-06,132.88888888888889
9.632024851359906e-06,133.0
1.0225006699674648e-05,133.11111111111111
4.411171421921332e-06,133.22222222222223
1.0102083869438324e-05,133.33333333333331
8.976727338848116e-06,133.44444444444443
3.353908182836583e-06,133.55555555555554
9.685411040184118e-06,133.66666666666666
4.0545994841562695e-06,133.77777777777777
3.941846541400655e-06,133.88888888888889
7.5344939644033395e-06,134.0
4.582436695957445e-06,134.11111111111111
4.1638817222170425e-06,134.22222222222223
1.53699990533676e-05,134.33333333333331
1.561568213783515e-05,134.44444444444443
1.5048138104654725e-05,134.55555555555554
1.6771760849685266e-05,134.66666666666666
1.1179369920372297e-05,134.77777777777777
1.2589445254586862e-05,134.88888888888889
1.150682360656914e-05,135.0
6.0764842477637225e-06,135.11111111111111
1.5836060383677244e-05,135.22222222222223
7.642492722789827e-06,135.33333333333331
5.9819633074754155e-06,135.44444444444443
6.3708034715876076e-06,135.55555555555554
6.21350351084665e-06,135.66666666666666
1.6619321333833644e-05,135.77777777777777
7.29761309892922e-06,135.88888888888889
3.6238264782837256e-06,136.0
5.272722464726847e-06,136.11111111111111
1.6021885864112044e-05,136.22222222222223
1.0923825125940725e-05,136.33333333333331
6.5385984086754195e-06,136.44444444444443
5.4615863455877065e-06,136.55555555555554
3.892301552709818e-06,136.66666666666666
1.5094862985781316e-05,136.77777777777777
7.1645604234631814e-06,136.88888888888889
9.288341758486264e-06,137.0
1.310388610711762e-05,137.11111111111111
1.1510424838035175e-05,137.22222222222223
1.4595267151512585e-05,137.33333333333331
1.6349675341792765e-05,137.44444444444443
6.813882606467425e-06,137.55555555555554
1.829757040050741e-05,137.66666666666666
1.1537285614043641e-05,137.77777777777777
1.3631065468852758e-05,137.88888888888889
6.490862101590373e-06,138.0
1.0774048958209628e-05,138.11111111111111
6.44236635128102e-06,138.22222222222223
4.528080592854572e-06,138.33333333333331
7.9992817250791e-06,138.44444444444443
9.247454263861614e-06,138.55555555555554
7.029074646355341e-06,138.66666666666666
2.1127590730652416e-05,138.77777777777777
1.1163871822865753e-05,138.88888888888889
1.98914411426861e-06,139.0
1.5538860471078314e-05,139.11111111111111
1.118826183040665e-05,139.22222222222223
1.7737408729728814e-05,139.33333333333331
1.674016338825436e-05,139.44444444444443
1.1382429428599634e-05,139.55555555555554
7.988300635063079e-06,139.66666666666666
1.0209636336391859e-05,139.77777777777777
1.3465143749356691e-05,139.88888888888889
3.638474937014467e-06,140.0
1.0536937313619102e-05,140.11111111111111
2.6212097291247396e-06,140.22222222222223
1.4241134185498861e-05,140.33333333333331
9.925040945531534e-06,140.44444444444443
1.0625273702767716e-05,140.55555555555554
2.350240597962578e-06,140.66666666666666
2.9138067632878926e-06,140.77777777777777
1.2955140485762613e-06,140.88888888888889
1.637543215072714e-05,141.0
3.236347172974131e-06,141.11111111111111
3.8397601902552e-06,141.22222222222223
1.8701284988600125e-05,141.33333333333331
3.978846781083469e-06,141.44444444444443
8.33823580824071e-06,141.55555555555554
9.884395282533816e-07,141.66666666666666
6.898508939488908e-06,141.77777777777777
1.0797781405009906e-05,141.88888888888889
1.648824065769111e-05,142.0
1.516057957492482e-05,142.11111111111111
1.2219683464190318e-05,142.22222222222223
7.540871478823376e-06,142.33333333333331
1.132215488290219e-05,142.44444444444443
4.3206553902721205e-06,142.55555555555554
1.560535747008008e-05,142.66666666666666
6.544911082541179e-06,142.77777777777777
1.6763480130868987e-05,142.88888888888889
3.342634890521133e-06,143.0
8.14527904301466e-06,143.11111111111111
3.854299212005461e-06,143.2222222222222
1.0528947778545836e-05,143.33333333333331
1.6375049995978445e-05,143.44444444444443
6.664777786571022e-06,143.55555555555554
2.4439932695990717e-05,143.66666666666666
8.645640094517545e-06,143.77777777777777
1.5286538897000922e-05,143.88888888888889
6.774817997441014e-06,144.0
1.1673839623313599e-05,144.11111111111111
2.4632712948724648e-05,144.2222222222222
9.502757365536322e-06,144.33333333333331
1.0037739757687757e-05,144.44444444444443
5.576052798617838e-06,144.55555555555554
6.451763814615279e-06,144.66666666666666
1.6040855262684932e-05,144.77777777777777
1.4238702951089204e-05,144.88888888888889
1.626377614191061e-05,145.0
2.4791411735799074e-06,145.11111111111111
3.898939794918242e-06,145.2222222222222
1.3465536072592716e-05,145.33333333333331
8.876117390712734e-06,145.44444444444443
1.4983407586825448e-05,145.55555555555554
6.182110406510075e-06,145.66666666666666
1.0182128344032552e-05,145.77777777777777
3.90702081379353e-06,145.88888888888889
1.1796334224768516e-05,146.0
8.386408593759427e-06,146.11111111111111
8.339386196888584e-06,146.2222222222222
1.0387218018481077e-05,146.33333333333331
1.3168604261437943e-05,146.44444444444443
7.793635387437612e-06,146.55555555555554
7.97376367638943e-06,146.66666666666666
1.0056918952334628e-05,146.77777777777777
1.2978843012142945e-05,146.88888888888889
8.82360137804818e-06,147.0
4.5354319989173156e-06,147.11111111111111
8.238571164167555e-06,147.2222222222222
1.7365831472355173e-06,147.33333333333331
1.6309544704958672e-05,147.44444444444443
3.7605019893379845e-06,147.55555555555554
8.178992883120981e-06,147.66666666666666
3.3375806959017297e-06,147.77777777777777
1.0638427663724526e-05,147.88888888888889
2.5070440836143443e-06,148.0
4.15055393425505e-06,148.11111111111111
6.712601682403176e-06,148.2222222222222
7.774398707022525e-06,148.33333333333331
7.641483885260342e-06,148.44444444444443
6.89996981201481e-06,148.55555555555554
3.113788862947779e-06,148.66666666666666
2.9249011950382535e-05,148.77777777777777
9.622505636896426e-06,148.88888888888889
8.439614148918268e-06,149.0
2.593149564665923e-06,149.11111111111111
1.2520904600071208e-05,149.2222222222222
4.520761838115373e-06,149.33333333333331
6.611841523083368e-06,149.44444444444443
8.401626531662807e-06,149.55555555555554
1.0331437446276046e-05,149.66666666666666
1.1021685412149727e-05,149.77777777777777
1.2035975000142448e-05,149.88888888888889
1.5770838592802844e-05,150.0
7.559363445615595e-07,150.11111111111111
9.729154058726167e-06,150.2222222222222
8.487371077526212e-06,150.33333333333331
1.0902969856348542e-05,150.44444444444443
7.900316565893401e-06,150.55555555555554
8.420608245123504e-06,150.66666666666666
8.568549972579417e-06,150.77777777777777
5.39307881090243e-06,150.88888888888889
1.6606340860058786e-05,151.0
2.0906975609678994e-05,151.11111111111111
1.483413865677845e-05,151.2222222222222
1.0378203212117978e-05,151.33333333333331
9.959899752550894e-06,151.44444444444443
8.325418866563915e-06,151.55555555555554
1.2167952850059953e-05,151.66666666666666
9.031012856359134e-06,151.77777777777777
7.763572832813996e-06,151.88888888888889
1.1064213375928269e-05,152.0
8.005432768600899e-06,152.11111111111111
8.499201634850892e-06,152.2222222222222
6.817724317086684e-06,152.33333333333331
4.223688977885259e-06,152.44444444444443
6.888035047819384e-06,152.55555555555554
1.1770392146437016e-05,152.66666666666666
7.368229437189003e-06,152.77777777777777
7.43074297918258e-06,152.88888888888889
1.0850709222243524e-05,153.0
6.341052991729774e-06,153.11111111111111
1.622869119930914e-05,153.2222222222222
4.296580236030125e-06,153.33333333333331
5.757681413659107e-06,153.44444444444443
1.180717912491484e-06,153.55555555555554
7.365860801499427e-06,153.66666666666666
1.5427385815398e-05,153.77777777777777
6.911110057645712e-06,153.88888888888889
1.7770640018589932e-05,154.0
9.01294782372309e-06,154.11111111111111
4.070742533912447e-07,154.2222222222222
1.2159959159346098e-05,154.33333333333331
1.5206280593008445e-05,154.44444444444443
1.024622022205287e-05,154.55555555555554
3.1508436458877424e-06,154.66666666666666
4.519545262132393e-06,154.77777777777777
1.208277229978159e-05,154.88888888888889
1.0754665735167135e-05,155.0
2.4644247084957975e-06,155.11111111111111
1.1429327983081363e-05,155.2222222222222
6.036106505016899e-06,155.33333333333331
1.1473987518964566e-05,155.44444444444443
8.884373498683498e-07,155.55555555555554
1.2897847495827638e-05,155.66666666666666
3.6930306142486325e-06,155.77777777777777
1.2968238236487143e-05,155.88888888888889
5.575490226866264e-06,156.0
8.250349415165408e-06,156.11111111111111
9.827175675113788e-06,156.2222222222222
4.800461527303051e-06,156.33333333333331
8.422324303756282e-06,156.44444444444443
6.106061164048661e-06,156.55555555555554
9.387378332782276e-06,156.66666666666666
1.510011548132556e-05,156.77777777777777
1.3963975904592631e-05,156.88888888888889
1.637942459312953e-06,157.0
9.48400662742231e-06,157.11111111111111
1.616426634218499e-05,157.2222222222222
4.8716367381270254e-06,157.33333333333331
1.366167819646637e-05,157.44444444444443
8.735749059837598e-06,157.55555555555554
7.954834136895568e-06,157.66666666666666
1.0408947877527868e-05,157.77777777777777
1.2230556054761043e-05,157.88888888888889
2.6983116477459326e-05,158.0
8.230819526697756e-06,158.11111111111111
6.498956009844017e-06,158.2222222222222
6.273341866560572e-06,158.33333333333331
6.645787775993153e-06,158.44444444444443
1.3912041168473341e-05,158.55555555555554
1.4392212409345081e-05,158.66666666666666
1.7345037282474997e-05,158.77777777777777
9.920699698850568e-06,158.88888888888889
1.3597934953595952e-05,159.0
1.0499599251949841e-05,159.11111111111111
4.983458475529543e-06,159.2222222222222
1.3094904664521137e-05,159.33333333333331
1.644314353059602e-06,159.44444444444443
1.3532283107247677e-05,159.55555555555554
8.397006132012115e-06,159.66666666666666
1.1176367707405424e-05,159.77777777777777
6.007061959784972e-06,159.88888888888889
7.8596226934663e-06,160.0
7.1048819884114164e-06,160.11111111111111
4.275716959437556e-06,160.2222222222222
1.219144011958178e-05,160.33333333333331
2.6288278079797748e-06,160.44444444444443
4.798839847321986e-06,160.55555555555554
1.4044866079960206e-06,160.66666666666666
1.7741576548922206e-05,160.77777777777777
6.599146194813205e-06,160.88888888888889
3.4629866531485284e-06,161.0
9.042475036938152e-06,161.11111111111111
1.0454619086673541e-05,161.2222222222222
4.913330618597424e-06,161.33333333333331
7.559196512853412e-06,161.44444444444443
9.730773425536726e-06,161.55555555555554
1.058276843959614e-05,161.66666666666666
1.75036304759394e-05,161.77777777777777
5.580255934287641e-06,161.88888888888889
5.050536633761941e-06,162.0
5.964745029796316e-06,162.11111111111111
6.645760263866401e-06,162.2222222222222
1.4185917330789162e-05,162.33333333333331
9.096699919003063e-06,162.44444444444443
1.268369935313696e-05,162.55555555555554
1.0048544296593117e-05,162.66666666666666
1.128089288754578e-05,162.77777777777777
9.375195075093209e-06,162.88888888888889
1.6488761071614153e-05,163.0
6.629282107955707e-06,163.11111111111111
1.2746707340842326e-05,163.2222222222222
1.53180919206924e-05,163.33333333333331
8.407385277208978e-06,163.44444444444443
6.901096345568873e-06,163.55555555555554
8.823180054563082e-06,163.66666666666666
9.914928833669871e-06,163.77777777777777
8.156803350037774e-06,163.88888888888889
1.4125992887442985e-05,164.0
9.098251961646683e-06,164.11111111111111
1.2226038416405214e-05,164.2222222222222
1.2402321952888875e-05,164.33333333333331
1.0844631805874526e-05,164.44444444444443
1.950366452809654e-05,164.55555555555554
7.840925649428553e-06,164.66666666666666
1.3878784418546851e-05,164.77777777777777
7.610817150644907e-06,164.88888888888889
5.410490983987586e-06,165.0
1.371243678452571e-05,165.11111111111111
1.1273894310057743e-05,165.2222222222222
2.6179171622426294e-06,165.33333333333331
9.19004002767093e-06,165.44444444444443
1.612774327495233e-05,165.55555555555554
1.0280790090059392e-05,165.66666666666666
1.0206380410054889e-05,165.77777777777777
1.2777880327253826e-05,165.88888888888889
7.613867008996004e-06,166.0
3.879490869642253e-06,166.11111111111111
1.8279162133608848e-05,166.2222222222222
8.49930285662154e-06,166.33333333333331
1.4413267849475246e-05,166.44444444444443
4.626604132140352e-06,166.55555555555554
7.64328156526976e-06,166.66666666666666
5.764424905135113e-06,166.77777777777777
4.311672969395715e-06,166.88888888888889
8.457596137223816e-06,167.0
2.9670657369297793e-06,167.11111111111111
1.0647095222915106e-05,167.2222222222222
1.0003166813401563e-05,167.33333333333331
9.51859340725046e-06,167.44444444444443
3.005282556464535e-06,167.55555555555554
1.037519945628784e-05,167.66666666666666
9.4045523951424e-06,167.77777777777777
3.764181542786356e-06,167.88888888888889
4.716135533202058e-06,168.0
6.383659474854423e-06,168.11111111111111
8.579904690642998e-06,168.2222222222222
7.759370115854261e-06,168.33333333333331
2.9703130673631423e-06,168.44444444444443
7.516460973383579e-06,168.55555555555554
1.6446975925664613e-05,168.66666666666666
1.0912260303296528e-05,168.77777777777777
6.244361958061676e-06,168.88888888888889
2.2519891578434368e-05,169.0
1.2142572462925948e-05,169.11111111111111
2.443147235765574e-06,169.2222222222222
3.655208626187134e-06,169.33333333333331
3.759584714100803e-06,169.44444444444443
4.435413281549505e-06,169.55555555555554
1.7318721937906574e-05,169.66666666666666
3.6019489635376855e-06,169.77777777777777
7.0762833378608814e-06,169.88888888888889
1.6338343845118043e-05,170.0
8.030221886150627e-06,170.11111111111111
1.0536636161594776e-05,170.2222222222222
1.4409176475123103e-05,170.33333333333331
1.7544321038388907e-05,170.44444444444443
1.4500751444300683e-05,170.55555555555554
7.436013665483376e-06,170.66666666666666
6.3193215978716444e-06,170.77777777777777
1.1919762419593303e-05,170.88888888888889
8.128118482265173e-06,171.0
1.026144278597344e-05,171.11111111111111
1.621471115819185e-05,171.2222222222222
1.1442463471963444e-05,171.33333333333331
3.958843269764469e-06,171.44444444444443
4.815555700656633e-06,171.55555555555554
9.289364429127775e-06,171.66666666666666
4.872843979762223e-06,171.77777777777777
6.130646414187487e-06,171.88888888888889
1.6535665325708382e-05,172.0
1.3998644096510833e-05,172.11111111111111
8.793955537475266e-06,172.2222222222222
1.7489090944883824e-05,172.33333333333331
8.069037373613602e-06,172.44444444444443
1.5109731942254748e-05,172.55555555555554
9.794396493258058e-06,172.66666666666666
8.419775146272754e-06,172.77777777777777
1.8401709182752978e-05,172.88888888888889
5.821266097788965e-06,173.0
9.564185899773469e-06,173.11111111111111
1.624728513050622e-05,173.2222222222222
9.377208841949124e-06,173.33333333333331
7.0223794773744215e-06,173.44444444444443
1.0367483761959344e-05,173.55555555555554
7.583224392315699e-06,173.66666666666666
1.1691850109918692e-05,173.77777777777777
7.616261326901364e-06,173.88888888888889
9.550098604346844e-06,174.0
1.002894327287003e-05,174.11111111111111
1.6578556648901981e-06,174.2222222222222
2.6858111570962395e-05,174.33333333333331
1.5557175341193862e-05,174.44444444444443
1.2113323471526348e-05,174.55555555555554
7.914703952849425e-06,174.66666666666666
5.025414615738767e-06,174.77777777777777
5.603805553116041e-06,174.88888888888889
1.0443186268610514e-05,175.0
1.3239469379666848e-05,175.11111111111111
8.036453851300667e-06,175.2222222222222
3.826582066806831e-06,175.33333333333331
5.432981185366409e-06,175.44444444444443
1.9742827233863914e-05,175.55555555555554
1.8666782366692455e-05,175.66666666666666
9.98314045651596e-06,175.77777777777777
5.747198674085966e-06,175.88888888888889
1.0268336065316464e-05,176.0
1.2207402903773521e-05,176.11111111111111
7.7919981492183e-06,176.2222222222222
1.37502785853803e-05,176.33333333333331
3.9996890560455036e-06,176.44444444444443
4.88172661286068e-06,176.55555555555554
6.6819471248619845e-06,176.66666666666666
1.3192750319821265e-05,176.77777777777777
5.926380900683333e-06,176.88888888888889
1.5691178422373524e-05,177.0
4.678302906806154e-06,177.11111111111111
1.4137372960009061e-05,177.2222222222222
5.399207782274315e-06,177.33333333333331
1.5544613846877028e-05,177.44444444444443
3.7482337763328387e-06,177.55555555555554
3.999176873529078e-06,177.66666666666666
9.032670851620964e-06,177.77777777777777
4.562173332512132e-06,177.88888888888889
1.9308756958527937e-06,178.0
5.147668801425581e-07,178.11111111111111
1.4314378780098413e-05,178.2222222222222
1.0407693238875744e-05,178.33333333333331
1.1171509180106082e-05,178.44444444444443
2.589795285771785e-06,178.55555555555554
1.0867990539780503e-05,178.66666666666666
3.767391245349965e-06,178.77777777777777
8.816101963736631e-06,178.88888888888889
9.181866455596039e-06,179.0
5.441226117747776e-06,179.11111111111111
7.692723893677369e-06,179.2222222222222
1.3385982113365766e-05,179.33333333333331
8.933870544188369e-06,179.44444444444443
4.6471798546806e-06,179.55555555555554
8.966900432802483e-06,179.66666666666666
1.4026781973441213e-05,179.77777777777777
1.224789883466425e-05,179.88888888888889
6.186193908602916e-06,180.0
8.121461346713889e-06,180.11111111111111
1.4585836817982196e-05,180.2222222222222
2.572226204827798e-06,180.33333333333331
5.798589348493341e-06,180.44444444444443
6.665954387396158e-06,180.55555555555554
1.3383516393301321e-05,180.66666666666666
1.8675297583996585e-05,180.77777777777777
4.1145759899673485e-06,180.88888888888889
8.266859228666324e-06,181.0
3.096923363540731e-06,181.11111111111111
7.049859553993411e-06,181.2222222222222
1.7182480461475512e-05,181.33333333333331
2.39758085009436e-06,181.44444444444443
8.892178747569064e-06,181.55555555555554
2.937854736838457e-06,181.66666666666666
1.53648769107286e-06,181.77777777777777
1.5587967704909792e-06,181.88888888888889
7.486502531300926e-06,182.0
1.3263879847017172e-05,182.11111111111111
5.25289481855432e-06,182.2222222222222
1.060776803738522e-05,182.33333333333331
3.832129668048669e-06,182.44444444444443
1.8751832113001921e-06,182.55555555555554
5.350442893374975e-06,182.66666666666666
6.548444216850584e-06,182.77777777777777
1.9415643637500857e-05,182.88888888888889
5.81673073436467e-06,183.0
7.992730316720282e-06,183.11111111111111
1.4748935446031942e-05,183.2222222222222
8.995821890314895e-06,183.33333333333331
7.873484045741898e-06,183.44444444444443
1.0089143477244894e-05,183.55555555555554
8.72765043553159e-06,183.66666666666666
1.5860938571481542e-05,183.77777777777777
8.150267010007818e-06,183.88888888888889
7.124321828951659e-06,184.0
8.662296246409027e-06,184.11111111111111
1.4646321666263372e-05,184.2222222222222
1.6482406028625312e-05,184.33333333333331
7.252603340729721e-06,184.44444444444443
2.924993972430488e-06,184.55555555555554
9.89506077195674e-06,184.66666666666666
1.1593216279107756e-05,184.77777777777777
6.450995673704391e-06,184.88888888888889
7.279589948931113e-06,185.0
1.4109331390943473e-05,185.11111111111111
1.412272336588595e-05,185.2222222222222
1.0736582289054268e-05,185.33333333333331
1.0930449645692587e-05,185.44444444444443
1.3177519349184151e-05,185.55555555555554
1.7318612571625747e-06,185.66666666666666
3.338382350731235e-06,185.77777777777777
1.2570091757507142e-05,185.88888888888889
2.765930066996651e-06,186.0
1.303884888233828e-05,186.11111111111111
1.0948110409589477e-05,186.2222222222222
7.280447436332883e-06,186.33333333333331
5.648920464909339e-06,186.44444444444443
6.964505620296337e-06,186.55555555555554
7.99887831684279e-06,186.66666666666666
7.624191160108919e-06,186.77777777777777
1.2405594152563707e-05,186.88888888888889
5.730787772339222e-06,187.0
1.1662076258510414e-05,187.11111111111111
1.3537747732954764e-05,187.2222222222222
4.51556473091534e-06,187.33333333333331
6.4476718733973025e-06,187.44444444444443
6.387151811851722e-06,187.55555555555554
1.0840491797503517e-05,187.66666666666666
9.730587496251195e-06,187.77777777777777
1.0958125328118102e-05,187.88888888888889
3.7483130848228067e-06,188.0
7.698663470906624e-06,188.11111111111111
4.627327458680028e-06,188.2222222222222
7.326543012970912e-06,188.33333333333331
1.1106163254089644e-05,188.44444444444443
1.1258589506316378e-05,188.55555555555554
1.4321217536155761e-05,188.66666666666666
1.8626292786514525e-06,188.77777777777777
5.368143279613338e-06,188.88888888888889
6.0546291802833545e-06,189.0
3.1254867318481843e-06,189.11111111111111
1.0473824052021028e-05,189.2222222222222
1.516746667693029e-05,189.33333333333331
9.79781160838323e-06,189.44444444444443
9.117295769818789e-06,189.55555555555554
5.270839014069563e-06,189.66666666666666
8.136769785855908e-06,189.77777777777777
1.1637658318263067e-05,189.88888888888889
4.3518293783667365e-06,190.0
1.1289359935948183e-05,190.11111111111111
6.292724245557914e-06,190.2222222222222
1.0174105500328427e-05,190.33333333333331
6.689731847048254e-06,190.44444444444443
7.3970388399211945e-06,190.55555555555554
7.809823899850766e-06,190.66666666666666
8.482565067870112e-06,190.77777777777777
5.167444490514072e-06,190.88888888888889
4.91741846079262e-06,191.0
9.551772001764131e-06,191.11111111111111
8.780965440343846e-06,191.2222222222222
8.366429128769846e-06,191.33333333333331
1.3301603093300864e-05,191.44444444444443
8.654657146305915e-06,191.55555555555554
8.227889094175543e-06,191.66666666666666
1.1281832395084437e-05,191.77777777777777
1.2989750057054791e-05,191.88888888888889
1.6837984893889522e-05,192.0
2.311916130146827e-06,192.11111111111111
7.204480265617577e-06,192.2222222222222
1.0280044243797733e-05,192.33333333333331
2.3424474501345116e-06,192.44444444444443
6.803760142223006e-06,192.55555555555554
1.7948592115383578e-05,192.66666666666666
7.298042591115881e-06,192.77777777777777
1.2943645024965531e-05,192.88888888888889
1.013356182025536e-05,193.0
7.419218593021265e-06,193.11111111111111
9.900488955143053e-07,193.2222222222222
1.2403059774932843e-05,193.33333333333331
7.902742262521665e-06,193.44444444444443
4.917121951960657e-06,193.55555555555554
1.1022705178712053e-05,193.66666666666666
5.903901639685298e-06,193.77777777777777
3.4629285497831184e-06,193.88888888888889
2.1472843735714776e-05,194.0
5.410341987039732e-06,194.11111111111111
1.118043050178523e-05,194.2222222222222
4.7837761100269185e-06,194.33333333333331
1.5631218533200985e-05,194.44444444444443
1.2084238076131471e-05,194.55555555555554
6.968219604226625e-06,194.66666666666666
2.479707324863734e-06,194.77777777777777
2.6480693079764995e-07,194.88888888888889
3.9209651596157275e-06,195.0
7.920204571261868e-06,195.11111111111111
6.183675159763131e-06,195.2222222222222
9.335903622322111e-06,195.33333333333331
3.1026851893554103e-06,195.44444444444443
3.2382869617010735e-06,195.55555555555554
6.65933927894323e-06,195.66666666666666
7.371873158842942e-06,195.77777777777777
1.3138406877940831e-05,195.88888888888889
1.4656818537583935e-05,196.0
6.89864573068703e-06,196.11111111111111
1.2418471036991002e-05,196.2222222222222
9.787014316369208e-06,196.33333333333331
3.451026408403653e-06,196.44444444444443
4.823861228928713e-06,196.55555555555554
9.740474815247473e-06,196.66666666666666
4.589766103342123e-06,196.77777777777777
7.348096052289961e-06,196.88888888888889
1.270161083954479e-05,197.0
1.8566310130774954e-05,197.11111111111111
1.1561779050705341e-05,197.2222222222222
5.621168137440787e-06,197.33333333333331
5.5318921841046754e-06,197.44444444444443
5.387477161918211e-06,197.55555555555554
4.45443516893545e-06,197.66666666666666
1.0593212903386403e-05,197.77777777777777
8.598056131808745e-06,197.88888888888889
9.64425219298134e-06,198.0
1.4284610550755238e-05,198.11111111111111
1.4014900926872584e-05,198.2222222222222
4.091649627922662e-06,198.33333333333331
1.603069853427343e-05,198.44444444444443
1.3999916504880288e-05,198.55555555555554
1.930385337380505e-06,198.66666666666666
6.638821946533337e-06,198.77777777777777
1.4564288002352554e-05,198.88888888888889
1.1659934236984216e-05,199.0
1.1792564107269668e-05,199.1111111111111
4.1356311288542125e-06,199.2222222222222
1.8877388382559477e-06,199.33333333333331
1.6897660088104345e-05,199.44444444444443
9.27029397689817e-06,199.55555555555554
7.285978970789379e-06,199.66666666666666
3.4210483088924503e-06,199.77777777777777
7.175941146154079e-06,199.88888888888889
1.3052054873749844e-05,200.0
5.426854448849259e-06,200.1111111111111
7.416922094820024e-06,200.2222222222222
8.89493409763399e-06,200.33333333333331
3.4644096156025518e-06,200.44444444444443
1.7946802733204473e-05,200.55555555555554
9.168434416223486e-06,200.66666666666666
1.356544821017012e-05,200.77777777777777
7.475625213027528e-06,200.88888888888889
4.762349177170241e-06,201.0
3.493899062446813e-06,201.1111111111111
3.945596066778189e-06,201.2222222222222
8.305490030729904e-06,201.33333333333331
1.7962277058036437e-05,201.44444444444443
6.735400755306897e-06,201.55555555555554
3.555446915457237e-06,201.66666666666666
2.965670432946551e-06,201.77777777777777
1.3407897465999241e-05,201.88888888888889
8.072560750001481e-06,202.0
1.774349639931128e-06,202.1111111111111
1.3639932438921157e-05,202.2222222222222
9.157945323074979e-06,202.33333333333331
8.133989321604785e-06,202.44444444444443
1.3180059780037798e-05,202.55555555555554
5.6847093936721635e-06,202.66666666666666
8.295896203785245e-06,202.77777777777777
6.862121567343301e-06,202.88888888888889
7.457566026206515e-06,203.0
1.324042805600769e-05,203.1111111111111
1.1038690738883892e-05,203.2222222222222
1.6818925285893353e-05,203.33333333333331
9.95809045088006e-06,203.44444444444443
1.3042140129084413e-06,203.55555555555554
1.0053689461758092e-05,203.66666666666666
1.7293108319279368e-06,203.77777777777777
1.4796409468363371e-06,203.88888888888889
4.78582410164145e-06,204.0
1.4327390606639454e-05,204.1111111111111
9.38621946184607e-07,204.2222222222222
1.3246456676197685e-05,204.33333333333331
5.641812266505263e-06,204.44444444444443
9.118553979890628e-06,204.55555555555554
4.633506697121705e-06,204.66666666666666
3.17084912767821e-06,204.77777777777777
1.0147198353572568e-05,204.88888888888889
8.725445318448929e-06,205.0
1.727011211771779e-05,205.1111111111111
4.2097572915646805e-06,205.2222222222222
6.72440579033512e-06,205.33333333333331
3.2928287804307504e-06,205.44444444444443
4.956922018891796e-06,205.55555555555554
1.3408259062823495e-05,205.66666666666666
2.0578868319012106e-05,205.77777777777777
1.837664606781985e-06,205.88888888888889
1.0754587027191357e-05,206.0
6.87723990843678e-06,206.1111111111111
1.1406702042832566e-05,206.2222222222222
2.146793454292566e-06,206.33333333333331
1.0234202028747578e-05,206.44444444444443
1.88502214840048e-05,206.55555555555554
1.3753586489430894e-05,206.66666666666666
9.172377901435521e-06,206.77777777777777
4.8183772541629905e-06,206.88888888888889
1.7075400124686827e-05,207.0
7.360268102694518e-06,207.1111111111111
4.920824482178763e-06,207.2222222222222
5.175241397106198e-06,207.33333333333331
1.3084804031021687e-05,207.44444444444443
5.745687048310303e-06,207.55555555555554
1.0351940772598203e-05,207.66666666666666
1.6767395763356434e-05,207.77777777777777
3.802181143621561e-06,207.88888888888889
5.146201237400399e-06,208.0
1.7537080169599798e-05,208.1111111111111
6.432302190643151e-06,208.2222222222222
8.222766394180369e-06,208.33333333333331
1.2076986367405635e-05,208.44444444444443
5.858881040013299e-06,208.55555555555554
1.1163763421240308e-05,208.66666666666666
1.0244432667470049e-05,208.77777777777777
2.3502387821419244e-06,208.88888888888889
2.097252307710408e-05,209.0
7.418672595238509e-07,209.1111111111111
1.0090752801902492e-05,209.2222222222222
9.433570362924648e-06,209.33333333333331
1.576796629551708e-05,209.44444444444443
7.533115653668583e-06,209.55555555555554
6.229837141404238e-06,209.66666666666666
7.095465677361837e-06,209.77777777777777
6.333424526319074e-06,209.88888888888889
1.0569532396155106e-05,210.0
7.181909044846523e-06,210.1111111111111
1.0326244035794653e-05,210.2222222222222
1.1609302162706796e-05,210.33333333333331
1.607804213032298e-05,210.44444444444443
3.3659700810056724e-06,210.55555555555554
1.8659476637031363e-05,210.66666666666666
1.235520139087191e-05,210.77777777777777
7.611942577362102e-06,210.88888888888889
1.8197610688441062e-05,211.0
1.405486382898619e-05,211.1111111111111
1.1781647467872942e-05,211.2222222222222
1.0603666042813013e-05,211.33333333333331
1.9040263511969302e-05,211.44444444444443
1.5586280006847068e-05,211.55555555555554
9.36702024277532e-06,211.66666666666666
1.4859411338842778e-05,211.77777777777777
4.294667817464304e-06,211.88888888888889
3.2703629135118524e-06,212.0
8.094371794502777e-06,212.1111111111111
2.78332865898418e-06,212.2222222222222
4.827088853087254e-06,212.33333333333331
1.6687927736133326e-05,212.44444444444443
4.4279680298304105e-06,212.55555555555554
3.0029670843496966e-06,212.66666666666666
5.991443993776254e-06,212.77777777777777
1.9730046095518515e-05,212.88888888888889
1.1101188655306786e-05,213.0
8.246883182326819e-06,213.1111111111111
1.2195472165943633e-05,213.2222222222222
1.1653260696437594e-05,213.33333333333331
1.1381378028722278e-05,213.44444444444443
4.03723804752699e-06,213.55555555555554
1.3762998083845482e-05,213.66666666666666
6.107890403569546e-06,213.77777777777777
9.598212702104428e-06,213.88888888888889
1.1893646370042143e-05,214.0
6.925013116422017e-06,214.1111111111111
4.20745173949515e-06,214.2222222222222
7.470637482571559e-06,214.33333333333331
1.3738108466229667e-05,214.44444444444443
3.96659007112634e-06,214.55555555555554
1.6452031438753528e-05,214.66666666666666
4.018337900573085e-06,214.77777777777777
4.019061367445986e-06,214.88888888888889
7.699431552588502e-06,215.0
6.093346139263692e-06,215.1111111111111
1.029686074705149e-05,215.2222222222222
1.4413773905532858e-05,215.33333333333331
1.1865894122806568e-05,215.44444444444443
8.100661875798283e-06,215.55555555555554
1.643081382750073e-06,215.66666666666666
3.881670465320926e-06,215.77777777777777
4.342504955183071e-06,215.88888888888889
1.5074344733406463e-05,216.0
1.6335442291712727e-05,216.1111111111111
1.1648666225871076e-05,216.2222222222222
1.2120365922771646e-05,216.33333333333331
3.849856161479753e-06,216.44444444444443
5.506219073718198e-06,216.55555555555554
1.7032829869997647e-05,216.66666666666666
4.170973776213345e-06,216.77777777777777
8.773170707579874e-06,216.88888888888889
1.0089046145470767e-05,217.0
1.1466156764852039e-05,217.1111111111111
1.1078400171371872e-05,217.2222222222222
1.2263300384992372e-05,217.33333333333331
2.1920998872930997e-05,217.44444444444443
6.14783975819542e-06,217.55555555555554
1.1826290316680904e-05,217.66666666666666
3.068137718744249e-06,217.77777777777777
1.8481446704652982e-05,217.88888888888889
8.311947654935762e-06,218.0
8.185220757464718e-06,218.1111111111111
1.1016402067910245e-05,218.2222222222222
3.15295775521865e-06,218.33333333333331
4.04951176774635e-06,218.44444444444443
3.825009780350176e-06,218.55555555555554
1.0839570504257175e-05,218.66666666666666
3.1819913041608062e-06,218.77777777777777
3.001926163795721e-06,218.88888888888889
2.96378615225235e-06,219.0
1.3725910748307414e-05,219.1111111111111
2.083107091105631e-05,219.2222222222222
3.2510144935380385e-06,219.33333333333331
2.7057997246337355e-06,219.44444444444443
7.885960718468971e-06,219.55555555555554
8.19872833850668e-06,219.66666666666666
4.592102440567561e-06,219.77777777777777
3.1494163115945844e-06,219.88888888888889
1.7839152052862526e-05,220.0
8.876280407327538e-06,220.1111111111111
1.1449664755852911e-05,220.2222222222222
1.0750133319624518e-06,220.33333333333331
8.43233123692228e-06,220.44444444444443
3.3435664707372157e-06,220.55555555555554
9.171701917878056e-06,220.66666666666666
6.331446402313982e-06,220.77777777777777
8.326221811580823e-06,220.88888888888889
8.74274612942438e-06,221.0
1.2979448701409458e-05,221.1111111111111
1.3383944559900595e-05,221.2222222222222
9.70694008820581e-06,221.33333333333331
1.872663072708348e-05,221.44444444444443
1.9698766263606884e-05,221.55555555555554
1.1376356529876686e-05,221.66666666666666
1.3369451290665404e-05,221.77777777777777
1.3340689291670295e-06,221.88888888888889
5.357707947438972e-06,222.0
2.1596746453239875e-05,222.1111111111111
4.39458940889854e-06,222.2222222222222
7.214649334756679e-06,222.33333333333331
5.234068702153089e-06,222.44444444444443
1.1841190651581111e-05,222.55555555555554
1.7524402075547648e-05,222.66666666666666
3.5068491042059263e-06,222.77777777777777
6.211941117204045e-06,222.88888888888889
8.016575382475881e-06,223.0
1.9426667842512042e-05,223.1111111111111
7.142367770372614e-06,223.2222222222222
6.204256749277812e-06,223.33333333333331
7.210753618300302e-06,223.44444444444443
6.139657195754258e-06,223.55555555555554
4.789430650202565e-06,223.66666666666666
2.17418080655185e-05,223.77777777777777
1.4294093104910484e-05,223.88888888888889
7.191706780295306e-06,224.0
7.196540492986775e-06,224.1111111111111
8.168150262546875e-06,224.2222222222222
1.3622454539529523e-05,224.33333333333331
1.3699119376862825e-05,224.44444444444443
1.021314029541023e-05,224.55555555555554
7.853116039107189e-06,224.66666666666666
1.8104611676382937e-05,224.77777777777777
1.4392130746617233e-05,224.88888888888889
1.4618160419378063e-06,225.0
1.5404349722690714e-05,225.1111111111111
7.3774994224512245e-06,225.2222222222222
1.5443834282035526e-05,225.33333333333331
4.9669263068251305e-06,225.44444444444443
1.0100623433788938e-05,225.55555555555554
8.457989523640334e-06,225.66666666666666
5.110126701539537e-06,225.77777777777777
1.2862963728897129e-05,225.88888888888889
9.67304491226738e-06,226.0
1.4056258312670069e-05,226.1111111111111
3.832980415901808e-06,226.2222222222222
9.082256058921408e-06,226.33333333333331
1.7443694497719075e-06,226.44444444444443
2.3979193999291415e-06,226.55555555555554
1.5231976908602597e-05,226.66666666666666
3.159139532959865e-06,226.77777777777777
1.3097873994818216e-05,226.88888888888889
7.006380763716067e-06,227.0
1.0722129021523182e-06,227.1111111111111
5.704809426245158e-06,227.2222222222222
1.0576748747897691e-05,227.33333333333331
3.635982377011281e-06,227.44444444444443
1.020341485748125e-05,227.55555555555554
1.3440807444831147e-05,227.66666666666666
8.40304303461096e-06,227.77777777777777
6.881419425566484e-06,227.88888888888889
1.1752632688188548e-05,228.0
9.45038331445579e-07,228.1111111111111
1.9255303060620322e-05,228.2222222222222
4.971625026009602e-06,228.33333333333331
1.4988584544659282e-05,228.44444444444443
3.3209455872723644e-06,228.55555555555554
7.791862913149556e-06,228.66666666666666
1.1848947652367867e-05,228.77777777777777
7.369219888304752e-06,228.88888888888889
9.138736302249724e-06,229.0
1.1152552333422835e-05,229.1111111111111
4.385870631694052e-06,229.2222222222222
2.195209909978599e-05,229.33333333333331
1.2506744933994703e-05,229.44444444444443
9.923167782924872e-06,229.55555555555554
4.455745807981681e-06,229.66666666666666
1.387642647631382e-05,229.77777777777777
5.469400185935109e-06,229.88888888888889
1.6455535249204873e-05,230.0
7.638694444459492e-06,230.1111111111111
4.138605532308675e-06,230.2222222222222
9.421662812931468e-06,230.33333333333331
1.2830471660107818e-05,230.44444444444443
7.252334443430527e-06,230.55555555555554
1.3862233430380945e-05,230.66666666666666
9.748084014306043e-06,230.77777777777777
2.016210425951037e-05,230.88888888888889
1.0564944770279948e-05,231.0
6.996934389378872e-06,231.1111111111111
3.434633083764354e-06,231.2222222222222
1.5068530492968181e-05,231.33333333333331
8.580432893809662e-06,231.44444444444443
4.01067060318245e-06,231.55555555555554
8.87929989649292e-06,231.66666666666666
7.863026498502173e-06,231.77777777777777
8.547851949737983e-06,231.88888888888889
1.2114557199812672e-05,232.0
8.998672323991242e-06,232.1111111111111
5.921452215986801e-06,232.2222222222222
7.693605218731843e-06,232.33333333333331
6.4556188151962845e-06,232.44444444444443
5.782020050208192e-06,232.55555555555554
2.252934195466745e-05,232.66666666666666
1.5064010811493507e-05,232.77777777777777
1.1238530121591891e-05,232.88888888888889
1.540180500313095e-05,233.0
1.1706140063146456e-05,233.1111111111111
7.826605964591428e-06,233.2222222222222
1.6834616150993814e-06,233.33333333333331
2.206314241196613e-06,233.44444444444443
1.0150542369802694e-05,233.55555555555554
4.332316950726448e-06,233.66666666666666
5.758862435548642e-06,233.77777777777777
1.1083924959922622e-05,233.88888888888889
1.2175201612360918e-05,234.0
6.312000327750703e-07,234.1111111111111
1.6807320811674467e-05,234.2222222222222
4.691752040231832e-06,234.33333333333331
4.700177167708146e-06,234.44444444444443
1.8032295538257325e-05,234.55555555555554
2.7568551204265794e-06,234.66666666666666
1.6757893924758556e-05,234.77777777777777
1.2198786475318316e-05,234.88888888888889
4.399931264579178e-06,235.0
6.067119610176724e-06,235.1111111111111
8.649615477001754e-06,235.2222222222222
1.8183406053313794e-05,235.33333333333331
1.8735791586824304e-05,235.44444444444443
4.602885310221911e-06,235.55555555555554
1.569986578055974e-05,235.66666666666666
4.558698631074467e-06,235.77777777777777
2.7783734667990465e-06,235.88888888888889
1.2888663898177238e-05,236.0
4.704875964069156e-06,236.1111111111111
7.242562548715504e-06,236.2222222222222
3.952381198434012e-06,236.33333333333331
1.035515145432228e-05,236.44444444444443
9.672651565958436e-06,236.55555555555554
3.786958296151672e-06,236.66666666666666
1.2064311865388259e-05,236.77777777777777
7.838771528802805e-06,236.88888888888889
8.095660350002518e-06,237.0
1.1529169752785853e-05,237.1111111111111
4.969110484887672e-06,237.2222222222222
4.462416770358519e-06,237.33333333333331
1.271718321208691e-05,237.44444444444443
3.4669081784868945e-06,237.55555555555554
1.068562734659524e-05,237.66666666666666
1.3850634494873264e-05,237.77777777777777
4.3270134895014074e-06,237.88888888888889
1.2520145229005629e-05,238.0
1.0530102320233265e-05,238.1111111111111
1.3031442440066966e-05,238.2222222222222
2.675959084039557e-06,238.33333333333331
1.2800456922526734e-05,238.44444444444443
2.6539383716252082e-06,238.55555555555554
1.9615382664493667e-05,238.66666666666666
4.307269028757993e-06,238.77777777777777
8.319077817847231e-06,238.88888888888889
5.5313264310809685e-06,239.0
1.5595334246023334e-05,239.1111111111111
1.480467999728913e-05,239.2222222222222
1.5279267013088652e-05,239.33333333333331
2.3377389691679047e-06,239.44444444444443
1.160061874625435e-05,239.55555555555554
2.3825692891219886e-06,239.66666666666666
1.1292483349670553e-05,239.77777777777777
5.0230405553193635e-06,239.88888888888889
4.7242189909203785e-06,240.0
9.452423405276411e-06,240.1111111111111
1.3780477161005849e-05,240.2222222222222
2.494079797767176e-06,240.33333333333331
1.1188114571113222e-05,240.44444444444443
4.264277083165588e-06,240.55555555555554
7.220149155363163e-06,240.66666666666666
1.4347062029251508e-05,240.77777777777777
7.492452675277315e-06,240.88888888888889
6.771348866436918e-06,241.0
2.0927123885584342e-05,241.1111111111111
1.0497262479271648e-05,241.2222222222222
1.1310629843293523e-05,241.33333333333331
1.47810299707972e-05,241.44444444444443
8.193190072019887e-06,241.55555555555554
1.0284335247656775e-05,241.66666666666666
1.4846977075734672e-05,241.77777777777777
2.6680868978277453e-06,241.88888888888889
9.48333539793884e-07,242.0
1.4286020401714443e-05,242.1111111111111
8.15583757903597e-06,242.2222222222222
1.0995818122077683e-05,242.33333333333331
7.808241953669647e-06,242.44444444444443
5.1324069144919056e-06,242.55555555555554
7.180117362933957e-06,242.66666666666666
1.190127044279775e-05,242.77777777777777
6.41466885178494e-06,242.88888888888889
1.1217247577407724e-05,243.0
7.97865792412959e-06,243.1111111111111
1.430259011151725e-05,243.2222222222222
7.482854381617425e-06,243.33333333333331
6.063254284284391e-06,243.44444444444443
1.2895504024221637e-05,243.55555555555554
1.5599821459434113e-05,243.66666666666666
1.33101504307918e-05,243.77777777777777
9.490335507279213e-06,243.88888888888889
6.945937097254805e-06,244.0
7.3806974447814116e-06,244.1111111111111
1.0319552234257745e-05,244.2222222222222
6.636369148496554e-06,244.33333333333331
8.864190501716536e-06,244.44444444444443
7.83119579774489e-06,244.55555555555554
1.8256229622421564e-05,244.66666666666666
2.652897625616621e-07,244.77777777777777
1.1580728279463068e-05,244.88888888888889
7.288334436743981e-06,245.0
1.1014283608479954e-05,245.1111111111111
1.050036152510785e-05,245.2222222222222
6.713800298954077e-06,245.33333333333331
1.8802678962461467e-06,245.44444444444443
1.3404858923295172e-05,245.55555555555554
2.999796594364288e-06,245.66666666666666
8.477355081076592e-06,245.77777777777777
7.1163114161457895e-06,245.88888888888889
1.3486211873508116e-05,246.0
5.058373165692302e-06,246.1111111111111
4.7788419635031864e-06,246.2222222222222
8.336549614702558e-06,246.33333333333331
4.9248383983264715e-06,246.44444444444443
1.3850779174308451e-05,246.55555555555554
2.9136455435426797e-06,246.66666666666666
1.2196331293697128e-05,246.77777777777777
1.0070376218725378e-05,246.88888888888889
1.2103027507216788e-05,247.0
9.4142401451266e-06,247.1111111111111
5.3127668445383875e-06,247.2222222222222
7.4319423847684244e-06,247.33333333333331
1.3083833284110171e-06,247.44444444444443
4.833865760584288e-06,247.55555555555554
1.002918698339518e-05,247.66666666666666
8.926403074789716e-06,247.77777777777777
1.031360789989621e-05,247.88888888888889
2.6888227574201053e-06,248.0
9.744513274506267e-06,248.1111111111111
6.3412503854245e-06,248.2222222222222
8.891840236021524e-06,248.33333333333331
7.147450518864621e-06,248.44444444444443
2.7702203525849503e-06,248.55555555555554
1.4227354480538175e-05,248.66666666666666
6.714513478083235e-06,248.77777777777777
1.5585209934331906e-05,248.88888888888889
6.187053565120158e-06,249.0
7.990019024870466e-06,249.1111111111111
1.301950907830573e-05,249.2222222222222
1.819422420479066e-05,249.33333333333331
2.9972099950231132e-06,249.44444444444443
4.602389248004867e-06,249.55555555555554
5.219839682500232e-06,249.66666666666666
6.625515930728943e-06,249.77777777777777
7.719938334925185e-06,249.88888888888889
6.6071416654471644e-06,250.0
2.3040403262903152e-05,250.1111111111111
9.445085350078249e-06,250.2222222222222
7.697319809356106e-06,250.33333333333331
5.306325405447205e-06,250.44444444444443
2.645195074546678e-06,250.55555555555554
8.698072155716278e-06,250.66666666666666
1.2698404118602727e-05,250.77777777777777
1.6117938825074615e-05,250.88888888888889
1.0303100101468443e-05,251.0
1.0609164837094445e-05,251.1111111111111
4.442181188244484e-06,251.2222222222222
4.669158373349899e-06,251.33333333333331
6.3755110676248696e-06,251.44444444444443
1.5236485532290725e-05,251.55555555555554
1.3878451761716326e-05,251.66666666666666
1.4623546007727179e-05,251.77777777777777
8.750280478382318e-06,251.88888888888889
3.803915713499424e-06,252.0
3.5962708504464517e-06,252.1111111111111
3.7581134949800875e-06,252.2222222222222
1.3307570552261986e-05,252.33333333333331
9.485618071496693e-06,252.44444444444443
1.732156744636178e-05,252.55555555555554
2.578779640051869e-06,252.66666666666666
1.2319385855880852e-05,252.77777777777777
1.2354918177282592e-05,252.88888888888889
3.5508953110504834e-06,253.0
4.297065362907854e-06,253.1111111111111
9.831775062535056e-06,253.2222222222222
1.3934948922760904e-05,253.33333333333331
1.5213654210572869e-05,253.44444444444443
6.957712789741974e-06,253.55555555555554
1.187917097269387e-05,253.66666666666666
8.101809391668154e-06,253.77777777777777
4.592106680558235e-06,253.88888888888889
9.109523181855398e-06,254.0
9.113154311161941e-06,254.1111111111111
6.087255016469821e-06,254.2222222222222
6.628034935736396e-06,254.33333333333331
6.829891964611574e-06,254.44444444444443
1.795416273036634e-05,254.55555555555554
8.4192823929683e-06,254.66666666666666
1.077773095763044e-05,254.77777777777777
8.000655051898613e-06,254.88888888888889
1.4454044400259063e-05,255.0
8.680815762691115e-06,255.1111111111111
1.440235028575749e-05,255.2222222222222
2.845281357564693e-06,255.33333333333331
8.68180225517818e-06,255.44444444444443
1.5692616275989657e-05,255.55555555555554
1.0240775825525146e-05,255.66666666666666
1.371586155154585e-05,255.77777777777777
1.934396873037908e-05,255.88888888888889
5.207084317535212e-06,256.0
5.937207159188195e-06,256.1111111111111
4.946678774336336e-06,256.22222222222223
1.6897493433025828e-05,256.3333333333333
1.1731660881877405e-05,256.44444444444446
1.5102401254727067e-05,256.55555555555554
1.26032750994944e-05,256.66666666666663
6.030741916230599e-06,256.77777777777777
7.660051011828314e-06,256.88888888888886
1.163402222486731e-05,257.0
9.525894564885646e-06,257.1111111111111
1.7260186998221223e-05,257.22222222222223
1.6752955659410773e-05,257.3333333333333
3.893569407304333e-06,257.44444444444446
6.439153934699645e-06,257.55555555555554
9.114010885648753e-06,257.66666666666663
6.230980028013809e-06,257.77777777777777
4.170304522796635e-06,257.88888888888886
8.053406189415117e-06,258.0
2.787883670224864e-06,258.1111111111111
7.664512374486297e-06,258.22222222222223
6.76296740982264e-06,258.3333333333333
7.0293762792500696e-06,258.44444444444446
7.009874237472768e-06,258.55555555555554
3.349745658051234e-06,258.66666666666663
9.982446442767776e-06,258.77777777777777
5.1687311818929325e-06,258.88888888888886
1.1091984536846085e-05,259.0
1.20276163495307e-05,259.1111111111111
2.656360025390052e-06,259.22222222222223
1.5589385952283014e-05,259.3333333333333
9.493509484029073e-06,259.44444444444446
2.648865633988582e-05,259.55555555555554
7.738073043283196e-06,259.66666666666663
8.9424300593693e-06,259.77777777777777
4.947741507261255e-06,259.88888888888886
1.1213951350844773e-05,260.0
4.352439458273379e-06,260.1111111111111
6.425174028138268e-06,260.22222222222223
1.705548132566336e-05,260.3333333333333
9.321714592532648e-06,260.44444444444446
1.1066865142452927e-05,260.55555555555554
8.161121804837687e-06,260.66666666666663
7.010310557202881e-06,260.77777777777777
4.092317164189505e-06,260.88888888888886
3.883347443666964e-06,261.0
2.96935805053471e-06,261.1111111111111
1.1045197390279257e-05,261.22222222222223
5.956418140871687e-06,261.3333333333333
1.1718659314343269e-05,261.44444444444446
6.3756746891286285e-06,261.55555555555554
1.003352608112775e-05,261.66666666666663
8.505677925452395e-06,261.77777777777777
8.585503704909783e-06,261.88888888888886
5.47239261233372e-06,262.0
1.774850457811527e-06,262.1111111111111
6.565233247175973e-06,262.22222222222223
6.301630573528409e-06,262.3333333333333
7.138119977226348e-06,262.44444444444446
1.2174477743836144e-05,262.55555555555554
1.4433441359590445e-05,262.66666666666663
1.3435570832053305e-05,262.77777777777777
2.1400560642577646e-05,262.88888888888886
8.00812905532265e-06,263.0
4.481431771314956e-06,263.1111111111111
3.3381074121054315e-06,263.22222222222223
1.6065479818615307e-05,263.3333333333333
2.5919555651461157e-06,263.44444444444446
1.1065478757225775e-05,263.55555555555554
1.3190051149754444e-05,263.66666666666663
1.1861889160802514e-05,263.77777777777777
2.6653676313551096e-06,263.88888888888886
5.351315572553116e-06,264.0
8.655892832188786e-06,264.1111111111111
1.3661324768709017e-05,264.22222222222223
6.651105767554651e-06,264.3333333333333
1.1142219469103392e-06,264.44444444444446
8.927492181851313e-06,264.55555555555554
8.056615181165497e-06,264.66666666666663
9.463053486845438e-06,264.77777777777777
1.3666508967651846e-05,264.88888888888886
1.1769888254446577e-05,265.0
3.104270611247097e-06,265.1111111111111
6.7504168166359504e-06,265.22222222222223
1.2583410369133095e-05,265.3333333333333
8.775536947672357e-06,265.44444444444446
1.917446287326375e-05,265.55555555555554
9.085651594189422e-06,265.66666666666663
7.280192654948789e-06,265.77777777777777
1.610355786639371e-05,265.88888888888886
1.8492141766966847e-05,266.0
1.0227188452815745e-05,266.1111111111111
1.8988845683612113e-05,266.22222222222223
1.102355123700237e-05,266.3333333333333
9.18018624941023e-06,266.44444444444446
1.2740564832304052e-05,266.55555555555554
1.3745491670564642e-05,266.66666666666663
5.894291740382018e-06,266.77777777777777
4.86727987853715e-06,266.88888888888886
1.424939549393842e-05,267.0
7.60480381530664e-06,267.1111111111111
7.911601936996532e-06,267.22222222222223
1.1041128619383607e-05,267.3333333333333
1.2226319479465984e-05,267.44444444444446
1.2711769132761248e-05,267.55555555555554
2.1094324215220617e-05,267.66666666666663
6.132285174021685e-06,267.77777777777777
1.193380898169144e-05,267.88888888888886
7.477181976568608e-06,268.0
1.5129911221288602e-05,268.1111111111111
6.9174085912714575e-06,268.22222222222223
1.710123156197685e-05,268.3333333333333
3.7463303617592104e-06,268.44444444444446
6.419064852559854e-06,268.55555555555554
1.2616866962237471e-05,268.66666666666663
1.7576340402807022e-05,268.77777777777777
1.3705664799385573e-06,268.88888888888886
5.455351827297637e-06,269.0
1.841514054310652e-05,269.1111111111111
1.2811923960166982e-05,269.22222222222223
1.0876378144109311e-05,269.3333333333333
7.856958025983055e-06,269.44444444444446
1.1673867950994639e-05,269.55555555555554
1.272238757481581e-05,269.66666666666663
7.983207001845062e-06,269.77777777777777
6.3989968352403334e-06,269.88888888888886
6.390409603025543e-06,270.0
2.5842720819690974e-06,270.1111111111111
7.69049389853569e-06,270.22222222222223
4.886711337986602e-06,270.3333333333333
1.6950593323276288e-05,270.44444444444446
3.60143812710168e-06,270.55555555555554
9.228612293237746e-06,270.66666666666663
4.883920586522084e-06,270.77777777777777
1.656881341165003e-05,270.88888888888886
1.1290329562437587e-05,271.0
1.2001330522930849e-05,271.1111111111111
1.2283952326879831e-05,271.22222222222223
1.2800940510543884e-05,271.3333333333333
1.4490986941802955e-05,271.44444444444446
1.8030953139153678e-05,271.55555555555554
1.1641535207493684e-05,271.66666666666663
5.812319406701499e-07,271.77777777777777
8.713697272424013e-06,271.88888888888886
3.5892519811951723e-06,272.0
1.5212057680756202e-05,272.1111111111111
4.6664987955936465e-06,272.22222222222223
7.4001550320821735e-06,272.3333333333333
6.197638699240439e-06,272.44444444444446
2.215500065940714e-06,272.55555555555554
1.1515553519140671e-05,272.66666666666663
8.767356476923729e-06,272.77777777777777
4.661813238686063e-06,272.88888888888886
7.1664211249262836e-06,273.0
6.994825713211325e-06,273.1111111111111
8.368021029416164e-06,273.22222222222223
6.158404080955619e-06,273.3333333333333
1.7073303997893967e-05,273.44444444444446
1.2857418934497784e-05,273.55555555555554
9.089337660103705e-06,273.66666666666663
1.219253653639064e-05,273.77777777777777
1.2879352239951047e-05,273.88888888888886
4.4110807119032836e-06,274.0
4.408712244483196e-06,274.1111111111111
1.028760121789901e-05,274.22222222222223
9.163916088968025e-06,274.3333333333333
1.293897867717065e-05,274.44444444444446
1.020443527808121e-05,274.55555555555554
1.5951224509952052e-06,274.66666666666663
1.8258666276098387e-05,274.77777777777777
6.1236306195130355e-06,274.88888888888886
2.2690269505877375e-06,275.0
1.5753082061091646e-05,275.1111111111111
7.553161092590325e-06,275.22222222222223
2.1258117776371042e-05,275.3333333333333
1.1685666675716122e-05,275.44444444444446
1.0900311347088626e-06,275.55555555555554
5.613994544521349e-06,275.66666666666663
1.2016785945840439e-05,275.77777777777777
8.149938780191655e-06,275.88888888888886
7.3925692920924724e-06,276.0
1.5049281921542356e-05,276.1111111111111
7.136035026903593e-06,276.22222222222223
1.4955844548950295e-05,276.3333333333333
5.023388484397013e-06,276.44444444444446
1.005553212768864e-05,276.55555555555554
1.4750484317807683e-05,276.66666666666663
6.031079012130382e-06,276.77777777777777
1.4257253754245519e-05,276.88888888888886
9.368084224423064e-06,277.0
1.854901534666937e-05,277.1111111111111
4.100976867152435e-06,277.22222222222223
1.0912645128936835e-05,277.3333333333333
2.1039837686548494e-05,277.44444444444446
4.024251595469563e-06,277.55555555555554
4.055472624382537e-06,277.66666666666663
1.0668391703204557e-05,277.77777777777777
7.800472218418993e-06,277.88888888888886
1.8307477594832815e-05,278.0
9.981907337052e-06,278.1111111111111
1.5486930114537643e-05,278.22222222222223
1.0783812462570291e-05,278.3333333333333
1.0748432522074886e-05,278.44444444444446
5.535020106064718e-06,278.55555555555554
9.630825505037994e-06,278.66666666666663
1.4334732902303197e-05,278.77777777777777
7.982394743514424e-06,278.88888888888886
1.059581688595407e-05,279.0
5.056334562998484e-06,279.1111111111111
9.623764782548508e-06,279.22222222222223
8.831477265641708e-06,279.3333333333333
1.3286770676735558e-05,279.44444444444446
7.86040027948006e-06,279.55555555555554
1.8483308404760696e-05,279.66666666666663
1.4541111066107578e-05,279.77777777777777
7.1675380775890084e-06,279.88888888888886
8.602642888650034e-06,280.0
1.5391967225514045e-06,280.1111111111111
1.9132734913304114e-05,280.22222222222223
8.587965916815449e-06,280.3333333333333
1.8477770407225234e-06,280.44444444444446
1.5782451368606245e-06,280.55555555555554
1.2533334154616975e-05,280.66666666666663
4.309637578945741e-06,280.77777777777777
1.4380556895704445e-05,280.88888888888886
6.123530755995554e-06,281.0
2.647895711031169e-06,281.1111111111111
6.867084650389134e-06,281.22222222222223
1.412660823535122e-05,281.3333333333333
6.6688594762081445e-06,281.44444444444446
1.1090217336058215e-05,281.55555555555554
1.3073341750835979e-05,281.66666666666663
9.270794166329406e-06,281.77777777777777
5.407734140978326e-06,281.88888888888886
1.9316809728164388e-05,282.0
2.9622846728796702e-05,282.1111111111111
3.714271752633063e-06,282.22222222222223
1.2249631537057957e-05,282.3333333333333
1.8499888301870243e-05,282.44444444444446
2.551109120490553e-06,282.55555555555554
7.285650225633202e-06,282.66666666666663
1.138691449827947e-05,282.77777777777777
9.736815680920382e-06,282.88888888888886
1.254748843084449e-05,283.0
1.3774409827566688e-05,283.1111111111111
1.7454935681712333e-05,283.22222222222223
1.3089810262259417e-05,283.3333333333333
1.8043455483833237e-05,283.44444444444446
1.0761449600232467e-05,283.55555555555554
8.627635501756212e-06,283.66666666666663
1.1320837955685078e-05,283.77777777777777
4.772383209881154e-06,283.88888888888886
5.006548851975438e-06,284.0
6.857054839760121e-06,284.1111111111111
2.1721861633144576e-06,284.22222222222223
5.466943292404663e-06,284.3333333333333
3.403722355000383e-07,284.44444444444446
6.440024897389535e-06,284.55555555555554
8.101397570996558e-06,284.66666666666663
1.299694418503406e-05,284.77777777777777
6.497395997865199e-06,284.88888888888886
5.670626662605579e-06,285.0
9.256178363371462e-06,285.1111111111111
9.844040808216633e-06,285.22222222222223
7.0487666105468885e-06,285.3333333333333
8.017894178120887e-06,285.4444444444444
8.359937135156543e-06,285.55555555555554
9.37737069784193e-06,285.66666666666663
8.445725654660822e-06,285.77777777777777
7.657600610224015e-06,285.88888888888886
1.0708575376961047e-05,286.0
1.5330449970029282e-05,286.1111111111111
8.989626063139868e-06,286.22222222222223
1.7211858166967675e-05,286.3333333333333
1.265793697868739e-05,286.4444444444444
1.1218348436362318e-05,286.55555555555554
1.1934964297522628e-05,286.66666666666663
5.804984952866194e-06,286.77777777777777
7.288531809511045e-06,286.88888888888886
3.5586314764391556e-06,287.0
2.505985716721257e-06,287.1111111111111
1.0838680339097928e-05,287.22222222222223
1.0791829360214383e-05,287.3333333333333
6.2651363487728105e-06,287.4444444444444
1.7058534183265e-05,287.55555555555554
1.815161891648391e-05,287.66666666666663
1.1857632638474375e-05,287.77777777777777
1.4670506473916927e-05,287.88888888888886
6.3581018023631625e-06,288.0
1.4530812385412347e-05,288.1111111111111
8.491676296264203e-06,288.22222222222223
1.0267361745471616e-05,288.3333333333333
1.729872930464995e-05,288.4444444444444
1.855571423569482e-05,288.55555555555554
1.1797829590692605e-05,288.66666666666663
1.659979344748462e-05,288.77777777777777
2.9091086305880175e-06,288.88888888888886
7.896834913122188e-06,289.0
7.23043238055067e-06,289.1111111111111
6.20282736140426e-06,289.22222222222223
9.502002283773429e-06,289.3333333333333
1.0590142957890734e-05,289.4444444444444
1.2127363139853773e-05,289.55555555555554
1.176641999807492e-05,289.66666666666663
1.8758801582647557e-05,289.77777777777777
1.0176521398125064e-05,289.88888888888886
1.2651618754367707e-05,290.0
1.7176332206613322e-05,290.1111111111111
6.154206953213752e-06,290.22222222222223
1.5813853243667783e-05,290.3333333333333
1.0108629195180431e-05,290.4444444444444
7.312149565017675e-06,290.55555555555554
8.102230855312998e-06,290.66666666666663
7.265833977654293e-07,290.77777777777777
1.3644661748330366e-05,290.88888888888886
6.501236377644684e-06,291.0
1.2021548849420614e-05,291.1111111111111
6.765332495996322e-06,291.22222222222223
2.8988262617910538e-06,291.3333333333333
1.769366468775807e-05,291.4444444444444
7.214117630923743e-06,291.55555555555554
1.0223610674074099e-05,291.66666666666663
2.3833951886898777e-06,291.77777777777777
5.287560935997976e-06,291.88888888888886
2.5587084864657013e-05,292.0
2.7268215692194032e-06,292.1111111111111
8.170267586318759e-06,292.22222222222223
9.68930393987421e-06,292.3333333333333
8.169354880103207e-06,292.4444444444444
1.1518772927685225e-05,292.55555555555554
1.2228806445940104e-05,292.66666666666663
5.536848328514129e-06,292.77777777777777
2.56423895927811e-05,292.88888888888886
1.2379390793266443e-05,293.0
8.303904720083232e-06,293.1111111111111
3.4150629104862186e-06,293.22222222222223
1.346888764895175e-05,293.3333333333333
7.640905478881017e-06,293.4444444444444
1.310450892915796e-05,293.55555555555554
1.2602333155494703e-05,293.66666666666663
4.275853921997826e-06,293.77777777777777
1.2913737427609751e-05,293.88888888888886
8.097057968615651e-06,294.0
1.3971210026156726e-05,294.1111111111111
1.3888640422020948e-05,294.22222222222223
4.537209238457211e-06,294.3333333333333
1.2933841764159295e-05,294.4444444444444
1.3981682470851168e-05,294.55555555555554
4.956761012466597e-06,294.66666666666663
6.411012938819591e-06,294.77777777777777
2.0704756866914394e-06,294.88888888888886
1.9379056452428182e-06,295.0
9.368039553674183e-06,295.1111111111111
6.1196940994840504e-06,295.22222222222223
1.5215116613483128e-05,295.3333333333333
1.2436203754173263e-05,295.4444444444444
3.999045017283416e-06,295.55555555555554
8.560400082882249e-06,295.66666666666663
6.77211597861837e-06,295.77777777777777
7.898029008853895e-06,295.88888888888886
7.0343928835677286e-06,296.0
1.6429773440007547e-05,296.1111111111111
1.422339100416707e-05,296.22222222222223
1.1397033379799364e-06,296.3333333333333
1.7958989336148825e-05,296.4444444444444
8.359633109623826e-06,296.55555555555554
5.663419842457231e-06,296.66666666666663
1.0158658125078828e-06,296.77777777777777
1.172775362001375e-05,296.88888888888886
1.1464663802324027e-05,297.0
1.0307449526449157e-05,297.1111111111111
7.3291624979779375e-06,297.22222222222223
7.874785033496042e-06,297.3333333333333
1.4879460767560826e-05,297.4444444444444
1.0920996191174984e-05,297.55555555555554
7.64485907918896e-06,297.66666666666663
1.2038814187373136e-05,297.77777777777777
1.9657928296619744e-05,297.88888888888886
7.443587405644401e-06,298.0
4.231536028197369e-06,298.1111111111111
6.700847236370502e-06,298.22222222222223
1.707943547626362e-05,298.3333333333333
6.030720763348813e-06,298.4444444444444
1.3354923307948465e-05,298.55555555555554
9.900810836744804e-07,298.66666666666663
5.0722366976300036e-06,298.77777777777777
9.78570515767665e-06,298.88888888888886
1.5765643255869806e-05,299.0
1.383844931307945e-05,299.1111111111111
3.471205773524166e-06,299.22222222222223
6.846060549590218e-06,299.3333333333333
7.1487588784074095e-06,299.4444444444444
1.1881825349789239e-05,299.55555555555554
7.962291413079698e-06,299.66666666666663
1.5849124016885906e-05,299.77777777777777
9.304623420497188e-06,299.88888888888886
9.24426028046206e-06,300.0
2.865814277719136e-06,300.1111111111111
1.2408043276744202e-05,300.22222222222223
9.156351545525976e-06,300.3333333333333
1.2455745835720099e-05,300.4444444444444
7.457273680073501e-06,300.55555555555554
1.2297533620846197e-06,300.66666666666663
8.613601119173042e-06,300.77777777777777
3.3483469430533808e-06,300.88888888888886
1.7028165656442586e-06,301.0
6.150600570838952e-06,301.1111111111111
1.0539775244717475e-05,301.22222222222223
9.20724208752536e-06,301.3333333333333
5.283212507387528e-06,301.4444444444444
1.053572895003605e-05,301.55555555555554
1.679783879922256e-05,301.66666666666663
9.537207768113822e-07,301.77777777777777
9.436101131875627e-06,301.88888888888886
7.524737883848433e-06,302.0
5.166309521503781e-07,302.1111111111111
5.948642110358684e-06,302.22222222222223
1.8602104532976166e-06,302.3333333333333
1.358434955593019e-05,302.4444444444444
1.553663347573603e-05,302.55555555555554
8.705728778183953e-06,302.66666666666663
7.972133733927037e-06,302.77777777777777
1.3525488184359747e-05,302.88888888888886
2.6318132056565576e-06,303.0
5.5862260818190165e-06,303.1111111111111
6.480038382348363e-06,303.22222222222223
1.2007868004568538e-05,303.3333333333333
1.700988917422796e-05,303.4444444444444
1.1272465433761292e-05,303.55555555555554
1.0506326790105605e-05,303.66666666666663
1.1411000365747363e-05,303.77777777777777
1.2823091244206163e-05,303.88888888888886
1.9118198744221715e-05,304.0
9.115708032200445e-06,304.1111111111111
1.5268143847414185e-05,304.22222222222223
9.565562906378584e-06,304.3333333333333
1.4038463579637575e-05,304.4444444444444
3.548168494971655e-06,304.55555555555554
8.406933184157749e-06,304.66666666666663
8.125780490144163e-06,304.77777777777777
2.5693305346632223e-06,304.88888888888886
8.33834497292166e-06,305.0
7.216916956944617e-06,305.1111111111111
1.4092929426727426e-05,305.22222222222223
7.003419573753272e-06,305.3333333333333
1.430996278972491e-05,305.4444444444444
8.347944997617825e-06,305.55555555555554
1.6674494235790772e-05,305.66666666666663
8.98951065373428e-06,305.77777777777777
6.5242140420862305e-06,305.88888888888886
1.0753803146311127e-05,306.0
1.1817370882861224e-05,306.1111111111111
7.238218041405713e-06,306.22222222222223
2.502530105509599e-06,306.3333333333333
5.838644233378893e-06,306.4444444444444
1.1329249350166892e-05,306.55555555555554
4.420686612171373e-06,306.66666666666663
1.0716825292253301e-05,306.77777777777777
1.2322014879727457e-05,306.88888888888886
5.506768594175985e-06,307.0
8.697798380948436e-06,307.1111111111111
2.297668937000515e-06,307.22222222222223
1.591412319897466e-05,307.3333333333333
2.4279528721648674e-06,307.4444444444444
4.759179658403643e-06,307.55555555555554
5.728353098811293e-06,307.66666666666663
1.316904188501239e-05,307.77777777777777
3.97031360919623e-06,307.88888888888886
1.7574601579399764e-05,308.0
4.923761535825167e-06,308.1111111111111
5.091374383912271e-06,308.22222222222223
6.0873812635665e-06,308.3333333333333
8.862544563041144e-06,308.4444444444444
2.3756288906766553e-05,308.55555555555554
4.180299527507196e-06,308.66666666666663
1.3671804191419855e-05,308.77777777777777
1.7002792885468244e-05,308.88888888888886
1.629724865608972e-05,309.0
4.253766944739034e-06,309.1111111111111
1.7538223689105396e-05,309.22222222222223
9.489573424493549e-06,309.3333333333333
1.8702548930059747e-05,309.4444444444444
9.739096160122224e-06,309.55555555555554
8.655876590427954e-06,309.66666666666663
3.6038324288184215e-06,309.77777777777777
6.009716572137285e-06,309.88888888888886
4.64770858790155e-06,310.0
2.2867319401058875e-05,310.1111111111111
3.6386249992279907e-06,310.22222222222223
6.9326093216270896e-06,310.3333333333333
5.899896527438623e-06,310.4444444444444
3.6769446378104114e-06,310.55555555555554
1.639556929863207e-06,310.66666666666663
5.286269709348184e-06,310.77777777777777
3.938577850264255e-06,310.88888888888886
5.479490102319291e-06,311.0
9.893658460111924e-06,311.1111111111111
1.2439401384986982e-05,311.22222222222223
8.672883028259375e-06,311.3333333333333
9.640898235551334e-06,311.4444444444444
7.521927719120186e-06,311.55555555555554
1.515455788840764e-05,311.66666666666663
6.51475108463336e-07,311.77777777777777
5.741945049054635e-06,311.88888888888886
5.930552833591717e-06,312.0
9.10397095178022e-06,312.1111111111111
1.947679075725974e-05,312.22222222222223
2.1147169633842627e-05,312.3333333333333
1.0415312135227802e-05,312.4444444444444
1.0606650997959973e-05,312.55555555555554
5.258526545355512e-06,312.66666666666663
2.754967894008116e-06,312.77777777777777
9.160961384453053e-06,312.88888888888886
9.815785991151523e-06,313.0
1.292123565087741e-05,313.1111111111111
5.6250546885147086e-06,313.22222222222223
7.625596644572752e-06,313.3333333333333
2.227065374082663e-06,313.4444444444444
7.325989597216575e-06,313.55555555555554
4.934805480194589e-06,313.66666666666663
1.41306067534473e-05,313.77777777777777
8.790124580228256e-06,313.88888888888886
3.4714748542556407e-06,314.0
5.268207137472947e-06,314.1111111111111
3.096705548953991e-06,314.22222222222223
1.4687425836879683e-05,314.3333333333333
1.616882852599e-05,314.4444444444444
3.891659385505876e-06,314.55555555555554
1.3758009224986109e-05,314.66666666666663
7.168342730435639e-06,314.77777777777777
5.953573659749274e-06,314.88888888888886
6.242852216054234e-07,315.0
9.33821762499606e-06,315.1111111111111
2.476605739965086e-06,315.22222222222223
9.638751325640494e-06,315.3333333333333
1.5705031921112376e-05,315.4444444444444
1.1150111700451685e-05,315.55555555555554
3.5419189185956634e-06,315.66666666666663
1.3120232741153794e-05,315.77777777777777
1.0705259710913103e-05,315.88888888888886
2.022889390191508e-05,316.0
7.91717923640137e-06,316.1111111111111
1.1854933821767306e-05,316.22222222222223
9.803002412224589e-06,316.3333333333333
4.296801441556912e-06,316.4444444444444
5.789775706960934e-06,316.55555555555554
3.0061764817985706e-06,316.66666666666663
7.625709300298763e-06,316.77777777777777
5.760296931113193e-07,316.88888888888886
8.965077654256951e-06,317.0
1.4809367934934308e-06,317.1111111111111
1.284670056466614e-06,317.22222222222223
1.7699786382727967e-06,317.3333333333333
6.730959628901409e-06,317.4444444444444
7.047413662867929e-06,317.55555555555554
1.4832122807022621e-05,317.66666666666663
1.051345936686621e-05,317.77777777777777
5.597823575059064e-06,317.88888888888886
8.273622662692066e-06,318.0
3.4186912043074673e-06,318.1111111111111
7.281737395179537e-06,318.22222222222223
6.669319685264977e-06,318.3333333333333
1.0834767946890745e-05,318.4444444444444
9.604555055044256e-06,318.55555555555554
7.329289255047589e-06,318.66666666666663
6.295528699952127e-06,318.77777777777777
9.952211966097963e-06,318.88888888888886
9.789707614334057e-06,319.0
1.255701495729883e-05,319.1111111111111
5.351686030140622e-06,319.22222222222223
1.3399644186529045e-05,319.3333333333333
9.216824761926252e-06,319.4444444444444
1.214692167388214e-05,319.55555555555554
8.342578252328054e-06,319.66666666666663
1.5231762762865233e-05,319.77777777777777
7.597852721486198e-06,319.88888888888886
3.6602895815293208e-06,320.0
2.7911522069582718e-06,320.1111111111111
3.3861028982415367e-06,320.22222222222223
6.221664202675519e-06,320.3333333333333
8.294386219007905e-06,320.4444444444444
6.5427523129499924e-06,320.55555555555554
5.553198472095852e-06,320.66666666666663
8.701411461062323e-06,320.77777777777777
6.962863346355494e-06,320.88888888888886
9.971872581219333e-06,321.0
2.1777252249509867e-06,321.1111111111111
5.036126878187827e-06,321.22222222222223
1.707958899770073e-06,321.3333333333333
5.655616787887254e-06,321.4444444444444
1.3723749355633869e-05,321.55555555555554
7.0360068679683015e-06,321.66666666666663
1.0425232059823837e-05,321.77777777777777
1.9152205496115908e-05,321.88888888888886
1.989793093070567e-05,322.0
1.58251653381313e-05,322.1111111111111
1.3149694988626043e-05,322.22222222222223
8.412649722024373e-06,322.3333333333333
7.89243524191782e-06,322.4444444444444
7.4778549631465784e-06,322.55555555555554
1.3029199461404841e-05,322.66666666666663
1.3179198420194975e-05,322.77777777777777
4.302088523205e-06,322.88888888888886
8.232032261683835e-06,323.0
6.1195107035737225e-06,323.1111111111111
5.690715577774812e-06,323.22222222222223
1.623307423263247e-05,323.3333333333333
8.785019517466664e-06,323.4444444444444
1.3928552378521197e-05,323.55555555555554
1.2851315803544463e-05,323.66666666666663
1.4734176841760167e-05,323.77777777777777
9.210164799260913e-06,323.88888888888886
7.914353070736922e-06,324.0
1.2541505656624397e-05,324.1111111111111
1.390671728333521e-05,324.22222222222223
4.2493762023955764e-06,324.3333333333333
7.249609473038995e-06,324.4444444444444
1.4987607736734471e-05,324.55555555555554
9.72751802689235e-06,324.66666666666663
8.47624533356188e-06,324.77777777777777
3.535804353340863e-06,324.88888888888886
3.2681868862796072e-06,325.0
3.6102263798234256e-06,325.1111111111111
4.761966229426961e-06,325.22222222222223
5.273172981800658e-06,325.3333333333333
2.0789772191054457e-05,325.4444444444444
1.1254876974303987e-05,325.55555555555554
1.2020435041290356e-05,325.66666666666663
1.4598734004781055e-05,325.77777777777777
9.16597027454076e-06,325.88888888888886
1.2548419730037032e-05,326.0
1.1548010298388873e-05,326.1111111111111
7.515825075245028e-06,326.22222222222223
1.2162038534369277e-05,326.3333333333333
4.260235090224009e-06,326.4444444444444
4.9239514448545676e-06,326.55555555555554
8.462479881098766e-06,326.66666666666663
9.373372178932118e-06,326.77777777777777
1.675732222516697e-05,326.88888888888886
1.788745101843903e-05,327.0
3.936215158924897e-06,327.1111111111111
4.437317974611247e-06,327.22222222222223
7.365858382443453e-06,327.3333333333333
8.70828769096166e-06,327.4444444444444
4.177094488390062e-06,327.55555555555554
3.7458707667913287e-06,327.66666666666663
6.2781423561295876e-06,327.77777777777777
9.668421893194116e-06,327.88888888888886
7.559591752914569e-06,328.0
1.0584735264361381e-06,328.1111111111111
1.402864405230353e-05,328.22222222222223
7.330521023634343e-06,328.3333333333333
9.082653877047441e-06,328.4444444444444
1.2989950569250326e-05,328.55555555555554
1.6630130889469024e-05,328.66666666666663
9.911839289069714e-06,328.77777777777777
1.6236627238191266e-05,328.88888888888886
8.430749333218006e-06,329.0
1.3518834071565542e-05,329.1111111111111
1.2121266478795008e-05,329.22222222222223
1.2380733778005707e-05,329.3333333333333
2.02611198472617e-05,329.4444444444444
1.429033277664246e-05,329.55555555555554
6.726488255185183e-06,329.66666666666663
1.1025426690745057e-05,329.77777777777777
1.2623208565300594e-05,329.88888888888886
6.2465948273463505e-06,330.0
4.468511264611033e-06,330.1111111111111
1.147412868548278e-05,330.22222222222223
1.1338265412295839e-05,330.3333333333333
1.1939149989757556e-05,330.4444444444444
1.2762377931723383e-05,330.55555555555554
1.5527641319847897e-05,330.66666666666663
2.583043137035784e-06,330.77777777777777
8.179536293897245e-06,330.88888888888886
8.964266447622752e-06,331.0
1.0951510073916268e-05,331.1111111111111
6.263918600394657e-06,331.22222222222223
1.8292284382760015e-06,331.3333333333333
4.5383338251079616e-06,331.4444444444444
1.104057005522578e-05,331.55555555555554
1.89605631083119e-05,331.66666666666663
1.593089267469836e-05,331.77777777777777
1.0413980510939438e-05,331.88888888888886
9.728311495994802e-06,332.0
9.397865950548201e-06,332.1111111111111
1.0046066966852516e-05,332.22222222222223
1.6243880093508386e-05,332.3333333333333
2.164098151295635e-05,332.4444444444444
1.1677075223249638e-05,332.55555555555554
7.869429655471051e-06,332.66666666666663
5.2695839785026205e-06,332.77777777777777
9.152188886474997e-06,332.88888888888886
2.2290722797103395e-06,333.0
1.3824969424900482e-05,333.1111111111111
1.0241219588548615e-05,333.22222222222223
1.5265550662758797e-05,333.3333333333333
1.1635493724903932e-05,333.4444444444444
1.020404998573467e-05,333.55555555555554
7.909146644729507e-06,333.66666666666663
6.420623578051425e-06,333.77777777777777
5.10771432458217e-06,333.88888888888886
5.262033586805509e-06,334.0
1.6999729739321678e-05,334.1111111111111
8.336590918650491e-06,334.22222222222223
5.6122094405405135e-06,334.3333333333333
1.0977799857308374e-05,334.4444444444444
1.000044487859951e-05,334.55555555555554
1.88492621876431e-05,334.66666666666663
8.666317048062049e-06,334.77777777777777
1.054882744381885e-05,334.88888888888886
8.692194241039156e-06,335.0
2.231682013492242e-05,335.1111111111111
4.7544151841722736e-06,335.22222222222223
6.711792028984327e-06,335.3333333333333
8.462417606121046e-06,335.4444444444444
1.0457744616886555e-05,335.55555555555554
1.0574513391679643e-05,335.66666666666663
6.101731082204712e-06,335.77777777777777
4.386864725054013e-06,335.88888888888886
1.4437571440988903e-05,336.0
7.04645713069234e-06,336.1111111111111
4.128372399447077e-06,336.22222222222223
5.318625760759127e-06,336.3333333333333
8.807760973490192e-06,336.4444444444444
5.605021353372268e-06,336.55555555555554
5.506332093487688e-06,336.66666666666663
1.0831517114504668e-05,336.77777777777777
1.4048744170136456e-06,336.88888888888886
1.1621136820701674e-05,337.0
1.0771691045061735e-05,337.1111111111111
1.4573552805038352e-05,337.22222222222223
1.1696484710489685e-05,337.3333333333333
1.4642394409592835e-05,337.4444444444444
6.975409836976033e-06,337.55555555555554
6.329931161213301e-06,337.66666666666663
1.7195561303008393e-05,337.77777777777777
1.3211654529326611e-05,337.88888888888886
1.1097124437099653e-05,338.0
1.0478034898278656e-05,338.1111111111111
7.414042083184983e-06,338.22222222222223
1.9616262119788853e-05,338.3333333333333
9.72391025312033e-06,338.4444444444444
1.6583211505742838e-05,338.55555555555554
8.804003075198417e-06,338.66666666666663
3.2966331627607103e-06,338.77777777777777
1.4475357749287965e-05,338.88888888888886
5.693462359927859e-06,339.0
6.3476111389706425e-06,339.1111111111111
3.435409776677141e-06,339.22222222222223
4.104877517221606e-06,339.3333333333333
5.942843472459373e-06,339.4444444444444
1.0237196210693142e-05,339.55555555555554
4.8787871351381886e-06,339.66666666666663
1.030144378937428e-05,339.77777777777777
1.948174881134234e-05,339.88888888888886
1.1690830380677202e-05,340.0
1.5791722003711522e-05,340.1111111111111
1.3176749681534333e-05,340.22222222222223
5.348927758691859e-06,340.3333333333333
1.3029791408483075e-06,340.4444444444444
2.336562744393744e-06,340.55555555555554
4.29313872214982e-06,340.66666666666663
1.2233524893908204e-05,340.77777777777777
1.0818504868722221e-05,340.88888888888886
6.067137673763188e-06,341.0
1.475758164278454e-05,341.1111111111111
6.7097452905353876e-06,341.22222222222223
1.4796867734415872e-05,341.3333333333333
1.5589703650557373e-05,341.4444444444444
3.637461162943857e-06,341.55555555555554
4.730352717420579e-06,341.66666666666663
7.860492378401857e-06,341.77777777777777
2.9039505772832608e-06,341.88888888888886
6.216684124454315e-06,342.0
1.2055279699291803e-05,342.1111111111111
1.673955768199358e-05,342.22222222222223
2.8767094261063382e-06,342.3333333333333
5.891286298661609e-06,342.4444444444444
2.4251170340086576e-06,342.55555555555554
1.10987836492788e-05,342.66666666666663
5.438165919357993e-06,342.77777777777777
1.170398299086963e-05,342.88888888888886
9.711521409722413e-06,343.0
8.988768331414356e-06,343.1111111111111
3.689909861085747e-06,343.22222222222223
2.42973535622774e-06,343.3333333333333
4.099264311509972e-06,343.4444444444444
1.2615957559426293e-05,343.55555555555554
2.8505625982594474e-06,343.66666666666663
3.3969719536213085e-06,343.77777777777777
1.1507354553753168e-05,343.88888888888886
5.75089489837699e-06,344.0
6.694274043758464e-06,344.1111111111111
1.549223138216229e-05,344.22222222222223
1.2108383443433038e-05,344.3333333333333
9.640206031627073e-06,344.4444444444444
1.7581368341493386e-06,344.55555555555554
5.684951480913123e-06,344.66666666666663
3.2655756242002862e-06,344.77777777777777
3.6025999493498337e-06,344.88888888888886
1.2799223053479194e-05,345.0
1.733204233917899e-05,345.1111111111111
1.2711323440011005e-05,345.22222222222223
2.9072117968692886e-06,345.3333333333333
1.9509991465764315e-05,345.4444444444444
4.100427151738918e-06,345.55555555555554
3.225678708862782e-06,345.66666666666663
7.435484464050354e-06,345.77777777777777
9.152435712308443e-06,345.88888888888886
7.4736342824203074e-06,346.0
1.1545046411436718e-05,346.1111111111111
1.0325999867115397e-05,346.22222222222223
2.5153092072527927e-06,346.3333333333333
1.1762327093971685e-05,346.4444444444444
1.4334769813025054e-05,346.55555555555554
1.777217477575385e-05,346.66666666666663
5.236526981001131e-06,346.77777777777777
4.014468620780494e-06,346.88888888888886
1.6719496523497495e-05,347.0
6.102540544159462e-06,347.1111111111111
7.639614595648413e-07,347.22222222222223
2.3450354016777533e-05,347.3333333333333
4.288807472672554e-06,347.4444444444444
1.2452812063268984e-05,347.55555555555554
1.6617559172281598e-05,347.66666666666663
3.7955439601747943e-06,347.77777777777777
5.884236414590044e-06,347.88888888888886
6.424321374665169e-06,348.0
1.513987901886191e-05,348.1111111111111
1.9569184694098634e-06,348.22222222222223
1.1787823529570005e-05,348.3333333333333
1.5335531333556493e-05,348.4444444444444
1.4136246911646246e-05,348.55555555555554
1.1827062011651728e-05,348.66666666666663
3.5734167347526666e-06,348.77777777777777
5.4961718941079746e-06,348.88888888888886
1.6501306931173538e-05,349.0
9.367174071353186e-06,349.1111111111111
1.0430992534216052e-05,349.22222222222223
1.8614258825050143e-06,349.3333333333333
7.91699906957432e-06,349.4444444444444
7.033267137660056e-06,349.55555555555554
2.206195387158285e-05,349.66666666666663
1.356570867957088e-05,349.77777777777777
6.31990253412592e-06,349.88888888888886
1.0964316763577196e-05,350.0
3.308291805151368e-06,350.1111111111111
6.650393006780948e-06,350.22222222222223
1.4786868502201641e-05,350.3333333333333
9.295684134885487e-06,350.4444444444444
4.6455647945868075e-06,350.55555555555554
1.0561376967419658e-05,350.66666666666663
1.4707128371467426e-05,350.77777777777777
1.1250438972474668e-05,350.88888888888886
1.725329340439316e-05,351.0
5.1666171510344055e-06,351.1111111111111
1.3109377979474466e-05,351.22222222222223
1.5132318239262515e-05,351.3333333333333
1.1249946768014327e-05,351.4444444444444
1.7862023559146156e-05,351.55555555555554
1.2442061591846409e-05,351.66666666666663
3.88399417391802e-06,351.77777777777777
6.79232828717478e-06,351.88888888888886
1.247939250369767e-05,352.0
9.911140219103383e-06,352.1111111111111
7.065611350647534e-06,352.22222222222223
4.647448213818226e-06,352.3333333333333
6.763075840569659e-06,352.4444444444444
2.6442199731521063e-06,352.55555555555554
4.753208792032812e-06,352.66666666666663
1.3716831104830766e-05,352.77777777777777
1.3382735831562233e-05,352.88888888888886
1.5192472548072998e-05,353.0
1.0194225084993756e-05,353.1111111111111
9.97852675510785e-06,353.22222222222223
3.2050676115138063e-06,353.3333333333333
8.32389814567917e-06,353.4444444444444
7.613484576390993e-06,353.55555555555554
1.55321570339552e-05,353.66666666666663
6.1463310251452375e-06,353.77777777777777
9.913074153804165e-06,353.88888888888886
4.281324529325325e-06,354.0
1.8441662886608552e-05,354.1111111111111
1.2354322438413235e-05,354.22222222222223
8.064815497212867e-06,354.3333333333333
1.1987807980898959e-05,354.4444444444444
1.114066516723807e-05,354.55555555555554
5.993677895334955e-06,354.66666666666663
1.500212903056112e-05,354.77777777777777
9.525031944058816e-06,354.88888888888886
8.725272406688891e-06,355.0
4.000474621065834e-06,355.1111111111111
2.349145994699751e-05,355.22222222222223
9.559944311839533e-06,355.3333333333333
8.782195452693832e-07,355.4444444444444
4.613745663956393e-06,355.55555555555554
6.133734564757747e-06,355.66666666666663
1.9380316545608682e-05,355.77777777777777
9.289854780109802e-06,355.88888888888886
9.361312666839303e-06,356.0
3.270319365252856e-06,356.1111111111111
6.355016337012807e-06,356.22222222222223
6.545699832376775e-06,356.3333333333333
3.2087194701933975e-06,356.4444444444444
3.331716915717896e-06,356.55555555555554
3.8957874219523615e-06,356.66666666666663
5.52990735132093e-06,356.77777777777777
2.486225256669096e-05,356.88888888888886
2.819680129754822e-06,357.0
9.818273658104312e-06,357.1111111111111
3.932210001288449e-06,357.22222222222223
1.0704334619297865e-05,357.3333333333333
6.126443096126455e-06,357.4444444444444
1.3083560136390096e-05,357.55555555555554
8.493457326761171e-07,357.66666666666663
6.9170884262808985e-06,357.77777777777777
6.979489252754775e-06,357.88888888888886
6.703635029822198e-06,358.0
1.6100409549496374e-06,358.1111111111111
9.078188860184419e-06,358.22222222222223
9.366804150097388e-06,358.3333333333333
1.164055681153819e-05,358.4444444444444
1.5505821755766774e-05,358.55555555555554
1.9492087607309498e-05,358.66666666666663
6.566032601411031e-06,358.77777777777777
6.252958782934411e-06,358.88888888888886
7.207755597909402e-06,359.0
5.324175948379367e-06,359.1111111111111
1.13501164630919e-05,359.22222222222223
1.443850150986104e-05,359.3333333333333
8.516069670842911e-06,359.4444444444444
7.871970635977077e-06,359.55555555555554
1.5356017419671557e-05,359.66666666666663
7.799164366158392e-06,359.77777777777777
2.500436254039621e-06,359.88888888888886
6.481925374710502e-06,360.0
7.330748455242559e-06,360.1111111111111
5.657056463356706e-06,360.22222222222223
2.2815210964668916e-05,360.3333333333333
9.588665974322696e-06,360.4444444444444
1.068963116943418e-05,360.55555555555554
1.0360992121928784e-05,360.66666666666663
1.425418888126395e-05,360.77777777777777
6.373784972999463e-06,360.88888888888886
8.866019164595786e-06,361.0
1.3642639091276652e-05,361.1111111111111
5.666756756832362e-06,361.22222222222223
1.5052081330409549e-05,361.3333333333333
2.5301197459968804e-06,361.4444444444444
1.3338135806973237e-05,361.55555555555554
1.1639926624249617e-05,361.66666666666663
7.370916312448802e-06,361.77777777777777
3.816150338165723e-06,361.88888888888886
7.2863238691999465e-06,362.0
8.975892802905993e-06,362.1111111111111
4.668367657584646e-06,362.22222222222223
6.958910822707839e-06,362.3333333333333
1.4939109653949034e-05,362.4444444444444
6.699040422009057e-06,362.55555555555554
1.0270517631256307e-05,362.66666666666663
5.297298019065076e-06,362.77777777777777
2.81407998082298e-06,362.88888888888886
2.0205055462295655e-05,363.0
1.5322836718844086e-05,363.1111111111111
8.964006180547772e-06,363.22222222222223
1.3621268632922915e-05,363.3333333333333
1.6493032502103252e-05,363.4444444444444
1.4967544880210598e-05,363.55555555555554
7.675292611203974e-06,363.66666666666663
1.0225833604822814e-05,363.77777777777777
1.4378745596232094e-05,363.88888888888886
7.765264454027429e-06,364.0
2.8213468824923993e-06,364.1111111111111
1.2935491806876327e-05,364.22222222222223
1.8054633862530284e-05,364.3333333333333
7.631045361796994e-06,364.4444444444444
3.9000646732089006e-06,364.55555555555554
8.920914074749066e-06,364.66666666666663
1.3253654294378798e-05,364.77777777777777
9.650594379927903e-06,364.88888888888886
5.408345776301168e-06,365.0
8.164546999632282e-06,365.1111111111111
1.3178086570308867e-05,365.22222222222223
1.0872184529006574e-05,365.3333333333333
3.5503481667336073e-06,365.4444444444444
9.32138756790941e-06,365.55555555555554
8.577642973105218e-06,365.66666666666663
6.3206938336596975e-06,365.77777777777777
1.0386197230332952e-05,365.88888888888886
9.42807651701983e-06,366.0
1.4875487812386584e-05,366.1111111111111
2.0656189630361005e-05,366.22222222222223
1.4173403853348644e-05,366.3333333333333
7.559775436411607e-06,366.4444444444444
1.3183377846955093e-05,366.55555555555554
3.872434828010454e-06,366.66666666666663
1.8357877535280306e-05,366.77777777777777
1.2228047187453472e-05,366.88888888888886
1.090186291503882e-06,367.0
1.0548640401135976e-05,367.1111111111111
1.581558664635363e-05,367.22222222222223
5.261042937912752e-06,367.3333333333333
3.60951372373155e-06,367.4444444444444
2.455230810057962e-06,367.55555555555554
9.41651069767982e-06,367.66666666666663
1.0644482017848384e-05,367.77777777777777
1.6674162525323107e-06,367.88888888888886
2.170667637409561e-05,368.0
1.7107410651217428e-05,368.1111111111111
1.0630344430256573e-05,368.22222222222223
5.786996331212385e-06,368.3333333333333
7.719158721392742e-06,368.4444444444444
2.286598106441539e-06,368.55555555555554
9.216420256583575e-06,368.66666666666663
9.545112522407097e-07,368.77777777777777
1.0169349428971352e-05,368.88888888888886
2.8259800413226345e-06,369.0
1.0405019512447333e-05,369.1111111111111
9.164490396072443e-06,369.22222222222223
2.2037865586686564e-06,369.3333333333333
1.4543077243739369e-05,369.4444444444444
8.158600987772022e-06,369.55555555555554
8.027186134429873e-06,369.66666666666663
1.1751423643256909e-05,369.77777777777777
9.6493854109324e-06,369.88888888888886
1.789479678780107e-05,370.0
7.669835872427943e-06,370.1111111111111
6.651088415343727e-06,370.22222222222223
7.1795738279239485e-06,370.3333333333333
1.4732765373551865e-05,370.4444444444444
6.209256590602327e-06,370.55555555555554
1.8881011511216657e-05,370.66666666666663
2.6841326806215666e-06,370.77777777777777
1.417860580602195e-05,370.88888888888886
8.575137045558599e-06,371.0
9.329025803815171e-06,371.1111111111111
2.171907515236025e-05,371.22222222222223
1.209808948459093e-05,371.3333333333333
9.843479727364789e-06,371.4444444444444
1.290973590850985e-05,371.55555555555554
1.1236393630725258e-05,371.66666666666663
9.656499974729424e-06,371.77777777777777
5.025877257105449e-06,371.88888888888886
1.6134416147733537e-05,372.0
6.959907930178295e-06,372.1111111111111
1.0491465204832958e-05,372.22222222222223
7.060850756871167e-06,372.3333333333333
2.8367888568680338e-06,372.4444444444444
7.709630834121494e-06,372.55555555555554
1.3057008865787063e-06,372.66666666666663
1.7484224534321045e-05,372.77777777777777
1.4256571483243176e-05,372.88888888888886
1.5071667095476649e-05,373.0
1.719783109516726e-05,373.1111111111111
1.9426614399931942e-05,373.22222222222223
1.0442779881706834e-05,373.3333333333333
3.5834650478567023e-06,373.4444444444444
4.5381267117820645e-06,373.55555555555554
1.79182979151168e-06,373.66666666666663
1.5242115089532606e-05,373.77777777777777
1.2345207238836773e-05,373.88888888888886
7.1723420946662045e-06,374.0
7.515165742695083e-06,374.1111111111111
1.2802162653320429e-05,374.22222222222223
5.06059616216627e-06,374.3333333333333
1.0752289710868437e-05,374.4444444444444
3.231543940719679e-06,374.55555555555554
1.0101817958541938e-06,374.66666666666663
7.940229498397839e-06,374.77777777777777
1.1062737949106997e-05,374.88888888888886
1.9484054814667598e-06,375.0
4.814998626982503e-06,375.1111111111111
7.3562786198677436e-06,375.22222222222223
5.232119469757355e-06,375.3333333333333
9.224683807116305e-06,375.4444444444444
1.4729935156465015e-05,375.55555555555554
4.5121291130444485e-06,375.66666666666663
1.2346371918838376e-05,375.77777777777777
8.391387605834847e-06,375.88888888888886
3.910352821271582e-06,376.0
9.090666884855995e-06,376.1111111111111
1.100738944974506e-05,376.22222222222223
1.173672003585493e-05,376.3333333333333
1.188103658476152e-05,376.4444444444444
7.753948517535835e-06,376.55555555555554
7.58625037253685e-06,376.66666666666663
5.059304233408718e-06,376.77777777777777
1.8529397240508535e-05,376.88888888888886
1.6170626694535638e-05,377.0
1.5951071339301065e-06,377.1111111111111
5.14795625841012e-06,377.22222222222223
1.5687196580887755e-05,377.3333333333333
6.519121232008201e-06,377.4444444444444
5.8318981014774765e-06,377.55555555555554
1.794543438586999e-06,377.66666666666663
1.026129377174985e-05,377.77777777777777
1.3898109547991065e-05,377.88888888888886
5.760505807664795e-06,378.0
3.7670711881879308e-06,378.1111111111111
3.6185394841691646e-06,378.22222222222223
1.3810430890543328e-05,378.3333333333333
6.313601029353704e-06,378.4444444444444
8.145055987631798e-06,378.55555555555554
6.008872273846632e-06,378.66666666666663
9.062100493075579e-06,378.77777777777777
2.18954790182503e-06,378.88888888888886
1.5776940974726912e-05,379.0
1.8447886992680813e-05,379.1111111111111
6.540144559822454e-06,379.22222222222223
7.790914994541313e-06,379.3333333333333
6.7406613847900134e-06,379.4444444444444
7.73336996003211e-06,379.55555555555554
9.88756971068309e-06,379.66666666666663
1.2940474590175598e-05,379.77777777777777
1.2424281944396529e-05,379.88888888888886
1.148265373862965e-05,380.0
8.2094436489861e-06,380.1111111111111
5.796941906323784e-06,380.22222222222223
1.1471204480288046e-05,380.3333333333333
1.626854074824975e-05,380.4444444444444
1.0458296008458571e-05,380.55555555555554
1.532754522721929e-05,380.66666666666663
4.616758644666471e-06,380.77777777777777
1.71826993977808e-05,380.88888888888886
1.025090555222982e-05,381.0
2.872137137748566e-06,381.1111111111111
1.027758093591294e-05,381.22222222222223
4.590441211083994e-06,381.3333333333333
9.12520693384007e-06,381.4444444444444
7.726165515381867e-06,381.55555555555554
9.882384692064895e-06,381.66666666666663
7.2647403893171376e-06,381.77777777777777
2.9435956409521247e-06,381.88888888888886
1.3685427778803417e-05,382.0
2.0058965726865685e-06,382.1111111111111
8.186981119785501e-06,382.22222222222223
8.837607672366638e-06,382.3333333333333
8.0251340948174e-06,382.4444444444444
3.7760213693954456e-06,382.55555555555554
2.198770070865246e-05,382.66666666666663
1.637540995341261e-05,382.77777777777777
1.658592757466162e-05,382.88888888888886
1.0441091109751287e-05,383.0
1.109844649733858e-05,383.1111111111111
4.368615052999113e-06,383.22222222222223
6.066976517875124e-06,383.3333333333333
5.956216225785852e-06,383.4444444444444
1.3373903794669439e-05,383.55555555555554
1.546428617247479e-05,383.66666666666663
5.065099771411127e-06,383.77777777777777
7.781582457654337e-06,383.88888888888886
5.1747414210068855e-06,384.0
6.117003910752039e-06,384.1111111111111
7.47503147678017e-06,384.22222222222223
2.0856701403641525e-06,384.3333333333333
2.647937963394374e-05,384.4444444444444
9.078420952100583e-06,384.55555555555554
8.920864713703325e-07,384.66666666666663
1.5505225884326907e-05,384.77777777777777
2.3151403068268157e-05,384.88888888888886
7.66243623131212e-06,385.0
6.461147515808729e-06,385.1111111111111
1.06917199744501e-05,385.22222222222223
1.2985088314860648e-05,385.3333333333333
1.0104191850694977e-05,385.4444444444444
6.906640908233518e-06,385.55555555555554
1.7020344961064247e-05,385.66666666666663
8.677092103530286e-06,385.77777777777777
1.1616460806039124e-05,385.88888888888886
1.3715453338298299e-05,386.0
8.083087046293888e-06,386.1111111111111
4.806598069445399e-06,386.22222222222223
2.873137568966666e-06,386.3333333333333
7.70327235649667e-06,386.4444444444444
1.8692322678672854e-05,386.55555555555554
9.110202939686764e-06,386.66666666666663
1.4641720035214004e-05,386.77777777777777
1.2024601206699383e-05,386.88888888888886
1.018621169578944e-05,387.0
9.045785647076056e-06,387.1111111111111
7.751311215708788e-06,387.22222222222223
7.185450286388363e-06,387.3333333333333
1.1457844480360073e-05,387.4444444444444
1.0951061452161714e-05,387.55555555555554
1.4719572657315237e-05,387.66666666666663
8.163310431731742e-06,387.77777777777777
1.236524786757118e-05,387.88888888888886
2.1535502289941993e-05,388.0
9.360733858464269e-06,388.1111111111111
1.962921565884659e-05,388.22222222222223
1.920405200378326e-06,388.3333333333333
8.327525277419763e-06,388.4444444444444
8.751304165087893e-06,388.55555555555554
5.020754504626352e-06,388.66666666666663
8.337379774740083e-07,388.77777777777777
1.1676593150215298e-05,388.88888888888886
6.6510163710973196e-06,389.0
1.431968886835119e-05,389.1111111111111
1.0715195543163066e-05,389.22222222222223
7.240957942776545e-06,389.3333333333333
3.4679658873282516e-06,389.4444444444444
1.0983451161819275e-05,389.55555555555554
1.465539059946942e-05,389.66666666666663
8.504785723020842e-06,389.77777777777777
9.01070942306162e-06,389.88888888888886
1.0737161623189027e-05,390.0
2.366117468515174e-06,390.1111111111111
3.138425728665242e-06,390.22222222222223
8.999973850938741e-06,390.3333333333333
1.4766132686110179e-05,390.4444444444444
4.9697521474703426e-06,390.55555555555554
1.2954294500174174e-05,390.66666666666663
1.4942898541944858e-05,390.77777777777777
1.0473771798917134e-05,390.88888888888886
8.044820853706802e-06,391.0
4.4825957452566326e-06,391.1111111111111
6.045852279578038e-06,391.22222222222223
1.1582311855117354e-05,391.3333333333333
1.0195161938364051e-05,391.4444444444444
1.2455790551941659e-05,391.55555555555554
9.186708188428786e-07,391.66666666666663
6.318615226128864e-06,391.77777777777777
2.286399857757996e-06,391.88888888888886
7.757816447577567e-06,392.0
5.458370381783814e-06,392.1111111111111
7.836151221195631e-06,392.22222222222223
6.877273269040131e-06,392.3333333333333
1.551002999758169e-05,392.4444444444444
1.2371942040222116e-05,392.55555555555554
6.742480805564425e-06,392.66666666666663
1.3234029711785445e-05,392.77777777777777
1.6635495824183268e-05,392.88888888888886
7.560139237567685e-06,393.0
1.3004353079090204e-05,393.1111111111111
6.316199272277261e-06,393.22222222222223
7.119102196376697e-06,393.3333333333333
5.535522672029081e-06,393.4444444444444
1.321598103055453e-05,393.55555555555554
1.581660259833095e-05,393.66666666666663
1.6781235972309103e-05,393.77777777777777
1.2079802826397974e-05,393.88888888888886
9.264607062898954e-06,394.0
7.974658121662072e-06,394.1111111111111
9.224987961162451e-06,394.22222222222223
9.532102680217606e-06,394.3333333333333
1.0219521441939418e-05,394.4444444444444
1.5473153659636866e-05,394.55555555555554
1.053876652292324e-05,394.66666666666663
1.2653601980504599e-05,394.77777777777777
4.493731179880598e-06,394.88888888888886
2.375090817808557e-06,395.0
1.042508114775787e-05,395.1111111111111
3.690950444496992e-06,395.22222222222223
1.4775505876281015e-05,395.3333333333333
1.6707935196558206e-05,395.4444444444444
4.880890016422847e-06,395.55555555555554
4.887780378375352e-06,395.66666666666663
1.9171423792259455e-06,395.77777777777777
1.4294400278992297e-05,395.88888888888886
1.4566459447371135e-05,396.0
3.838380167882423e-06,396.1111111111111
7.687900246724758e-06,396.22222222222223
1.1928733967358335e-05,396.3333333333333
4.772176079559699e-06,396.4444444444444
3.6650711017574134e-06,396.55555555555554
7.488504765029157e-06,396.66666666666663
3.2026888248503846e-06,396.77777777777777
5.107020684748173e-06,396.88888888888886
1.6447412391298665e-05,397.0
1.4682721440981258e-05,397.1111111111111
5.8294064620328305e-06,397.22222222222223
1.3458714320195338e-05,397.3333333333333
9.05006818113795e-06,397.4444444444444
5.561260345715607e-06,397.55555555555554
1.5231299720160402e-05,397.66666666666663
2.210994729714386e-05,397.77777777777777
7.307101726328892e-06,397.88888888888886
4.420979863784036e-07,398.0
1.6220080232198903e-05,398.1111111111111
9.794560776920249e-06,398.2222222222222
2.068955486159158e-05,398.3333333333333
7.474646858473358e-06,398.4444444444444
5.151169654892176e-06,398.55555555555554
1.8033387755691635e-06,398.66666666666663
7.592746848552984e-06,398.77777777777777
8.176379193012548e-06,398.88888888888886
1.3881162399317325e-05,399.0
4.700645999639165e-06,399.1111111111111
1.3539226516108622e-05,399.2222222222222
1.8834710808537266e-06,399.3333333333333
1.2932367981842703e-05,399.4444444444444
1.3079265901879341e-05,399.55555555555554
5.536067101876205e-06,399.66666666666663
1.2111583805996296e-05,399.77777777777777
9.99401155119986e-06,399.88888888888886
1.7163395211239346e-05,400.0
4.873550826914354e-06,400.1111111111111
9.816038219574072e-06,400.2222222222222
2.1556832048848486e-05,400.3333333333333
1.639143063275499e-05,400.4444444444444
5.334795723613402e-06,400.55555555555554
1.0936784286315825e-05,400.66666666666663
2.21147143947818e-06,400.77777777777777
1.1399519708373058e-05,400.88888888888886
9.460638898301103e-06,401.0
6.331989955406401e-06,401.1111111111111
6.894999570737532e-06,401.2222222222222
7.540279463459117e-06,401.3333333333333
1.3980658331602628e-05,401.4444444444444
2.488593932535009e-06,401.55555555555554
6.29850085753364e-06,401.66666666666663
6.824197246551103e-06,401.77777777777777
1.6790655215797742e-05,401.88888888888886
9.566935291668218e-06,402.0
1.217399825397294e-05,402.1111111111111
1.1046416314622972e-05,402.2222222222222
9.087362684220099e-06,402.3333333333333
6.667918176367918e-06,402.4444444444444
3.073762510957504e-06,402.55555555555554
1.240128875602434e-05,402.66666666666663
9.924337322901721e-06,402.77777777777777
6.113903810085359e-06,402.88888888888886
1.4947486704422359e-05,403.0
4.864821166824055e-06,403.1111111111111
7.631593446089113e-06,403.2222222222222
1.3104787577471759e-05,403.3333333333333
1.645645968645209e-05,403.4444444444444
3.4838361116344817e-06,403.55555555555554
6.9394956273468445e-06,403.66666666666663
5.5396282772672426e-06,403.77777777777777
9.475744819682928e-06,403.88888888888886
1.0920689795103846e-05,404.0
8.009296642674303e-06,404.1111111111111
5.3137000483594365e-06,404.2222222222222
5.0078263586608905e-06,404.3333333333333
1.1598321799631521e-05,404.4444444444444
5.592050935129091e-06,404.55555555555554
5.9712053271459294e-06,404.66666666666663
8.257884183957662e-06,404.77777777777777
1.043553497209498e-06,404.88888888888886
5.922877963515407e-06,405.0
1.6607078236872546e-05,405.1111111111111
4.009552278816905e-06,405.2222222222222
3.883784888225093e-06,405.3333333333333
5.348906024201546e-06,405.4444444444444
9.393003507460957e-06,405.55555555555554
9.692861164631465e-06,405.66666666666663
7.780207145640884e-06,405.77777777777777
7.718499958301397e-06,405.88888888888886
1.0010986759607693e-05,406.0
1.3559254179550678e-05,406.1111111111111
7.243988638523539e-06,406.2222222222222
4.856376338442298e-06,406.3333333333333
1.1609091747109718e-05,406.4444444444444
8.143449809051476e-06,406.55555555555554
1.0861255614336672e-05,406.66666666666663
2.1126175400076036e-05,406.77777777777777
6.439772693253131e-06,406.88888888888886
1.2738364750083616e-05,407.0
1.490957548208927e-05,407.1111111111111
5.739084570097068e-06,407.2222222222222
3.817032144063058e-06,407.3333333333333
8.188813914038867e-06,407.4444444444444
1.028563533983344e-05,407.55555555555554
1.3051208017291334e-05,407.66666666666663
1.3074441746701107e-05,407.77777777777777
6.904251018469612e-06,407.88888888888886
4.967429444163908e-06,408.0
9.729321763571177e-06,408.1111111111111
1.3324327239678588e-05,408.2222222222222
1.5701719995869434e-05,408.3333333333333
1.4493437725123729e-05,408.4444444444444
1.1491549239385608e-05,408.55555555555554
3.2808317273341075e-06,408.66666666666663
1.8123016559580156e-05,408.77777777777777
1.7620700888156325e-05,408.88888888888886
1.1269763631497344e-05,409.0
1.7604475857131395e-05,409.1111111111111
1.629589301617662e-05,409.2222222222222
1.1161408891447547e-05,409.3333333333333
1.2459216554709903e-05,409.4444444444444
5.03213992201058e-06,409.55555555555554
9.603058709078082e-06,409.66666666666663
1.585452501163329e-05,409.77777777777777
5.657980292725451e-06,409.88888888888886
1.3792696201507656e-05,410.0
9.932537084761079e-06,410.1111111111111
1.6794792001158225e-05,410.2222222222222
9.85103446752992e-06,410.3333333333333
5.360067339059478e-06,410.4444444444444
1.3765977702711601e-05,410.55555555555554
2.339566738670948e-05,410.66666666666663
3.997076244695905e-06,410.77777777777777
4.828898607663173e-06,410.88888888888886
1.5381820036589045e-05,411.0
1.4361840308264244e-06,411.1111111111111
5.338312077502101e-06,411.2222222222222
8.182711314517061e-06,411.3333333333333
1.4216993372919918e-05,411.4444444444444
5.529589240083615e-06,411.55555555555554
5.136063947365423e-06,411.66666666666663
7.5451851135241e-06,411.77777777777777
1.3126956248768086e-05,411.88888888888886
4.751686572250308e-06,412.0
8.616385392363647e-06,412.1111111111111
1.5708281930466382e-05,412.2222222222222
2.0094472302111816e-06,412.3333333333333
6.862747364903037e-06,412.4444444444444
8.795948275941125e-06,412.55555555555554
3.4391523824609938e-06,412.66666666666663
1.0352478212537293e-05,412.77777777777777
9.707899103995405e-06,412.88888888888886
4.087373110627098e-06,413.0
1.048073270326342e-05,413.1111111111111
7.408652925455642e-06,413.2222222222222
5.524010185774319e-06,413.3333333333333
8.135832427711882e-06,413.4444444444444
5.951499133222396e-06,413.55555555555554
4.735932703543789e-06,413.66666666666663
1.655849239857663e-05,413.77777777777777
1.935607495647878e-05,413.88888888888886
1.3272242236956582e-05,414.0
2.1535200318947068e-05,414.1111111111111
1.3326617896069194e-05,414.2222222222222
5.0628384278882815e-06,414.3333333333333
8.247163005909012e-06,414.4444444444444
8.687508479322048e-06,414.55555555555554
7.801830219540514e-06,414.66666666666663
6.00530873599855e-06,414.77777777777777
9.136481648272923e-06,414.88888888888886
9.23963780231988e-06,415.0
7.4832547527403595e-06,415.1111111111111
1.3283861531978348e-05,415.2222222222222
8.153160844657425e-06,415.3333333333333
1.590226412347148e-05,415.4444444444444
1.638521810987605e-05,415.55555555555554
1.5555616231201006e-06,415.66666666666663
9.002135645004148e-06,415.77777777777777
2.7155209776613013e-06,415.88888888888886
7.585717487059602e-06,416.0
1.840651131056228e-05,416.1111111111111
1.112324219098389e-05,416.2222222222222
1.2588239591546253e-05,416.3333333333333
1.3698812138169904e-05,416.4444444444444
1.1840503655673786e-05,416.55555555555554
2.15780440174912e-05,416.66666666666663
1.2793772334530222e-05,416.77777777777777
9.45903036045064e-06,416.88888888888886
1.0974528487227744e-05,417.0
7.146182844912044e-06,417.1111111111111
8.86972322260437e-06,417.2222222222222
8.546796865420003e-06,417.3333333333333
5.134799587265785e-06,417.4444444444444
1.536328958562993e-05,417.55555555555554
8.436869368395263e-06,417.66666666666663
1.0201041370179112e-05,417.77777777777777
1.214965121296797e-06,417.88888888888886
9.613516376992316e-06,418.0
1.5928929117111587e-05,418.1111111111111
6.847634940032425e-06,418.2222222222222
1.2428253151977291e-05,418.3333333333333
1.9037108200284202e-06,418.4444444444444
8.901803041958658e-06,418.55555555555554
9.240150114884519e-06,418.66666666666663
3.225459301215846e-06,418.77777777777777
6.390178424695556e-07,418.88888888888886
1.5674355874721818e-05,419.0
5.9424851419049535e-06,419.1111111111111
3.93196821129713e-06,419.2222222222222
7.025983513033609e-07,419.3333333333333
1.0632471406485286e-05,419.4444444444444
6.2936402586530144e-06,419.55555555555554
1.1934275502861658e-05,419.66666666666663
6.1213464363897305e-06,419.77777777777777
1.7142102959477694e-05,419.88888888888886
1.293425353541925e-05,420.0
8.926878643766537e-06,420.1111111111111
1.2117010586374665e-05,420.2222222222222
9.409907362556316e-06,420.3333333333333
7.03294947861802e-06,420.4444444444444
1.965360461756293e-05,420.55555555555554
1.3103310398147645e-05,420.66666666666663
1.2728831752097748e-05,420.77777777777777
1.3963617433211819e-05,420.88888888888886
4.157366512289077e-06,421.0
1.5172533675518026e-05,421.1111111111111
1.161510747712293e-05,421.2222222222222
4.390574102385505e-06,421.3333333333333
5.346187818704702e-06,421.4444444444444
1.0686260518191816e-05,421.55555555555554
9.206916019317486e-06,421.66666666666663
5.697897568123686e-06,421.77777777777777
1.1178096273325689e-05,421.88888888888886
6.03809676910393e-06,422.0
3.5537981215696335e-06,422.1111111111111
5.926871720560038e-06,422.2222222222222
1.2319725574373384e-05,422.3333333333333
1.2268669949290629e-05,422.4444444444444
1.2127973417957202e-05,422.55555555555554
6.3455589850256546e-06,422.66666666666663
5.059154818667685e-06,422.77777777777777
5.358189540618232e-06,422.88888888888886
1.0888820662493168e-05,423.0
1.2428022757611478e-05,423.1111111111111
2.5318225994331112e-06,423.2222222222222
7.157112828789242e-06,423.3333333333333
2.8270848161817133e-07,423.4444444444444
6.508380552912739e-06,423.55555555555554
7.036699831784502e-06,423.66666666666663
1.3740827744625633e-05,423.77777777777777
1.721197346768925e-05,423.88888888888886
4.555260466557187e-06,424.0
4.645439652124905e-06,424.1111111111111
1.836256827416036e-05,424.2222222222222
5.319133182152429e-06,424.3333333333333
4.575227220741124e-06,424.4444444444444
1.3027224008997205e-05,424.55555555555554
7.979701870913225e-06,424.66666666666663
1.5490791225782425e-06,424.77777777777777
8.32371753529455e-06,424.88888888888886
7.372349339968714e-06,425.0
1.3289692600083214e-05,425.1111111111111
1.1237476722355045e-05,425.2222222222222
1.1171854210292497e-05,425.3333333333333
4.790706605698677e-06,425.4444444444444
1.3633972703452604e-05,425.55555555555554
1.9221349833002954e-05,425.66666666666663
7.85460686532373e-06,425.77777777777777
2.577584626668107e-06,425.88888888888886
1.189254351877283e-05,426.0
2.1560907147370483e-05,426.1111111111111
3.383368879077566e-06,426.2222222222222
1.4365616028111706e-05,426.3333333333333
9.30030894414936e-06,426.4444444444444
4.559679252208311e-06,426.55555555555554
1.1731365756493242e-05,426.66666666666663
6.501893763967734e-06,426.77777777777777
7.209547409764006e-06,426.88888888888886
1.3790948892374746e-05,427.0
8.950220274822802e-06,427.1111111111111
1.976419991394208e-05,427.2222222222222
1.1024031631640891e-05,427.3333333333333
4.7080393320297245e-06,427.4444444444444
1.7650345296401037e-06,427.55555555555554
1.8437279574535726e-05,427.66666666666663
6.707375733666702e-06,427.77777777777777
6.045818322594639e-06,427.88888888888886
2.272100077895858e-05,428.0
8.288162918980687e-06,428.1111111111111
1.4609483246513391e-05,428.2222222222222
8.343908367399799e-06,428.3333333333333
1.303471801230867e-05,428.4444444444444
2.9781677527556275e-06,428.55555555555554
8.96972187468239e-06,428.66666666666663
1.0456182991117598e-06,428.77777777777777
1.0734297909252737e-05,428.88888888888886
1.1166603416223026e-05,429.0
5.8004588955072265e-06,429.1111111111111
4.705510957549214e-06,429.2222222222222
9.552454966081136e-06,429.3333333333333
1.1490971284291582e-05,429.4444444444444
9.076027026863983e-06,429.55555555555554
1.007224782216971e-05,429.66666666666663
1.8972951070992507e-05,429.77777777777777
1.2100161931230577e-05,429.88888888888886
4.586108815999521e-06,430.0
8.142445827415467e-07,430.1111111111111
7.939950780255589e-06,430.2222222222222
3.908194334479195e-06,430.3333333333333
6.907108645013177e-06,430.4444444444444
1.1260969816460011e-05,430.55555555555554
1.3862079055638763e-05,430.66666666666663
4.54477299972335e-06,430.77777777777777
7.873814671866836e-06,430.88888888888886
7.451449482211217e-06,431.0
1.274809527229128e-05,431.1111111111111
3.276711318310622e-06,431.2222222222222
3.5851972590489194e-06,431.3333333333333
5.775723855051733e-06,431.4444444444444
1.4090364773709306e-05,431.55555555555554
1.0857721224709393e-05,431.66666666666663
2.218113830538029e-06,431.77777777777777
1.949353366872675e-05,431.88888888888886
1.5215310100044399e-05,432.0
1.0060773749359879e-05,432.1111111111111
6.229152295269229e-06,432.2222222222222
9.04347475617216e-06,432.3333333333333
2.9526917095059082e-06,432.4444444444444
1.0374853008308827e-05,432.55555555555554
2.4765388283293583e-06,432.66666666666663
5.783423295543483e-06,432.77777777777777
6.424247770943346e-06,432.88888888888886
3.2537258936201527e-06,433.0
2.135422959157764e-06,433.1111111111111
1.855397907788712e-05,433.2222222222222
1.3887290401067466e-05,433.3333333333333
6.006303591683011e-06,433.4444444444444
6.179698332478446e-06,433.55555555555554
1.3386179516134727e-05,433.66666666666663
6.785936838451519e-06,433.77777777777777
3.5216831916349145e-06,433.88888888888886
3.4371344539331906e-06,434.0
1.2909545201674473e-05,434.1111111111111
1.030522099451201e-05,434.2222222222222
7.614101799558995e-06,434.3333333333333
9.755233993034718e-06,434.4444444444444
1.0374887449297916e-05,434.55555555555554
6.088295728869571e-06,434.66666666666663
3.955283477076111e-06,434.77777777777777
1.796923850940661e-05,434.88888888888886
1.2326636746544101e-05,435.0
3.7832689546053127e-06,435.1111111111111
3.0745051589160634e-06,435.2222222222222
5.9794087912221235e-06,435.3333333333333
1.0316361874932278e-05,435.4444444444444
1.6479703303573504e-05,435.55555555555554
1.0430415665639009e-05,435.66666666666663
1.7583360613065167e-05,435.77777777777777
1.0549420166968489e-05,435.88888888888886
4.344852898143667e-06,436.0
1.172478021108943e-06,436.1111111111111
2.1355265276365627e-05,436.2222222222222
1.0533753939411945e-05,436.3333333333333
1.134777420711247e-06,436.4444444444444
3.7315501778743184e-06,436.55555555555554
9.06508515026249e-06,436.66666666666663
1.1926672273025193e-05,436.77777777777777
1.1196139169254465e-05,436.88888888888886
1.235020685620732e-06,437.0
5.7334298511549935e-06,437.1111111111111
2.087293666740971e-05,437.2222222222222
1.458112129390901e-05,437.3333333333333
1.2009386162541444e-05,437.4444444444444
1.1559506326433301e-05,437.55555555555554
9.861617069497881e-06,437.66666666666663
8.903412121261028e-06,437.77777777777777
7.861834874821153e-06,437.88888888888886
1.190141330267161e-05,438.0
8.296189231339806e-06,438.1111111111111
5.3920820250761295e-06,438.2222222222222
8.44891445137035e-06,438.3333333333333
8.540695809789485e-06,438.4444444444444
3.842162357394091e-06,438.55555555555554
7.817863378666047e-06,438.66666666666663
1.4948560156947053e-05,438.77777777777777
1.4431513589780103e-05,438.88888888888886
1.5216383822210036e-05,439.0
2.0748616074757397e-05,439.1111111111111
1.7310433224167784e-06,439.2222222222222
5.697009664594879e-06,439.3333333333333
1.3246569123071954e-05,439.4444444444444
1.3793819223786491e-05,439.55555555555554
8.111449150623179e-06,439.66666666666663
1.4476180900409929e-05,439.77777777777777
1.8545528303503093e-05,439.88888888888886
4.4704904216599756e-06,440.0
4.927488009591468e-06,440.1111111111111
1.7012946602164816e-05,440.2222222222222
1.775094190899861e-05,440.3333333333333
3.804781485629184e-06,440.4444444444444
8.277545444718243e-06,440.55555555555554
1.446045748204834e-05,440.66666666666663
6.720007702435765e-06,440.77777777777777
8.975583278817267e-06,440.88888888888886
1.252877407644942e-05,441.0
2.5530263702653946e-06,441.1111111111111
1.3078271526367824e-05,441.2222222222222
8.815518427972331e-06,441.3333333333333
5.093778272633327e-06,441.4444444444444
1.4948451558904113e-05,441.55555555555554
1.094771711926112e-05,441.66666666666663
6.162983555783196e-06,441.77777777777777
1.4937491536590946e-05,441.88888888888886
2.883228086849693e-06,442.0
1.888155054948767e-05,442.1111111111111
1.2906719013234368e-05,442.2222222222222
3.656640785963429e-06,442.3333333333333
5.233130170240212e-06,442.4444444444444
1.8622908629102896e-05,442.55555555555554
9.53724623962742e-06,442.66666666666663
4.169712632078205e-06,442.77777777777777
9.650653909403336e-06,442.88888888888886
7.655555428671049e-06,443.0
1.070397658183812e-05,443.1111111111111
1.4096618465550085e-05,443.2222222222222
9.241832486746817e-06,443.3333333333333
1.2718017898898703e-05,443.4444444444444
1.1389454027937116e-05,443.55555555555554
6.779405912518914e-06,443.66666666666663
1.8104559134572465e-05,443.77777777777777
1.0903540197828036e-05,443.88888888888886
4.907518082435096e-06,444.0
1.1604913453387724e-05,444.1111111111111
1.4686057247911433e-07,444.2222222222222
1.9209629323641707e-05,444.3333333333333
1.2717603021793504e-05,444.4444444444444
1.1345418647942944e-05,444.55555555555554
3.4873653545100694e-06,444.66666666666663
7.441632599319646e-06,444.77777777777777
1.559130702624997e-05,444.88888888888886
9.525761777421851e-06,445.0
8.091530784407413e-06,445.1111111111111
6.77716698248306e-06,445.2222222222222
3.355540101865462e-06,445.3333333333333
2.129487886731572e-05,445.4444444444444
6.158750013297052e-06,445.55555555555554
6.054074626199685e-06,445.66666666666663
2.110723521868093e-06,445.77777777777777
4.881539683980633e-06,445.88888888888886
6.814956405693452e-06,446.0
7.4682377740929525e-06,446.1111111111111
2.4591198171953635e-05,446.2222222222222
1.1090326145362496e-05,446.3333333333333
1.2780680465128512e-05,446.4444444444444
1.4116486661772889e-05,446.55555555555554
1.081405002074226e-05,446.66666666666663
7.920606647830266e-06,446.77777777777777
5.275144973621222e-06,446.88888888888886
1.4801287181550827e-05,447.0
6.708444850435869e-06,447.1111111111111
1.1412284770583316e-05,447.2222222222222
1.7110854732565e-05,447.3333333333333
8.379184936142479e-06,447.4444444444444
9.778516107665179e-06,447.55555555555554
1.7402129222801334e-05,447.66666666666663
6.11089735916041e-06,447.77777777777777
1.8584927506285534e-05,447.88888888888886
5.95797133231493e-06,448.0
9.689237244472773e-06,448.1111111111111
8.379716098322728e-06,448.2222222222222
8.108213420160323e-06,448.3333333333333
1.1329743864874899e-05,448.4444444444444
2.731782133236163e-06,448.55555555555554
5.3533511018371445e-06,448.66666666666663
6.008814486046207e-06,448.77777777777777
1.4217586923445615e-05,448.88888888888886
7.1574589521494436e-06,449.0
1.1119315436016494e-05,449.1111111111111
6.122543809073086e-06,449.2222222222222
1.1318380042032306e-05,449.3333333333333
1.257143033002439e-05,449.4444444444444
3.6216618609276016e-06,449.55555555555554
9.452324475114156e-06,449.66666666666663
5.748739105990865e-06,449.77777777777777
6.075420866598822e-06,449.88888888888886
1.5057714053954958e-05,450.0
1.1180487643762135e-05,450.1111111111111
2.948485070366389e-06,450.2222222222222
1.05345253249627e-05,450.3333333333333
1.0561558667851595e-05,450.4444444444444
6.443117471593116e-06,450.55555555555554
7.1632990200191674e-06,450.66666666666663
1.1013463226076322e-05,450.77777777777777
1.886864207613905e-05,450.88888888888886
8.789502661483909e-06,451.0
5.3426827493512e-06,451.1111111111111
5.969619549676142e-06,451.2222222222222
1.0459697912579734e-05,451.3333333333333
1.2614707110457335e-05,451.4444444444444
2.754317053352537e-06,451.55555555555554
7.067144594706165e-06,451.66666666666663
1.979332611544637e-05,451.77777777777777
8.8413026975456e-06,451.88888888888886
2.36458820951196e-06,452.0
1.434721130467011e-05,452.1111111111111
5.381131645541996e-06,452.2222222222222
4.993356428913575e-06,452.3333333333333
1.69096983810448e-05,452.4444444444444
7.08822749184227e-06,452.55555555555554
1.4826903261870717e-05,452.66666666666663
1.0474349436606758e-05,452.77777777777777
1.1752082440414769e-05,452.88888888888886
1.552933573250347e-05,453.0
5.351155521284537e-06,453.1111111111111
4.737253116818182e-06,453.2222222222222
6.378657767861384e-06,453.3333333333333
7.227899463956697e-06,453.4444444444444
1.3007278900453363e-05,453.55555555555554
1.0639357083469026e-05,453.66666666666663
6.80616595652462e-06,453.77777777777777
1.4856243396754814e-05,453.88888888888886
1.355476348054837e-05,454.0
1.0302129895215165e-05,454.1111111111111
1.0486365081630499e-05,454.2222222222222
4.509139687489416e-06,454.3333333333333
1.8351154062835142e-05,454.4444444444444
5.330145055256717e-06,454.55555555555554
5.6326440835156576e-06,454.66666666666663
5.320414480977648e-06,454.77777777777777
8.381962228885087e-06,454.88888888888886
1.6401476753305983e-05,455.0
1.5642905613584747e-05,455.1111111111111
1.5780620995321444e-05,455.2222222222222
1.55306662931797e-05,455.3333333333333
1.063408628988731e-05,455.4444444444444
7.711692900868206e-06,455.55555555555554
1.747176916450275e-05,455.66666666666663
8.519529897649278e-06,455.77777777777777
1.3353782668511443e-05,455.88888888888886
3.225483609988731e-06,456.0
7.806707586580238e-06,456.1111111111111
1.2134546408025247e-05,456.2222222222222
6.102830902706603e-06,456.3333333333333
6.22233208605068e-06,456.4444444444444
5.063247217797031e-06,456.55555555555554
7.719942063396659e-06,456.66666666666663
1.1548162978424681e-05,456.77777777777777
1.1301637140512452e-05,456.88888888888886
1.1469683888851548e-05,457.0
3.6175923062413173e-06,457.1111111111111
8.635476153147275e-06,457.2222222222222
4.224973437600803e-06,457.3333333333333
5.864590771341413e-06,457.4444444444444
9.683293076592841e-06,457.55555555555554
8.139463569213004e-06,457.66666666666663
9.67761155950448e-06,457.77777777777777
1.2775270141081607e-05,457.88888888888886
8.924421649859782e-06,458.0
1.2327267059179217e-05,458.1111111111111
9.231000365014642e-06,458.2222222222222
4.880567189644854e-06,458.3333333333333
2.9891911178696898e-06,458.4444444444444
3.560909649881917e-06,458.55555555555554
1.2336666359268754e-05,458.66666666666663
1.322102020336908e-05,458.77777777777777
1.3087486136041447e-06,458.88888888888886
1.070992780432427e-05,459.0
5.962053527540138e-06,459.1111111111111
5.662194422420629e-06,459.2222222222222
3.1065821415791774e-06,459.3333333333333
4.351110405046051e-06,459.4444444444444
1.2398888081335847e-05,459.55555555555554
8.134349219855723e-06,459.66666666666663
1.1056887584746873e-05,459.77777777777777
5.2625650582002415e-06,459.88888888888886
4.526880546567849e-06,460.0
1.1348172564628486e-05,460.1111111111111
4.636531042377842e-06,460.2222222222222
3.7057955703541127e-06,460.3333333333333
7.6176985585736005e-06,460.4444444444444
9.721444005904899e-06,460.55555555555554
1.0242760603264788e-05,460.66666666666663
1.1065777182778652e-05,460.77777777777777
6.739632547572189e-06,460.88888888888886
6.348430726914554e-06,461.0
3.4488953692700533e-06,461.1111111111111
8.544097960030576e-06,461.2222222222222
7.826664985660467e-06,461.3333333333333
1.721497857377796e-05,461.4444444444444
1.195071693637893e-05,461.55555555555554
5.085893464748798e-06,461.66666666666663
1.3521917239446151e-05,461.77777777777777
9.614198119159077e-06,461.88888888888886
1.0148810523393118e-05,462.0
6.805188701877712e-06,462.1111111111111
2.282597258162789e-06,462.2222222222222
1.121900798105523e-05,462.3333333333333
1.2975765333119684e-05,462.4444444444444
1.2426730236358467e-05,462.55555555555554
1.8574445071567365e-05,462.66666666666663
8.523573939995908e-06,462.77777777777777
1.3991303243505885e-05,462.88888888888886
1.2217633517772877e-05,463.0
1.549368605639857e-05,463.1111111111111
1.0484260607906869e-05,463.2222222222222
1.1217660791399733e-05,463.3333333333333
1.2796715374375049e-05,463.4444444444444
7.999886932188115e-06,463.55555555555554
5.0428586942371615e-06,463.66666666666663
8.728707651370567e-06,463.77777777777777
1.9098247149061513e-05,463.88888888888886
8.589205526475911e-06,464.0
5.470569068266223e-06,464.1111111111111
1.8207705152581343e-05,464.2222222222222
2.112180760408208e-06,464.3333333333333
1.540477368059837e-05,464.4444444444444
2.598298436751424e-06,464.55555555555554
1.0568813837059619e-05,464.66666666666663
7.592434206707381e-06,464.77777777777777
1.2863361900736858e-05,464.88888888888886
1.577144705916915e-05,465.0
1.2641346255489128e-05,465.1111111111111
4.356667437267716e-06,465.2222222222222
9.791342567273691e-06,465.3333333333333
9.604769544600796e-06,465.4444444444444
7.831791176791204e-06,465.55555555555554
9.251735205088775e-06,465.66666666666663
1.0726763559658889e-05,465.77777777777777
1.4095903788690397e-05,465.88888888888886
7.29715171536152e-06,466.0
1.7907229503804227e-06,466.1111111111111
4.239289925214584e-06,466.2222222222222
1.0694747778000748e-05,466.3333333333333
9.526998466050157e-06,466.4444444444444
1.1422434031385522e-05,466.55555555555554
7.091024683989574e-06,466.66666666666663
1.3405700088207105e-05,466.77777777777777
6.3229775134325055e-06,466.88888888888886
8.209529786922491e-06,467.0
1.1041129600037477e-05,467.1111111111111
2.9587817423465275e-06,467.2222222222222
6.816084994337457e-06,467.3333333333333
1.5558842968490963e-06,467.4444444444444
1.4403146519569024e-05,467.55555555555554
9.357832186752208e-06,467.66666666666663
9.943633226570232e-06,467.77777777777777
2.161954682269481e-05,467.88888888888886
1.4859037714939971e-05,468.0
9.998098469033134e-06,468.1111111111111
9.897575160305471e-06,468.2222222222222
9.725813758261953e-06,468.3333333333333
7.80510283244467e-06,468.4444444444444
6.085352614430798e-06,468.55555555555554
1.2547050677787174e-05,468.66666666666663
1.2363123574024614e-05,468.77777777777777
1.830485299310453e-06,468.88888888888886
1.6275738274703554e-05,469.0
5.684484620066792e-06,469.1111111111111
3.3615797013648777e-06,469.2222222222222
1.9377339270389622e-05,469.3333333333333
7.160429702794783e-06,469.4444444444444
5.706034263770306e-06,469.55555555555554
1.627241683455126e-05,469.66666666666663
1.4025885618143147e-05,469.77777777777777
1.3697067279324277e-05,469.88888888888886
9.642816833891311e-06,470.0
1.0164107862319658e-05,470.1111111111111
6.2905729070018224e-06,470.2222222222222
7.008475151320243e-06,470.3333333333333
1.2681051844063577e-05,470.4444444444444
7.891236610531182e-06,470.55555555555554
1.1280493843597519e-06,470.66666666666663
6.076624080508462e-06,470.77777777777777
1.5088064823445262e-05,470.88888888888886
1.28081049876875e-05,471.0
1.188239180924723e-05,471.1111111111111
4.794077520141291e-06,471.2222222222222
1.63776648393582e-05,471.3333333333333
1.0288653862372853e-06,471.4444444444444
6.233851477909814e-06,471.55555555555554
6.772605399451928e-06,471.66666666666663
9.879492281857893e-06,471.77777777777777
8.528163333116499e-06,471.88888888888886
1.598144150371057e-05,472.0
1.3841731372162296e-05,472.1111111111111
9.494753464967636e-06,472.2222222222222
9.948618128223816e-06,472.3333333333333
1.8097451616824882e-06,472.4444444444444
8.983127249207372e-06,472.55555555555554
1.4161380512246148e-05,472.66666666666663
5.597907887556634e-06,472.77777777777777
1.8428151214713013e-05,472.88888888888886
9.241910226735956e-06,473.0
5.746381689281648e-06,473.1111111111111
6.512767493221582e-06,473.2222222222222
3.6969658610547226e-06,473.3333333333333
8.004000377952767e-06,473.4444444444444
2.4526246139274006e-06,473.55555555555554
9.277222157553515e-06,473.66666666666663
6.598667896403814e-06,473.77777777777777
4.1930259427487515e-06,473.88888888888886
9.062882551354294e-06,474.0
1.754604971949617e-05,474.1111111111111
1.631825625864208e-05,474.2222222222222
6.3770274603078314e-06,474.3333333333333
1.6959837555992292e-05,474.4444444444444
9.014680911363569e-06,474.55555555555554
5.374188025200483e-06,474.66666666666663
7.606868302227643e-06,474.77777777777777
1.5370300884515996e-05,474.88888888888886
9.807198775213948e-06,475.0
7.5032255185335435e-06,475.1111111111111
7.692232553739827e-06,475.2222222222222
1.80969380265368e-05,475.3333333333333
2.7377044584423697e-06,475.4444444444444
1.4883549335512411e-06,475.55555555555554
9.330916140938411e-06,475.66666666666663
6.840317296087911e-06,475.77777777777777
8.354827942137599e-06,475.88888888888886
5.198746509151077e-06,476.0
1.821570390835504e-05,476.1111111111111
2.0010508732326305e-05,476.2222222222222
1.0531888652403201e-05,476.3333333333333
8.887220691336887e-06,476.4444444444444
4.83669615957724e-06,476.55555555555554
1.4593308759220482e-05,476.66666666666663
6.924724568076322e-06,476.77777777777777
1.4025176996188128e-05,476.88888888888886
6.26000106818064e-06,477.0
9.975228971870629e-06,477.1111111111111
3.6282227096744216e-06,477.2222222222222
1.1451381792867086e-05,477.3333333333333
7.970480624798524e-06,477.4444444444444
9.515790328642938e-06,477.55555555555554
1.2679691785693557e-05,477.66666666666663
1.7647593634539853e-05,477.77777777777777
3.5960886203258633e-06,477.88888888888886
5.440267799542174e-06,478.0
4.011713214334506e-06,478.1111111111111
1.4068325849321217e-05,478.2222222222222
2.6059320603604593e-05,478.3333333333333
1.20597065464227e-05,478.4444444444444
1.0162902366358351e-05,478.55555555555554
1.0362610485342884e-05,478.66666666666663
5.4649892663565145e-06,478.77777777777777
7.460793921519559e-06,478.88888888888886
8.3883626958857e-06,479.0
9.638016084864948e-06,479.1111111111111
5.03909099346194e-06,479.2222222222222
1.3044044814962002e-06,479.3333333333333
4.222478017213979e-06,479.4444444444444
1.0094118287588502e-05,479.55555555555554
6.568413267349516e-06,479.66666666666663
5.156871535159809e-06,479.77777777777777
3.9495749979810176e-06,479.88888888888886
2.9150180927968632e-06,480.0
1.3714488253481295e-05,480.1111111111111
3.0563199300800674e-06,480.2222222222222
8.017816844137037e-06,480.3333333333333
4.2646072725703885e-06,480.4444444444444
1.1040410422323022e-05,480.55555555555554
1.0920023687619395e-05,480.66666666666663
1.3065973778403683e-05,480.77777777777777
2.278575434854533e-06,480.88888888888886
2.1803030544764873e-05,481.0
1.0945531540914156e-05,481.1111111111111
4.062174051019752e-06,481.2222222222222
1.992181130152836e-06,481.3333333333333
1.0569351794748233e-05,481.4444444444444
3.005081490834343e-06,481.55555555555554
1.9892014594272722e-05,481.66666666666663
8.865068510183336e-06,481.77777777777777
4.9530442075605205e-06,481.88888888888886
1.281447958001163e-05,482.0
9.1337623892261e-06,482.1111111111111
4.510956930434644e-06,482.2222222222222
1.8651559902688454e-05,482.3333333333333
7.23928980940695e-06,482.4444444444444
1.0043692519612903e-05,482.55555555555554
6.800355335347449e-06,482.66666666666663
3.6816623997029534e-06,482.77777777777777
5.259781681972187e-06,482.88888888888886
1.2920783141263805e-05,483.0
6.845936115281363e-06,483.1111111111111
5.64681408979881e-06,483.2222222222222
8.221748413132227e-06,483.3333333333333
3.994554726898176e-06,483.4444444444444
1.383449746554608e-05,483.55555555555554
5.02702264247429e-06,483.66666666666663
1.4797097873367558e-05,483.77777777777777
7.744900392595639e-06,483.88888888888886
6.7396040529611974e-06,484.0
1.3102471967965524e-05,484.1111111111111
9.1549121536213e-06,484.2222222222222
5.261238215330163e-06,484.3333333333333
1.3975758298531925e-05,484.4444444444444
9.709688206350216e-06,484.55555555555554
1.6107529852228438e-05,484.66666666666663
1.8025152694348291e-06,484.77777777777777
5.779242224915299e-06,484.88888888888886
1.4075068817316974e-05,485.0
1.548640026509711e-05,485.1111111111111
1.677012532474242e-05,485.2222222222222
1.8536532051290477e-06,485.3333333333333
1.43730272621912e-06,485.4444444444444
7.712608467247997e-06,485.55555555555554
9.3212957273583e-06,485.66666666666663
1.5937815688576037e-05,485.77777777777777
7.78552376922875e-06,485.88888888888886
1.330675834201273e-05,486.0
9.742727808994733e-06,486.1111111111111
1.547616291189268e-05,486.2222222222222
6.049568716155235e-06,486.3333333333333
8.827648644910318e-06,486.4444444444444
1.2244549807682541e-05,486.55555555555554
4.511975245346844e-06,486.66666666666663
4.558927267232979e-06,486.77777777777777
6.778540309349943e-06,486.88888888888886
9.516791450353154e-06,487.0
9.575946583542595e-06,487.1111111111111
8.472738700187316e-06,487.2222222222222
1.39706063664817e-05,487.3333333333333
4.480232621525545e-06,487.4444444444444
3.6784307638865027e-06,487.55555555555554
8.796310975198666e-06,487.66666666666663
1.7224937632798774e-06,487.77777777777777
2.3239064253684383e-05,487.88888888888886
2.0499377194923538e-05,488.0
9.064658952507789e-06,488.1111111111111
6.975221217766109e-06,488.2222222222222
9.865774356930895e-06,488.3333333333333
7.954655316180278e-06,488.4444444444444
1.1862630368745242e-05,488.55555555555554
9.647349549520286e-06,488.66666666666663
1.4166858668557743e-05,488.77777777777777
4.912750786472756e-06,488.88888888888886
1.7412593942034978e-05,489.0
8.309184265828676e-06,489.1111111111111
6.451464310106668e-06,489.2222222222222
2.9798792578280226e-06,489.3333333333333
4.31450158245773e-06,489.4444444444444
1.574970431718002e-05,489.55555555555554
8.931096545606592e-06,489.66666666666663
5.025459498373119e-06,489.77777777777777
4.608146604562224e-06,489.88888888888886
1.5584739571485737e-05,490.0
1.1503350446285259e-05,490.1111111111111
1.2269409314893127e-05,490.2222222222222
9.698903126549842e-06,490.3333333333333
8.887666897087656e-06,490.4444444444444
8.747130689390084e-06,490.55555555555554
7.5464920831805746e-06,490.66666666666663
1.7062166642866173e-05,490.77777777777777
3.152740597369809e-06,490.88888888888886
8.777792402941016e-06,491.0
1.2644673459426675e-05,491.1111111111111
9.130076160493457e-06,491.2222222222222
5.745259152747418e-06,491.3333333333333
2.0988189237544498e-05,491.4444444444444
6.4390639908507725e-06,491.55555555555554
1.223639916509157e-05,491.66666666666663
1.0316865401997173e-05,491.77777777777777
1.1505431398792773e-05,491.88888888888886
1.3766321811647393e-05,492.0
8.88984389005552e-06,492.1111111111111
1.4196674891626342e-05,492.2222222222222
7.820262878387059e-06,492.3333333333333
4.54235033721156e-06,492.4444444444444
1.1778507589194319e-05,492.55555555555554
1.0300298802647779e-05,492.66666666666663
2.1361038627974773e-06,492.77777777777777
1.0059728960704999e-05,492.88888888888886
1.0145998871501066e-05,493.0
7.18572043337001e-06,493.1111111111111
1.0386302724735713e-05,493.2222222222222
1.032921598610317e-05,493.3333333333333
7.778580872930501e-06,493.4444444444444
4.643939144915576e-06,493.55555555555554
7.4477672922933195e-06,493.66666666666663
5.2893859134679075e-06,493.77777777777777
1.7041839887130393e-05,493.88888888888886
1.164346813944453e-05,494.0
5.70632501754017e-06,494.1111111111111
7.206228778901451e-06,494.2222222222222
8.929962832629393e-06,494.3333333333333
5.1479563454967095e-06,494.4444444444444
1.1503030347176777e-06,494.55555555555554
9.429362338475317e-06,494.66666666666663
1.0761458448391651e-05,494.77777777777777
1.1069492284751351e-05,494.88888888888886
1.2574872944611347e-05,495.0
1.3851104882746238e-05,495.1111111111111
6.91991932151377e-06,495.2222222222222
5.155795495893463e-06,495.3333333333333
9.345539048879504e-06,495.4444444444444
1.007892869237036e-05,495.55555555555554
7.962253072935967e-06,495.66666666666663
8.595982691706101e-06,495.77777777777777
1.8977712529706567e-05,495.88888888888886
8.735559003925428e-06,496.0
5.417467799185059e-06,496.1111111111111
1.1393351848077055e-05,496.2222222222222
7.2356723265630234e-06,496.3333333333333
1.0080026326788733e-05,496.4444444444444
1.9183775051589012e-05,496.55555555555554
5.497261521467336e-06,496.66666666666663
2.13948267227572e-05,496.77777777777777
8.377418915640293e-06,496.88888888888886
4.479358573262845e-06,497.0
5.938798099141567e-06,497.1111111111111
3.345991203432455e-06,497.2222222222222
1.5779967254814505e-05,497.3333333333333
1.1842851002457926e-05,497.4444444444444
1.7768462654263838e-05,497.55555555555554
1.9565803783551192e-05,497.66666666666663
5.8961489919313344e-06,497.77777777777777
6.549416890490405e-06,497.88888888888886
1.2831064869341127e-05,498.0
9.912037480471911e-06,498.1111111111111
6.197405366664914e-06,498.2222222222222
9.405217326143064e-06,498.3333333333333
1.2572061222928363e-05,498.4444444444444
9.096383273569751e-06,498.55555555555554
7.621456503284838e-06,498.66666666666663
3.873762148038446e-06,498.77777777777777
1.0312681393563847e-05,498.88888888888886
1.8762706453934755e-06,499.0
1.7016166677360557e-05,499.1111111111111
1.3585233800431051e-05,499.2222222222222
2.4091759004735414e-06,499.3333333333333
1.4142562537638212e-05,499.4444444444444
4.4709069578767574e-06,499.55555555555554
9.34446800772054e-06,499.66666666666663
1.1034665858109779e-05,499.77777777777777
6.367280272870017e-06,499.88888888888886
1.1555555555555566e-05,500.0
