Amplitude,Frequency
0.054600444444444465,0.0
0.00031111385081839963,0.1111111111111111
0.00010301859509905263,0.2222222222222222
8.338266240124728e-05,0.3333333333333333
0.0001228713206681507,0.4444444444444444
2.516364537392273e-05,0.5555555555555556
0.0002709343649469613,0.6666666666666666
0.0003480747094752647,0.7777777777777777
0.00014154921514527853,0.8888888888888888
4.989644588805078e-05,1.0
3.323760028450661e-05,1.1111111111111112
4.2626575612361386e-05,1.222222222222222
1.2401895559659664e-05,1.3333333333333333
3.5829425385110375e-05,1.4444444444444444
1.8099015737176886e-05,1.5555555555555554
2.7784183301141583e-05,1.6666666666666665
3.059020310817461e-05,1.7777777777777777
1.5552011484963005e-05,1.8888888888888888
4.8496595850472754e-05,2.0
2.1491255900597314e-05,2.111111111111111
0.00012207264114459104,2.2222222222222223
9.9513484978803e-05,2.333333333333333
1.7348308428097072e-05,2.444444444444444
1.1684164182111705e-05,2.5555555555555554
1.3719266663802305e-05,2.6666666666666665
3.6211810499791683e-06,2.7777777777777777
1.099301614411576e-05,2.888888888888889
1.0893748558319765e-05,3.0
4.304455370149776e-06,3.1111111111111107
1.3535275084560846e-05,3.222222222222222
4.117552031299913e-06,3.333333333333333
1.1156487221862586e-05,3.444444444444444
1.4923309068000785e-05,3.5555555555555554
1.4673302156258715e-05,3.6666666666666665
7.546452417522331e-05,3.7777777777777777
6.154628625016823e-05,3.888888888888889
1.174904923829623e-05,4.0
2.0466617642154788e-05,4.111111111111111
2.066247652979319e-05,4.222222222222222
1.276689108845011e-05,4.333333333333333
1.965127967923832e-05,4.444444444444445
1.2928932776538303e-05,4.555555555555555
1.7040460580339353e-05,4.666666666666666
1.6902062120750454e-05,4.777777777777778
1.254803720603301e-05,4.888888888888888
2.4561624621535807e-05,5.0
1.059055873766537e-05,5.111111111111111
3.821185637395726e-05,5.222222222222222
4.061041793486865e-05,5.333333333333333
2.9734095718510406e-05,5.444444444444444
4.616401741430791e-06,5.555555555555555
1.2345887482192292e-05,5.666666666666666
1.1216810472752403e-05,5.777777777777778
1.0171132363550165e-05,5.888888888888888
1.3385839980858308e-05,6.0
7.933242256591654e-06,6.111111111111111
1.3912755757491707e-05,6.222222222222221
1.0257943700347068e-05,6.333333333333333
1.0474135329047666e-05,6.444444444444444
1.879109470482158e-05,6.555555555555555
1.1072482036808716e-05,6.666666666666666
4.3493138767666003e-05,6.777777777777778
3.930422813897167e-05,6.888888888888888
4.398221504952211e-06,7.0
1.1651379500199489e-05,7.111111111111111
1.1109262244071432e-05,7.222222222222221
5.90134201361975e-06,7.333333333333333
1.0653436007293174e-05,7.444444444444444
7.423125521558581e-06,7.555555555555555
8.26348420966749e-06,7.666666666666666
9.485142911767164e-06,7.777777777777778
5.086822324249958e-06,7.888888888888888
1.1131139197562906e-05,8.0
2.2107930718382776e-06,8.11111111111111
7.319315442876052e-06,8.222222222222221
2.8076385597298666e-05,8.333333333333332
3.184830234864599e-05,8.444444444444445
5.15593732535656e-06,8.555555555555555
1.1728341260683585e-05,8.666666666666666
1.1178008727484112e-05,8.777777777777777
8.92826282413494e-06,8.88888888888889
1.1213958736485837e-05,9.0
7.53733556490494e-06,9.11111111111111
1.1120700816108957e-05,9.222222222222221
8.87908087103073e-06,9.333333333333332
9.325223397775208e-06,9.444444444444445
1.4878818257673945e-05,9.555555555555555
1.0854214928971052e-05,9.666666666666666
2.203075331855217e-05,9.777777777777777
2.3506118740559308e-05,9.888888888888888
1.3400811186972739e-05,10.0
5.89328022857877e-06,10.11111111111111
4.6239885325217744e-06,10.222222222222221
3.104327084795278e-06,10.333333333333332
5.435729936063522e-06,10.444444444444445
4.933298763282137e-06,10.555555555555555
3.0035930294584197e-06,10.666666666666666
6.245428441127385e-06,10.777777777777777
1.9134880745895634e-06,10.888888888888888
4.763461911910842e-06,11.0
7.814843788272553e-06,11.11111111111111
5.827456010497986e-06,11.222222222222221
2.1413164980553216e-05,11.333333333333332
2.566646376290965e-05,11.444444444444445
2.7249031526891214e-06,11.555555555555555
7.84650679892631e-06,11.666666666666666
6.2663304549120065e-06,11.777777777777777
4.063528474587461e-06,11.888888888888888
5.9069776340473275e-06,12.0
3.1325573236053975e-06,12.11111111111111
5.580055300708009e-06,12.222222222222221
3.928403941183809e-06,12.333333333333332
4.660261548420331e-06,12.444444444444443
6.800839876752901e-06,12.555555555555555
6.7015854167148864e-06,12.666666666666666
5.648692369852051e-06,12.777777777777777
1.7178414541975047e-05,12.888888888888888
1.7389472823857384e-05,13.0
3.836783055031534e-06,13.11111111111111
3.5805503872246837e-06,13.222222222222221
3.954107219589312e-06,13.333333333333332
3.1787079138865665e-06,13.444444444444443
3.778921430744951e-06,13.555555555555555
1.5042150412412525e-06,13.666666666666666
4.367059026531291e-06,13.777777777777777
2.2260338319724514e-06,13.888888888888888
3.662376876104403e-06,14.0
7.100591830135284e-06,14.11111111111111
7.221119499660508e-06,14.222222222222221
1.1027922155009159e-05,14.333333333333332
1.8453821790737234e-05,14.444444444444443
9.218539228409517e-06,14.555555555555555
3.942084729986102e-06,14.666666666666666
1.4230020329803523e-06,14.777777777777777
2.205076717719633e-06,14.888888888888888
1.0619815036497658e-06,15.0
1.2905698761162489e-06,15.11111111111111
1.8634745942497136e-06,15.222222222222221
1.1458343337653887e-06,15.333333333333332
3.0807697946839843e-06,15.444444444444443
5.923911025632333e-07,15.555555555555555
7.649415805532945e-06,15.666666666666666
2.8612203088990245e-06,15.777777777777777
1.2835199419425548e-05,15.888888888888888
1.5109629096459625e-05,16.0
6.1794663001289235e-06,16.11111111111111
2.6956867504511504e-06,16.22222222222222
1.540669438169299e-06,16.333333333333332
1.8326704541971073e-06,16.444444444444443
9.59561504386121e-07,16.555555555555554
1.0223929590433174e-06,16.666666666666664
1.6138000642808854e-06,16.77777777777778
1.2741397596562997e-06,16.88888888888889
2.372173340625797e-06,17.0
1.9925678667390556e-06,17.11111111111111
7.3856426901475156e-06,17.22222222222222
3.127808768566749e-06,17.333333333333332
1.5223490338147923e-05,17.444444444444443
1.1938252751359984e-05,17.555555555555554
3.306331054755961e-06,17.666666666666664
4.015708891589062e-06,17.77777777777778
3.763330304250968e-06,17.88888888888889
1.1594641665093003e-06,18.0
3.166904821178455e-06,18.11111111111111
2.7292539706848604e-06,18.22222222222222
2.248035140658961e-06,18.333333333333332
4.103804943944478e-06,18.444444444444443
1.9868206168309592e-06,18.555555555555554
6.478486479643118e-06,18.666666666666664
3.489631260526731e-06,18.777777777777775
5.227987563425486e-06,18.88888888888889
1.2134728274673002e-05,19.0
1.0350026030805284e-05,19.11111111111111
9.885130432429931e-07,19.22222222222222
2.870197954887833e-06,19.333333333333332
4.372571762262193e-06,19.444444444444443
1.8606315913084997e-06,19.555555555555554
3.7207689401702676e-06,19.666666666666664
2.839975035014347e-06,19.777777777777775
3.4474518242616216e-06,19.88888888888889
4.20839254583515e-06,20.0
2.8950441991652724e-06,20.11111111111111
9.027117251241265e-06,20.22222222222222
5.443051060325304e-06,20.333333333333332
1.1631628164598106e-05,20.444444444444443
9.845621198514496e-06,20.555555555555554
5.996859401203846e-06,20.666666666666664
4.612411354570906e-06,20.777777777777775
2.2007949986620046e-06,20.88888888888889
2.0468322129652538e-06,21.0
2.845182947283295e-06,21.11111111111111
2.7849302152722807e-06,21.22222222222222
1.3566500994801525e-06,21.333333333333332
3.639455418156313e-06,21.444444444444443
4.1241675065553076e-07,21.555555555555554
2.4148301549801777e-06,21.666666666666664
4.863599712572193e-06,21.777777777777775
2.407359479812102e-06,21.88888888888889
1.154411392101072e-05,22.0
1.1625997006187883e-05,22.11111111111111
1.2193749682792498e-06,22.22222222222222
5.431515157311508e-06,22.333333333333332
5.2059883274997565e-06,22.444444444444443
2.5622092080828523e-06,22.555555555555554
4.564807706357813e-06,22.666666666666664
3.6313961381248665e-06,22.777777777777775
3.948889047694423e-06,22.88888888888889
4.86236645993378e-06,23.0
4.031906826621625e-06,23.11111111111111
7.502259671878189e-06,23.22222222222222
4.5204319040765045e-06,23.333333333333332
5.213075335847075e-06,23.444444444444443
7.2973073462880875e-06,23.555555555555554
8.877878566554526e-06,23.666666666666664
3.219175112759388e-06,23.777777777777775
1.5915885665069488e-06,23.88888888888889
3.6741161501760914e-06,24.0
2.309978915552145e-06,24.11111111111111
3.1231140137065175e-06,24.22222222222222
1.776874800934758e-06,24.333333333333332
3.4185489205006447e-06,24.444444444444443
2.3052968999213534e-06,24.555555555555554
2.5319573095494585e-06,24.666666666666664
6.97643169321963e-06,24.777777777777775
5.9503021812685355e-06,24.888888888888886
9.166791757952346e-06,25.0
9.395768972070653e-06,25.11111111111111
3.6313715483694192e-06,25.22222222222222
5.4589851202905424e-06,25.333333333333332
3.224312635229322e-06,25.444444444444443
1.3424592181935993e-06,25.555555555555554
3.36260133398493e-06,25.666666666666664
2.2922390956214065e-06,25.777777777777775
2.3111105218723755e-06,25.888888888888886
3.276802599757426e-06,26.0
2.1608079055213525e-06,26.11111111111111
3.2478434231710898e-06,26.22222222222222
3.6687694886225885e-06,26.333333333333332
1.2861201354539255e-06,26.444444444444443
7.09015132101938e-06,26.555555555555554
9.467273973367836e-06,26.666666666666664
1.993676185222709e-06,26.777777777777775
3.5934711785123192e-06,26.888888888888886
3.940180232566537e-06,27.0
1.5274980881837715e-06,27.11111111111111
3.0478587001662757e-06,27.22222222222222
1.917556729317242e-06,27.333333333333332
2.9532117380248002e-06,27.444444444444443
2.8518232594686245e-06,27.555555555555554
3.3621498489571963e-06,27.666666666666664
5.666968735701967e-06,27.777777777777775
5.534798784830073e-06,27.888888888888886
4.025571897689819e-06,28.0
6.823250578251344e-06,28.11111111111111
5.763342523888728e-06,28.22222222222222
3.956664556393214e-06,28.333333333333332
1.0304387717201218e-06,28.444444444444443
1.5671391573456477e-06,28.555555555555554
1.5191015552007426e-06,28.666666666666664
8.141594085357191e-07,28.777777777777775
3.7947107803611816e-07,28.888888888888886
1.4033145507121792e-06,29.0
1.5617164847767052e-06,29.11111111111111
5.230842276507507e-07,29.22222222222222
4.7986199902483585e-06,29.333333333333332
4.088735847083784e-06,29.444444444444443
5.254449836920986e-06,29.555555555555554
7.765222417029141e-06,29.666666666666664
3.489528494804607e-06,29.777777777777775
3.6208896015177584e-06,29.888888888888886
2.4933395258006613e-06,30.0
6.295516440632662e-07,30.11111111111111
1.7601234200976446e-06,30.22222222222222
4.4266581854870906e-07,30.333333333333332
1.6022943398732766e-06,30.444444444444443
1.2599304621078514e-06,30.555555555555554
2.5703672223840433e-06,30.666666666666664
2.205914255204827e-06,30.777777777777775
5.2850554288885385e-06,30.888888888888886
1.4139632015367065e-06,31.0
5.910946285168454e-06,31.11111111111111
6.007319052146153e-06,31.22222222222222
3.522420195160866e-06,31.333333333333332
2.7184630190951325e-06,31.444444444444443
1.8133279792720755e-06,31.555555555555554
8.734455776359408e-07,31.666666666666664
1.2325561042934542e-06,31.777777777777775
9.187974641510836e-07,31.888888888888886
7.013413627911309e-07,32.0
2.2091894923317205e-06,32.11111111111111
1.4496256702812194e-06,32.22222222222222
3.3653728170877327e-06,32.33333333333333
4.325443185806428e-06,32.44444444444444
1.3642105361041218e-06,32.55555555555556
6.425571372637677e-06,32.666666666666664
5.108856521985148e-06,32.77777777777778
2.6405354132391013e-06,32.888888888888886
2.820757025033943e-06,33.0
2.2367564347245427e-06,33.11111111111111
7.496885352071591e-07,33.22222222222222
1.6280588439378618e-06,33.33333333333333
1.7830067672455472e-06,33.44444444444444
8.69800932521003e-07,33.55555555555556
3.3265374924882445e-06,33.666666666666664
2.031325149052863e-06,33.77777777777778
5.661838166465134e-06,33.888888888888886
3.0914623427754192e-06,34.0
3.85888158457005e-06,34.11111111111111
4.664082398754718e-06,34.22222222222222
4.8291398018472895e-06,34.33333333333333
2.787176032267693e-06,34.44444444444444
9.136764099913045e-07,34.55555555555556
2.1591454396245415e-06,34.666666666666664
9.233754587637803e-07,34.77777777777778
1.266608202047821e-06,34.888888888888886
4.4152114662136106e-07,35.0
1.5467350743869593e-06,35.11111111111111
1.5391408156127082e-06,35.22222222222222
5.618780776998564e-07,35.33333333333333
5.322333880605578e-06,35.44444444444444
3.1198817805451004e-06,35.55555555555556
6.001597004576841e-06,35.666666666666664
4.988484267943786e-06,35.77777777777778
3.1608455994064337e-06,35.888888888888886
4.2622223822637005e-06,36.0
2.447272731436721e-06,36.11111111111111
1.576957663157875e-06,36.22222222222222
2.6449232251037892e-06,36.33333333333333
2.3108978924417173e-06,36.44444444444444
1.6981918899335555e-06,36.55555555555555
3.67685983699661e-06,36.666666666666664
2.2551908576616058e-06,36.77777777777778
3.848439623696081e-06,36.888888888888886
2.7110219542441197e-06,37.0
7.109493112569398e-07,37.11111111111111
4.255791803081262e-06,37.22222222222222
5.731547269069016e-06,37.33333333333333
1.5289972780044441e-06,37.44444444444444
2.7328131861141094e-06,37.55555555555555
3.2706603908735925e-06,37.666666666666664
6.190461381097754e-07,37.77777777777778
2.3110418453824015e-06,37.888888888888886
1.746120671451972e-06,38.0
1.8069387711300964e-06,38.11111111111111
3.153454323625727e-06,38.22222222222222
2.823213020255188e-06,38.33333333333333
5.877845198473158e-06,38.44444444444444
4.222882981962978e-06,38.55555555555555
4.087398224860064e-06,38.666666666666664
3.365360427515759e-06,38.77777777777778
4.340499708020428e-06,38.888888888888886
4.006493032846096e-06,39.0
8.985237175456303e-07,39.11111111111111
2.253088746729593e-06,39.22222222222222
2.2356267249945143e-06,39.33333333333333
1.6995648256596093e-06,39.44444444444444
1.012814399952139e-06,39.55555555555555
2.467397070354958e-06,39.666666666666664
8.990037615401373e-07,39.77777777777778
6.038346391747079e-07,39.888888888888886
3.7554669373715985e-06,40.0
3.2634390975568172e-06,40.11111111111111
4.3666746278530134e-06,40.22222222222222
5.191496290532033e-06,40.33333333333333
1.8141288987415127e-06,40.44444444444444
4.102036498361394e-06,40.55555555555555
3.0723837508781264e-06,40.666666666666664
8.630773292456401e-07,40.77777777777778
2.7988814210449726e-06,40.888888888888886
1.9819949529286142e-06,41.0
2.0590748338350275e-06,41.11111111111111
3.3982226464766184e-06,41.22222222222222
3.0932563249988493e-06,41.33333333333333
4.04528334560036e-06,41.44444444444444
3.3411632682669704e-06,41.55555555555555
1.0021648812242798e-06,41.666666666666664
2.4577046475069033e-06,41.77777777777778
4.648704999667972e-06,41.888888888888886
2.6206407136022486e-06,42.0
1.5057360868262608e-06,42.11111111111111
2.6327717385198353e-06,42.22222222222222
1.0720169183030635e-06,42.33333333333333
1.3312605938562234e-06,42.44444444444444
4.7456049694594144e-07,42.55555555555555
1.2345009301122456e-06,42.666666666666664
1.9155085260296897e-06,42.77777777777778
1.9756269541175838e-06,42.888888888888886
4.302478657925032e-06,43.0
4.18390976411874e-06,43.11111111111111
2.7362594961379787e-06,43.22222222222222
3.670365761117304e-06,43.33333333333333
2.799883087173172e-06,43.44444444444444
3.7675366349443753e-06,43.55555555555555
1.8475960334269893e-06,43.666666666666664
1.1473006201713538e-06,43.77777777777778
2.1632274118833977e-06,43.888888888888886
8.427571517129261e-07,44.0
1.2067814436333278e-06,44.11111111111111
1.8919802036044056e-06,44.22222222222222
2.244814284831395e-06,44.33333333333333
1.105264907083652e-06,44.44444444444444
3.407422614104626e-06,44.55555555555555
2.1189135897923987e-06,44.666666666666664
2.3622779578072654e-06,44.77777777777778
3.8484948731255345e-06,44.888888888888886
2.316826623296597e-06,45.0
2.698076798928275e-06,45.11111111111111
2.2213496895357042e-06,45.22222222222222
8.089129132645575e-07,45.33333333333333
1.5176479700539567e-06,45.44444444444444
5.838367189349432e-07,45.55555555555555
9.474132564096382e-07,45.666666666666664
2.0904658093334837e-06,45.77777777777778
2.3980408718862424e-06,45.888888888888886
2.652449345273655e-06,46.0
3.8648499654411175e-06,46.11111111111111
2.7942746447510207e-07,46.22222222222222
2.8281898916907784e-06,46.33333333333333
2.855434282860708e-06,46.44444444444444
2.8514525239376553e-06,46.55555555555555
2.1710407974650195e-06,46.666666666666664
1.4553151755200098e-06,46.77777777777778
1.4460947614573014e-06,46.888888888888886
7.517022696603732e-07,47.0
9.877297822918966e-07,47.11111111111111
2.2377858190506947e-07,47.22222222222222
2.6751600804997107e-06,47.33333333333333
1.4058443075353956e-06,47.44444444444444
3.353554886925155e-06,47.55555555555555
2.807643472466027e-06,47.666666666666664
9.107554003391674e-07,47.77777777777778
2.7411573334181114e-06,47.888888888888886
2.9139846158886762e-06,48.0
2.3372960250488013e-06,48.11111111111111
1.8715722812142876e-06,48.22222222222222
1.709052475998846e-06,48.33333333333333
1.0227316454735584e-06,48.44444444444444
4.790981482022217e-07,48.55555555555555
6.946974201529765e-07,48.666666666666664
6.35327149436219e-07,48.77777777777778
2.5699698329427208e-06,48.888888888888886
1.361170433656099e-06,49.0
4.2506426163156324e-06,49.11111111111111
2.1587477876674285e-06,49.22222222222222
2.5276864298444827e-06,49.33333333333333
2.0105035771153987e-06,49.44444444444444
3.1102685350993565e-06,49.55555555555555
2.8988347549881454e-06,49.666666666666664
1.0139884504249143e-06,49.77777777777777
2.0114121338333e-06,49.888888888888886
1.5828517196492613e-06,50.0
1.3462873406287201e-06,50.11111111111111
7.662688264628792e-07,50.22222222222222
2.5476567443419993e-06,50.33333333333333
1.4182461473229775e-06,50.44444444444444
1.4531901441101333e-06,50.55555555555555
2.986511348632861e-06,50.666666666666664
1.5145616618125951e-06,50.77777777777777
2.622102127508426e-06,50.888888888888886
2.8571207131401397e-06,51.0
1.8457476193347955e-06,51.11111111111111
2.9774316405823733e-06,51.22222222222222
2.12407767442606e-06,51.33333333333333
1.0636642951217625e-06,51.44444444444444
1.8322954981399832e-06,51.55555555555555
1.5428712378575004e-06,51.666666666666664
1.0628581201303602e-06,51.77777777777777
3.482627252801147e-06,51.888888888888886
2.498600989456125e-06,52.0
3.948697292593493e-06,52.11111111111111
2.3049653290354376e-06,52.22222222222222
1.5539879963122464e-06,52.33333333333333
1.0493528501380337e-06,52.44444444444444
3.495154091927869e-06,52.55555555555555
2.2485519305683132e-06,52.666666666666664
1.0517016787013837e-06,52.77777777777777
2.642436820760352e-06,52.888888888888886
1.1854968832813358e-06,53.0
1.2034793408913866e-06,53.11111111111111
3.973424451358717e-07,53.22222222222222
1.1852409317292022e-06,53.33333333333333
1.7622312777196056e-06,53.44444444444444
1.2289554716153143e-06,53.55555555555555
3.86531831537872e-06,53.666666666666664
3.0318024545605585e-06,53.77777777777777
2.492495686189152e-06,53.888888888888886
2.080906792470596e-06,54.0
2.575295061623651e-06,54.11111111111111
3.550143038788818e-06,54.22222222222222
1.5653116594915848e-06,54.33333333333333
1.9421401075153204e-06,54.44444444444444
2.4497404601158083e-06,54.55555555555555
1.743890326447446e-06,54.666666666666664
1.6090764261150311e-06,54.77777777777777
3.2101627011161446e-06,54.888888888888886
2.150414252324934e-06,55.0
1.9485257185051484e-06,55.11111111111111
1.9559333049214332e-06,55.22222222222222
1.8282721551171457e-06,55.33333333333333
1.3027745005230205e-06,55.44444444444444
3.053061149661153e-06,55.55555555555555
1.1797598564327993e-06,55.666666666666664
2.4010935981027655e-06,55.77777777777777
2.6147548997317496e-06,55.888888888888886
4.37115820196516e-07,56.0
1.7160169425305357e-06,56.11111111111111
9.14912551470277e-07,56.22222222222222
9.332387655469112e-07,56.33333333333333
2.874328861478081e-06,56.44444444444444
2.704389640971483e-06,56.55555555555555
3.6105588295518956e-06,56.666666666666664
2.9426491203996605e-06,56.77777777777777
1.433398313528558e-06,56.888888888888886
1.0491472863735598e-06,57.0
2.7800075667403815e-06,57.11111111111111
2.8146011071886635e-06,57.22222222222222
7.264557276133979e-07,57.33333333333333
2.281303874113285e-06,57.44444444444444
1.9775400285334966e-06,57.55555555555555
9.010472042799234e-07,57.666666666666664
8.830584698560306e-07,57.77777777777777
1.5967288533785634e-06,57.888888888888886
1.6648739097436878e-06,58.0
5.377274738610551e-07,58.11111111111111
2.6309121840322315e-06,58.22222222222222
2.7286579049911387e-06,58.33333333333333
1.2312116102606013e-06,58.44444444444444
2.0806931305920694e-06,58.55555555555555
1.5845633639643475e-06,58.666666666666664
2.8510784560599465e-06,58.77777777777777
1.910795364923793e-06,58.888888888888886
1.2005193401382348e-06,59.0
2.0699388328854286e-06,59.11111111111111
9.399911729366279e-07,59.22222222222222
1.2745250844812517e-06,59.33333333333333
2.5662340220962755e-06,59.44444444444444
2.601831584753853e-06,59.55555555555555
1.786256996289138e-06,59.666666666666664
2.4293669723772566e-06,59.77777777777777
1.1159606534485235e-06,59.888888888888886
6.748092153539151e-07,60.0
2.0252813236388755e-06,60.11111111111111
1.880766577911124e-06,60.22222222222222
1.5884033614265278e-06,60.33333333333333
1.936828744649337e-06,60.44444444444444
1.470679481061538e-06,60.55555555555555
7.859238251754651e-07,60.666666666666664
4.367496967470729e-07,60.77777777777777
5.66338027864743e-08,60.888888888888886
2.267905903915948e-06,61.0
1.8632703937576327e-06,61.11111111111111
2.2758761804090433e-06,61.22222222222222
2.652137828570223e-06,61.33333333333333
4.1025837611542466e-07,61.44444444444444
1.2421155253527526e-06,61.55555555555555
1.6532077165983194e-06,61.666666666666664
2.2286550891847235e-06,61.77777777777777
1.5621948047331632e-06,61.888888888888886
1.5401232044141949e-06,62.0
1.7520487732727807e-06,62.11111111111111
8.772918080650314e-08,62.22222222222222
8.954686337167374e-07,62.33333333333333
1.1288107477130554e-06,62.44444444444444
2.608105264898587e-06,62.55555555555555
9.817643386417036e-07,62.666666666666664
2.594942121005222e-06,62.77777777777777
1.6930639394255454e-06,62.888888888888886
8.791654316625311e-07,63.0
9.714844688022545e-07,63.11111111111111
2.00018204425122e-06,63.22222222222222
1.853284950668383e-06,63.33333333333333
1.331182425710392e-06,63.44444444444444
1.9512599475629876e-06,63.55555555555555
1.2262008394917295e-06,63.666666666666664
6.694376521379539e-07,63.77777777777777
4.675824155121146e-07,63.888888888888886
1.7606470121847135e-06,64.0
2.002390947564684e-06,64.11111111111111
7.697559821001762e-07,64.22222222222221
2.6737145291614987e-06,64.33333333333333
1.309193372728582e-06,64.44444444444444
1.2243741584684405e-06,64.55555555555556
9.392565840911755e-07,64.66666666666666
1.946552815580464e-06,64.77777777777777
2.20316343964457e-06,64.88888888888889
1.1794166934877097e-06,65.0
1.918953799759305e-06,65.11111111111111
1.3397490885451068e-06,65.22222222222221
1.2854361060327697e-06,65.33333333333333
1.0655927045212817e-06,65.44444444444444
3.0180194701461223e-06,65.55555555555556
1.693456079480012e-06,65.66666666666666
1.9318984979866626e-06,65.77777777777777
1.5507599571223803e-06,65.88888888888889
1.3489707371772384e-06,66.0
5.186805844273887e-07,66.11111111111111
1.921404897697945e-06,66.22222222222221
1.133213214437783e-06,66.33333333333333
1.6880891400024367e-06,66.44444444444444
2.1914781342892044e-06,66.55555555555556
9.491593332841771e-07,66.66666666666666
9.267219176358361e-07,66.77777777777777
3.548316280969172e-07,66.88888888888889
2.744706093013256e-07,67.0
2.679351606667495e-06,67.11111111111111
1.7556227958309999e-06,67.22222222222221
2.9915253513801025e-06,67.33333333333333
1.7980840509764716e-06,67.44444444444444
1.5100014003316402e-06,67.55555555555556
5.007846610445039e-07,67.66666666666666
2.3526421415881327e-06,67.77777777777777
2.2414505782931875e-06,67.88888888888889
4.7583621190768895e-07,68.0
2.5736825866044268e-06,68.11111111111111
1.809872532207372e-06,68.22222222222221
1.4041986357314103e-06,68.33333333333333
1.2521473488307725e-06,68.44444444444444
2.292114357561156e-06,68.55555555555556
1.3803219757703175e-06,68.66666666666666
2.2397360927238325e-07,68.77777777777777
1.9119564742559797e-06,68.88888888888889
2.0578405389871584e-06,69.0
8.320357015276672e-07,69.11111111111111
1.3490917231203978e-06,69.22222222222221
1.1742835075485488e-06,69.33333333333333
2.4147367560137332e-06,69.44444444444444
1.734974106324249e-06,69.55555555555556
1.4157859367891364e-06,69.66666666666666
1.8476489805237824e-06,69.77777777777777
1.1924030827600026e-06,69.88888888888889
1.32414254947809e-06,70.0
3.2425487307128204e-06,70.11111111111111
2.3909755607632143e-06,70.22222222222221
2.256766520376686e-06,70.33333333333333
1.3145215224616357e-06,70.44444444444444
1.702277044113408e-06,70.55555555555556
5.057063266071543e-07,70.66666666666666
2.0861326296512298e-06,70.77777777777777
1.3310506946451144e-06,70.88888888888889
1.0166701761487053e-06,71.0
2.5995220982790954e-06,71.11111111111111
1.3355745759930057e-06,71.22222222222221
9.9656234083456e-07,71.33333333333333
4.368875737419319e-07,71.44444444444444
6.151564021809528e-07,71.55555555555556
1.9711234660540626e-06,71.66666666666666
1.6802915567423785e-06,71.77777777777777
2.353843091530423e-06,71.88888888888889
2.1950780670575395e-06,72.0
1.0398377512641267e-06,72.1111111111111
1.0349872501609362e-06,72.22222222222221
1.7123201131410906e-06,72.33333333333333
2.326862825571572e-06,72.44444444444444
8.954462632963913e-07,72.55555555555556
2.1168532751836105e-06,72.66666666666666
2.188340182929681e-06,72.77777777777777
1.1694008833695909e-06,72.88888888888889
1.5411501348898063e-06,73.0
2.4791263159721244e-06,73.1111111111111
1.9516801263052465e-06,73.22222222222221
5.207447729356858e-07,73.33333333333333
1.177184024826343e-06,73.44444444444444
1.8458742816390806e-06,73.55555555555556
1.4327196261576085e-07,73.66666666666666
1.1968796178017487e-06,73.77777777777777
6.833538319016601e-07,73.88888888888889
1.6283797054996943e-06,74.0
1.913628313762969e-06,74.1111111111111
1.260306933562747e-06,74.22222222222221
1.3473151247950097e-06,74.33333333333333
4.4279602079943254e-07,74.44444444444444
7.4447682477395e-07,74.55555555555556
2.49230217523793e-06,74.66666666666666
2.3071389001243232e-06,74.77777777777777
1.6362472407806732e-06,74.88888888888889
1.7102328299458355e-06,75.0
1.1011920257114186e-06,75.1111111111111
8.448987915018824e-07,75.22222222222221
1.304504762068057e-06,75.33333333333333
1.515557580071778e-06,75.44444444444444
7.532239910182163e-07,75.55555555555556
2.0040405777519996e-06,75.66666666666666
1.8891895961847144e-06,75.77777777777777
3.0740920280840236e-07,75.88888888888889
9.618347699473814e-07,76.0
1.0086816659496784e-06,76.1111111111111
2.080025943720981e-06,76.22222222222221
1.0564295819285565e-06,76.33333333333333
1.3941059633280036e-06,76.44444444444444
1.6632424350147804e-06,76.55555555555556
6.959133143986902e-07,76.66666666666666
5.60070343050159e-07,76.77777777777777
9.725860100536986e-07,76.88888888888889
1.4432867894511766e-06,77.0
1.1996689832375404e-06,77.1111111111111
1.764905602282666e-06,77.22222222222221
1.6112685601351649e-06,77.33333333333333
4.347466661907295e-07,77.44444444444444
9.685564273625781e-07,77.55555555555556
1.7453960754245667e-06,77.66666666666666
2.2578965531141365e-06,77.77777777777777
4.206814601888179e-07,77.88888888888889
1.5855970625686963e-06,78.0
1.088053185466607e-06,78.1111111111111
8.962303312322931e-07,78.22222222222221
2.758143300815656e-07,78.33333333333333
1.205201571873264e-06,78.44444444444444
1.1647507483246998e-06,78.55555555555556
1.2552744913578898e-06,78.66666666666666
2.0616282788031263e-06,78.77777777777777
9.361494136898118e-07,78.88888888888889
1.0250879656331114e-06,79.0
8.902400503990767e-07,79.1111111111111
2.230795048465213e-06,79.22222222222221
1.5440373674620223e-06,79.33333333333333
6.16460716362071e-07,79.44444444444444
1.3631816322991689e-06,79.55555555555556
1.197729982636246e-06,79.66666666666666
4.166387606542516e-07,79.77777777777777
5.842785913380702e-07,79.88888888888889
8.848558048350378e-07,80.0
1.3468723830913301e-06,80.1111111111111
1.5715570766680808e-06,80.22222222222221
1.6045654376412975e-06,80.33333333333333
6.635077308425877e-07,80.44444444444444
8.890303011931298e-07,80.55555555555556
9.685735804113294e-07,80.66666666666666
2.7080711788225107e-06,80.77777777777777
1.3633022128154705e-06,80.88888888888889
1.609573018675004e-06,81.0
7.96366142993637e-07,81.1111111111111
1.4959565863328884e-06,81.22222222222221
4.837810556566101e-07,81.33333333333333
1.370867297052202e-06,81.44444444444444
9.24284350770262e-07,81.55555555555556
9.119369711409397e-07,81.66666666666666
2.4467203906101634e-06,81.77777777777777
1.214493716258029e-06,81.88888888888889
1.0389880657620863e-06,82.0
7.768537629294932e-07,82.1111111111111
1.248191270951019e-06,82.22222222222221
1.7570768117841358e-06,82.33333333333333
8.382680527682952e-07,82.44444444444444
1.6269364354194037e-06,82.55555555555556
1.329015937035004e-06,82.66666666666666
8.943280423204508e-07,82.77777777777777
6.16024720920991e-07,82.88888888888889
1.234776581257072e-06,83.0
1.6261258544252785e-06,83.1111111111111
7.412346837305999e-07,83.22222222222221
2.194239626018539e-06,83.33333333333333
1.5988529821557685e-06,83.44444444444444
1.3923328555195089e-06,83.55555555555556
1.565027866802889e-06,83.66666666666666
2.754566504349582e-06,83.77777777777777
1.488135507182496e-06,83.88888888888889
9.411224455771508e-07,84.0
5.096924756231134e-07,84.1111111111111
1.829216010570147e-06,84.22222222222221
4.152500980302937e-07,84.33333333333333
1.0081578362404638e-06,84.44444444444444
1.0428753980905705e-07,84.55555555555556
1.322337033724415e-06,84.66666666666666
2.1096209995531427e-06,84.77777777777777
1.0480786459779522e-06,84.88888888888889
1.0757814507308173e-06,85.0
3.133567922619797e-07,85.1111111111111
5.334504531693991e-07,85.22222222222221
2.5247215798150458e-06,85.33333333333333
1.8893541880241291e-06,85.44444444444444
1.6633508959147603e-06,85.55555555555556
1.0290909233027296e-06,85.66666666666666
1.5279763655682091e-06,85.77777777777777
1.1315362539627785e-06,85.88888888888889
1.4310119255084562e-06,86.0
1.3182480083094711e-06,86.1111111111111
2.884070271233897e-07,86.22222222222221
2.5997771875856462e-06,86.33333333333333
1.793132908015744e-06,86.44444444444444
1.257139860203384e-06,86.55555555555556
1.401746760720192e-06,86.66666666666666
1.6727416979561927e-06,86.77777777777777
1.3011993806524822e-06,86.88888888888889
9.288227206344269e-07,87.0
9.269394248137955e-07,87.1111111111111
1.6441839732613258e-06,87.22222222222221
3.2380794533619335e-07,87.33333333333333
7.902134892293614e-07,87.44444444444444
6.755228728210683e-07,87.55555555555556
1.4293442984291575e-06,87.66666666666666
1.191306040829421e-06,87.77777777777777
1.639901612557158e-06,87.88888888888889
1.6770535481994304e-06,88.0
9.28094187530366e-07,88.1111111111111
1.4578303522522712e-06,88.22222222222221
2.600756516488801e-06,88.33333333333333
1.9422530615735886e-06,88.44444444444444
9.066109291256703e-07,88.55555555555556
4.939032023130037e-07,88.66666666666666
1.6385789964879726e-06,88.77777777777777
9.592046194547023e-07,88.88888888888889
8.662621473776185e-07,89.0
5.495928463249233e-07,89.1111111111111
6.73905165189062e-07,89.22222222222221
2.1421814588714045e-06,89.33333333333333
1.501519979617174e-06,89.44444444444444
7.213797586957281e-07,89.55555555555556
7.053484054537528e-07,89.66666666666666
4.1312560829785066e-07,89.77777777777777
1.885915524576596e-06,89.88888888888889
1.6517570299628104e-06,90.0
8.984701961632475e-07,90.1111111111111
1.1260056650065599e-06,90.22222222222221
9.59869065527931e-07,90.33333333333333
9.817575899463987e-07,90.44444444444444
7.71842280192588e-07,90.55555555555556
1.0004711376429526e-06,90.66666666666666
4.6285045226652934e-07,90.77777777777777
1.991160237431955e-06,90.88888888888889
1.8542850845178021e-06,91.0
7.02048000192226e-07,91.1111111111111
1.394106621286114e-06,91.22222222222221
1.6343875167114863e-06,91.33333333333333
1.7636040683991752e-06,91.44444444444444
5.105244364464479e-07,91.55555555555556
4.6356036655380926e-07,91.66666666666666
1.1768701614581531e-06,91.77777777777777
8.073613434197823e-07,91.88888888888889
2.3869771734670145e-07,92.0
2.2986621227729453e-07,92.1111111111111
6.074654569775958e-07,92.22222222222221
1.2188160043617507e-06,92.33333333333333
1.7747163790344395e-06,92.44444444444444
1.0715284748940483e-06,92.55555555555556
7.596118554421917e-07,92.66666666666666
9.343974885860407e-07,92.77777777777777
1.846884340304929e-06,92.88888888888889
1.7502037825008357e-06,93.0
1.577000079901127e-07,93.1111111111111
7.277493259809803e-07,93.22222222222221
1.0129925738165124e-06,93.33333333333333
8.743658376213639e-07,93.44444444444444
1.5684556670110957e-07,93.55555555555556
4.2732190182208693e-07,93.66666666666666
5.245629373865975e-07,93.77777777777777
1.4670781761044435e-06,93.88888888888889
1.8742086469489062e-06,94.0
3.7327885800962627e-07,94.1111111111111
1.1523714304786715e-06,94.22222222222221
1.0230511231737096e-06,94.33333333333333
2.071633391696925e-06,94.44444444444444
1.0705290520131497e-06,94.55555555555556
5.508996588021495e-07,94.66666666666666
5.680974058545352e-07,94.77777777777777
1.2434559464300436e-06,94.88888888888889
4.6137487390156445e-07,95.0
3.573581542322096e-07,95.1111111111111
1.87903663647732e-07,95.22222222222221
8.275486053673398e-07,95.33333333333333
1.931519994103161e-06,95.44444444444444
1.2530597324321216e-06,95.55555555555556
6.429324840997597e-07,95.66666666666666
8.205190636954691e-07,95.77777777777777
9.771622709875397e-07,95.88888888888889
1.981475011201345e-06,96.0
8.769690397716243e-07,96.1111111111111
8.532391631732359e-07,96.22222222222221
5.129469183827703e-07,96.33333333333333
1.1926590691972891e-06,96.44444444444444
6.611614201179304e-07,96.55555555555556
6.545560836785e-07,96.66666666666666
6.552413822949743e-07,96.77777777777777
6.729326808510685e-07,96.88888888888889
2.3283818428592954e-06,97.0
1.1307692713195867e-06,97.1111111111111
1.36170599155687e-06,97.22222222222221
1.312686099013248e-06,97.33333333333333
1.782698522540003e-06,97.44444444444444
1.0921056656792982e-06,97.55555555555556
7.981874036912952e-07,97.66666666666666
5.037464230147804e-07,97.77777777777777
1.2621164508640203e-06,97.88888888888889
3.1720750377315327e-07,98.0
5.115922326777486e-07,98.1111111111111
3.808569039339603e-07,98.22222222222221
9.046351330827201e-07,98.33333333333333
1.2887399921560214e-06,98.44444444444444
1.515153421677097e-06,98.55555555555556
9.63205752958585e-07,98.66666666666666
9.534672182673694e-07,98.77777777777777
1.2112679891309322e-06,98.88888888888889
2.4215716551929376e-06,99.0
1.3092595500766304e-06,99.1111111111111
9.743710141095284e-07,99.22222222222221
1.5657341650127808e-07,99.33333333333333
1.6588669678661097e-06,99.44444444444444
9.246524602222982e-07,99.55555555555554
7.44907253137028e-07,99.66666666666666
7.206159677537363e-07,99.77777777777777
7.761380374497905e-07,99.88888888888889
2.405115612015932e-06,100.0
1.1891824873001543e-06,100.1111111111111
1.1353668969826558e-06,100.22222222222221
8.967332617642711e-07,100.33333333333333
6.387950055888339e-07,100.44444444444444
1.529993938718331e-06,100.55555555555554
1.4020150522636467e-06,100.66666666666666
6.839394207977675e-07,100.77777777777777
8.091732197073007e-07,100.88888888888889
9.077038357404303e-07,101.0
1.0343198931272437e-06,101.1111111111111
7.043574511302726e-07,101.22222222222221
8.488801809063359e-07,101.33333333333333
2.76613817656161e-07,101.44444444444444
2.1522419224634292e-06,101.55555555555554
1.5965714315509582e-06,101.66666666666666
1.3294143804574772e-06,101.77777777777777
1.6895965637069418e-06,101.88888888888889
2.0780376073159293e-06,102.0
1.0610045989545856e-06,102.1111111111111
1.0558131361959938e-06,102.22222222222221
3.3991371009254723e-07,102.33333333333333
1.50813970259094e-06,102.44444444444444
5.042873755779066e-07,102.55555555555554
6.035040462812058e-07,102.66666666666666
6.588512229844604e-07,102.77777777777777
7.48923327743965e-07,102.88888888888889
1.6676595789634462e-06,103.0
1.1681257533971695e-06,103.1111111111111
9.877815662550204e-07,103.22222222222221
5.345080773127535e-07,103.33333333333333
8.438924568268254e-07,103.44444444444444
2.0394544275422723e-06,103.55555555555554
1.610644578485236e-06,103.66666666666666
6.556850459326845e-07,103.77777777777777
4.6465962063955903e-07,103.88888888888889
1.3386094161712455e-06,104.0
1.1264670382927947e-06,104.1111111111111
5.627439885413396e-07,104.22222222222221
7.366137968907626e-07,104.33333333333333
3.67449155806631e-07,104.44444444444444
2.205118333679516e-06,104.55555555555554
1.6419219352291238e-06,104.66666666666666
9.48956770532088e-07,104.77777777777777
1.3292151203907834e-06,104.88888888888889
9.841766887951538e-07,105.0
1.1670390883815711e-06,105.1111111111111
1.2729600972115108e-06,105.22222222222221
8.91187958502342e-08,105.33333333333333
8.332561066384122e-07,105.44444444444444
5.18494108605621e-07,105.55555555555554
7.304734615257328e-07,105.66666666666666
4.300606610942431e-07,105.77777777777777
3.379591066765431e-07,105.88888888888889
6.522516638577341e-07,106.0
1.6626917871607712e-06,106.1111111111111
1.376375748735357e-06,106.22222222222221
8.093337506891375e-07,106.33333333333333
1.3615115449190184e-06,106.44444444444444
1.7105124506544003e-06,106.55555555555554
1.405239989204132e-06,106.66666666666666
6.823244443225701e-07,106.77777777777777
3.616762643042527e-07,106.88888888888889
1.0602489150080016e-06,107.0
8.016964208876342e-07,107.1111111111111
1.2661902745258066e-07,107.22222222222221
4.73649822540674e-07,107.33333333333333
2.3546171399670138e-07,107.44444444444444
1.454538907020288e-06,107.55555555555554
1.6358654471145119e-06,107.66666666666666
4.687784479872689e-07,107.77777777777777
9.987294657481212e-07,107.88888888888889
7.314161573472939e-07,108.0
1.4848018890777686e-06,108.1111111111111
1.2838547715108191e-06,108.22222222222221
4.3425770299046347e-07,108.33333333333333
2.1136855690493855e-07,108.44444444444444
8.537213144374305e-07,108.55555555555554
6.822458486492121e-07,108.66666666666666
1.1759524314450106e-07,108.77777777777777
2.9376697755717786e-07,108.88888888888889
2.3450145679864696e-07,109.0
1.6153318665774374e-06,109.1111111111111
1.5029386116662077e-06,109.22222222222221
4.2258058639092103e-07,109.33333333333333
1.175552301046794e-06,109.44444444444444
9.77198447485314e-07,109.55555555555554
1.54831262540342e-06,109.66666666666666
8.475989042746388e-07,109.77777777777777
5.127838912124516e-07,109.88888888888889
3.515453627262751e-07,110.0
9.53947127681553e-07,110.1111111111111
4.11172707926391e-07,110.22222222222221
1.5906073965654151e-07,110.33333333333333
4.2972697345599294e-07,110.44444444444444
7.010581267301017e-07,110.55555555555554
1.9604899038791317e-06,110.66666666666666
8.818798853773939e-07,110.77777777777777
1.0567803784437207e-06,110.88888888888889
9.791512213810385e-07,111.0
1.042153346875961e-06,111.1111111111111
1.2596503412962275e-06,111.22222222222221
9.399289095601189e-07,111.33333333333333
1.1374643028584384e-07,111.44444444444444
5.321275156136104e-07,111.55555555555554
6.313810402599197e-07,111.66666666666666
5.455021969362726e-07,111.77777777777777
2.911392580527863e-07,111.88888888888889
2.2319516006294845e-07,112.0
8.170074960804322e-07,112.1111111111111
1.8098406410045847e-06,112.22222222222221
6.891703882838618e-07,112.33333333333333
1.271430363220626e-06,112.44444444444444
1.2474318170628973e-06,112.55555555555554
1.69932697421681e-06,112.66666666666666
7.51701304607375e-07,112.77777777777777
1.0659106716533744e-06,112.88888888888889
4.077944661521434e-07,113.0
1.1670283697640484e-06,113.1111111111111
3.493941878293017e-07,113.22222222222221
5.105242267578525e-07,113.33333333333333
8.912784361980836e-07,113.44444444444444
6.357243254922336e-07,113.55555555555554
1.7658494099438027e-06,113.66666666666666
9.7588276852073e-07,113.77777777777777
8.05518046925609e-07,113.88888888888889
6.70869557609983e-07,114.0
5.851384239421016e-07,114.1111111111111
1.6667655633878157e-06,114.22222222222221
1.151576392065631e-06,114.33333333333333
5.457479836020212e-07,114.44444444444444
2.4517652360473903e-07,114.55555555555554
1.1140744911858824e-06,114.66666666666666
8.578061538192351e-07,114.77777777777777
2.3009360416076372e-07,114.88888888888889
7.985387293520067e-07,115.0
4.5088225173809417e-07,115.1111111111111
2.236595149891785e-06,115.22222222222221
1.20826573794595e-06,115.33333333333333
1.3933361228341365e-06,115.44444444444444
1.3615851695979166e-06,115.55555555555554
1.1194016338872754e-06,115.66666666666666
7.404697016213829e-07,115.77777777777777
1.458111852858965e-06,115.88888888888889
3.905645869621679e-07,116.0
8.145450570486632e-07,116.1111111111111
1.8912810643712166e-07,116.22222222222221
8.318195136512832e-07,116.33333333333333
8.367084123506529e-07,116.44444444444444
3.097081338998978e-07,116.55555555555554
8.684639162894429e-07,116.66666666666666
1.3777406130107715e-06,116.77777777777777
1.03486002384642e-06,116.88888888888889
9.418845625705877e-07,117.0
1.3298465689782355e-06,117.1111111111111
1.815486403816602e-06,117.22222222222221
9.362831729805985e-07,117.33333333333333
1.096486294203331e-06,117.44444444444444
7.344560454157773e-07,117.55555555555554
1.2661254551490722e-06,117.66666666666666
7.034384120204078e-07,117.77777777777777
4.820525277410694e-07,117.88888888888889
1.172418579552416e-06,118.0
7.166091575485195e-07,118.1111111111111
1.991743840532298e-06,118.22222222222221
1.1404044023773678e-06,118.33333333333333
9.607708998216598e-07,118.44444444444444
8.484069297287168e-07,118.55555555555554
2.204239224019444e-07,118.66666666666666
1.2184376670834059e-06,118.77777777777777
1.4502591494505777e-06,118.88888888888889
1.656844958476751e-07,119.0
3.669453078140532e-07,119.1111111111111
7.298631664313262e-07,119.22222222222221
8.801834301815778e-07,119.33333333333333
3.767742512120564e-07,119.44444444444444
5.330405193404467e-07,119.55555555555554
9.036218930606715e-08,119.66666666666666
1.8378724085653556e-06,119.77777777777777
1.4246957025641292e-06,119.88888888888889
1.0808234084686564e-06,120.0
1.4876395824167578e-06,120.1111111111111
1.2388259069786984e-06,120.22222222222221
6.773711016442457e-07,120.33333333333333
1.3460443732264066e-06,120.44444444444444
6.903647793832333e-07,120.55555555555554
7.866556315695008e-07,120.66666666666666
2.164178314942543e-07,120.77777777777777
5.728663974802219e-07,120.88888888888889
9.691030886986058e-07,121.0
3.7078335222837054e-07,121.1111111111111
1.0773455338115075e-06,121.22222222222221
1.2505037363091646e-06,121.33333333333333
7.660365778717681e-07,121.44444444444444
7.102757525106258e-07,121.55555555555554
9.091892433701558e-07,121.66666666666666
1.3174573621098642e-06,121.77777777777777
1.1334434625854774e-06,121.88888888888889
7.712319182139176e-07,122.0
5.644527048113291e-07,122.1111111111111
7.809654907671252e-07,122.22222222222221
5.955797908035824e-07,122.33333333333333
9.222043103776702e-08,122.44444444444444
8.586086178595348e-07,122.55555555555554
4.4519115200381284e-07,122.66666666666666
1.5657800438283563e-06,122.77777777777777
1.4471880115251747e-06,122.88888888888889
5.301511168259931e-07,123.0
1.1451333502408014e-06,123.1111111111111
5.667735244918159e-07,123.22222222222221
9.245336159045478e-07,123.33333333333333
1.1709112874685334e-06,123.44444444444444
6.85359405548367e-07,123.55555555555554
6.2543102658014e-08,123.66666666666666
4.1006457035875087e-07,123.77777777777777
4.028730621480497e-07,123.88888888888889
5.013034731220936e-07,124.0
6.150739859421659e-07,124.1111111111111
2.784944884102782e-07,124.22222222222221
1.5301903667118117e-06,124.33333333333333
1.0348497791417904e-06,124.44444444444444
7.302902992211873e-07,124.55555555555554
1.0430113613403262e-06,124.66666666666666
8.136493555593606e-07,124.77777777777777
1.0185992043368345e-06,124.88888888888889
1.0057926393171931e-06,125.0
5.998366418889541e-07,125.1111111111111
2.895698524729569e-07,125.22222222222221
4.3938952765445476e-07,125.33333333333333
2.955739498754802e-07,125.44444444444444
6.09567032154282e-07,125.55555555555554
5.713621512952604e-07,125.66666666666666
7.42284255536261e-07,125.77777777777777
1.669747390424342e-06,125.88888888888889
4.61176634600383e-07,126.0
1.1378642319316171e-06,126.1111111111111
8.834880947271889e-07,126.22222222222221
8.938248058536201e-07,126.33333333333333
8.706466286030373e-07,126.44444444444444
1.1677530023347354e-06,126.55555555555554
3.317971820928968e-07,126.66666666666666
4.2983301826206376e-07,126.77777777777777
1.467329433628006e-07,126.88888888888889
5.853290432683023e-07,127.0
9.139223131809326e-07,127.1111111111111
1.4500818158998107e-07,127.22222222222221
1.1503541107091561e-06,127.33333333333333
1.1837376032611417e-06,127.44444444444444
4.2560934785149223e-07,127.55555555555554
9.271263325772328e-07,127.66666666666666
7.951179571128681e-07,127.77777777777777
1.240144070654825e-06,127.88888888888889
7.638400431121438e-07,128.0
9.922452912154226e-07,128.11111111111111
5.115656413086222e-07,128.22222222222223
7.369650251108464e-07,128.33333333333331
2.874723347692067e-07,128.44444444444443
4.3733800406037273e-07,128.55555555555554
1.1601185936385556e-06,128.66666666666666
5.463051322710392e-07,128.77777777777777
1.8765564535980324e-06,128.88888888888889
8.003769963494756e-07,129.0
1.0981978152384878e-06,129.11111111111111
8.109696332067717e-07,129.22222222222223
2.7771352162233213e-07,129.33333333333331
1.0062621311183563e-06,129.44444444444443
1.3340462413487575e-06,129.55555555555554
2.450517761944542e-07,129.66666666666666
2.4203137739438137e-07,129.77777777777777
5.216776419136559e-07,129.88888888888889
6.930835699969491e-07,130.0
5.724352726732964e-07,130.11111111111111
4.6725684046052894e-07,130.22222222222223
2.2736300187067215e-07,130.33333333333331
1.6312633461750237e-06,130.44444444444443
8.9764444960737e-07,130.55555555555554
1.2004788309425408e-06,130.66666666666666
1.2588189170879587e-06,130.77777777777777
1.1259602579381447e-06,130.88888888888889
4.145556564840575e-07,131.0
1.52136564101141e-06,131.11111111111111
7.836445598694153e-07,131.22222222222223
6.992259904019841e-07,131.33333333333331
3.3280330996124936e-07,131.44444444444443
7.974027251961931e-07,131.55555555555554
1.386726632841783e-06,131.66666666666666
5.260440406372721e-07,131.77777777777777
1.4214770860780447e-06,131.88888888888889
7.984363444541557e-07,132.0
7.844197222318999e-07,132.11111111111111
4.980069062238231e-07,132.22222222222223
6.637227179516474e-07,132.33333333333331
1.2498330854202735e-06,132.44444444444443
1.0052153891844365e-06,132.55555555555554
7.754482662571298e-07,132.66666666666666
7.39601708205763e-07,132.77777777777777
7.650208705157923e-07,132.88888888888889
5.142867538186919e-07,133.0
1.2007537741394925e-07,133.11111111111111
1.1633588138241854e-06,133.22222222222223
5.710820027973805e-07,133.33333333333331
1.8762284275662547e-06,133.44444444444443
1.178773573289719e-06,133.55555555555554
1.1425240472679736e-06,133.66666666666666
1.130817469602797e-06,133.77777777777777
4.848849074278706e-07,133.88888888888889
6.288096956608537e-07,134.0
1.5780945468240215e-06,134.11111111111111
5.295590722075745e-07,134.22222222222223
3.6268846016309995e-07,134.33333333333331
4.502884488150174e-07,134.44444444444443
7.590510203735312e-07,134.55555555555554
9.554826957252637e-07,134.66666666666666
2.725186818937113e-07,134.77777777777777
4.893429261034525e-07,134.88888888888889
1.1883919133126402e-06,135.0
9.603710959179533e-07,135.11111111111111
7.813650357734094e-07,135.22222222222223
1.1602257853483594e-06,135.33333333333331
1.06244051084109e-06,135.44444444444443
5.278336112321591e-07,135.55555555555554
1.2889911114766832e-06,135.66666666666666
9.310161961474853e-07,135.77777777777777
5.692475010986092e-07,135.88888888888889
2.874736882637042e-07,136.0
5.368900235737943e-07,136.11111111111111
1.339692380961275e-06,136.22222222222223
7.018453774779486e-07,136.33333333333331
1.3999002188666755e-06,136.44444444444443
1.0956692080125472e-06,136.55555555555554
6.188662587748058e-07,136.66666666666666
7.236292412604137e-07,136.77777777777777
3.1032927561151085e-07,136.88888888888889
7.945537111750504e-07,137.0
1.161019796202334e-06,137.11111111111111
6.692576668302519e-07,137.22222222222223
5.093923812908007e-07,137.33333333333331
4.1200664504167836e-07,137.44444444444443
3.315925640799582e-07,137.55555555555554
3.4959337711503906e-07,137.66666666666666
8.67775524992145e-07,137.77777777777777
2.925521111157473e-07,137.88888888888889
1.3882584574779704e-06,138.0
1.1683498064590522e-06,138.11111111111111
6.861710386518058e-07,138.22222222222223
1.0680208665269054e-06,138.33333333333331
4.965827341170014e-07,138.44444444444443
5.023637367807427e-07,138.55555555555554
1.2643358487612731e-06,138.66666666666666
8.209776461105052e-07,138.77777777777777
3.985026175478541e-08,138.88888888888889
1.7140245785707694e-07,139.0
4.179069909463708e-07,139.11111111111111
9.120963545812009e-07,139.22222222222223
7.542891244895607e-07,139.33333333333331
5.1986238907978e-07,139.44444444444443
1.2857939438426692e-06,139.55555555555554
5.62818953225093e-07,139.66666666666666
7.462613008247143e-07,139.77777777777777
7.075837043760111e-07,139.88888888888889
5.406833393613547e-07,140.0
7.890434985624083e-07,140.11111111111111
1.0802106884887684e-06,140.22222222222223
6.170514923499451e-07,140.33333333333331
1.2456576684903994e-07,140.44444444444443
1.750663065966417e-07,140.55555555555554
3.7908949223629726e-07,140.66666666666666
9.6518540118608e-07,140.77777777777777
5.262145671825785e-07,140.88888888888889
8.885162978826469e-07,141.0
1.255643032444169e-06,141.11111111111111
2.1716498484308264e-07,141.22222222222223
9.203854246680722e-07,141.33333333333331
5.446495190261283e-07,141.44444444444443
5.839970687958866e-07,141.55555555555554
8.546677489870011e-07,141.66666666666666
1.1182370361694697e-06,141.77777777777777
4.3059324171233316e-07,141.88888888888889
6.080447776007525e-08,142.0
2.799654383594751e-07,142.11111111111111
6.477740693205889e-07,142.22222222222223
1.190766641238488e-06,142.33333333333331
2.490642998912665e-07,142.44444444444443
1.347423483289497e-06,142.55555555555554
7.375960416916576e-07,142.66666666666666
6.497770707242793e-07,142.77777777777777
5.925144832446718e-07,142.88888888888889
2.9463227499118147e-07,143.0
8.430692020624069e-07,143.11111111111111
9.734600151717783e-07,143.2222222222222
7.147912316667696e-07,143.33333333333331
4.869078516058636e-07,143.44444444444443
3.712369982992656e-07,143.55555555555554
1.6698028089384045e-07,143.66666666666666
4.994064901579693e-07,143.77777777777777
9.77971292568744e-07,143.88888888888889
2.3143456634114397e-07,144.0
1.5810554427678148e-06,144.11111111111111
6.550794163208834e-07,144.2222222222222
1.065717765709356e-06,144.33333333333331
7.900849795629555e-07,144.44444444444443
3.594076975788007e-07,144.55555555555554
7.441404638902559e-07,144.66666666666666
1.4423277486396247e-06,144.77777777777777
4.4400904905320575e-07,144.88888888888889
3.294404966497992e-07,145.0
6.736983163065741e-07,145.11111111111111
7.588748347476347e-07,145.2222222222222
1.1580197823126523e-06,145.33333333333331
2.166034753593739e-07,145.44444444444443
7.951645443980505e-07,145.55555555555554
9.19007251588667e-07,145.66666666666666
6.007260345300538e-07,145.77777777777777
6.678203078611294e-07,145.88888888888889
8.102496386722694e-07,146.0
8.464576406057948e-07,146.11111111111111
4.792837850876485e-07,146.2222222222222
1.237852506911303e-06,146.33333333333331
8.406162700306308e-07,146.44444444444443
3.0553460441222794e-07,146.55555555555554
4.0383124120369315e-07,146.66666666666666
6.004327916819101e-07,146.77777777777777
1.4889638773518543e-06,146.88888888888889
6.068991596058652e-07,147.0
1.6189084406968654e-06,147.11111111111111
7.80024555780681e-07,147.2222222222222
9.310255873468501e-07,147.33333333333331
5.331601964772808e-07,147.44444444444443
2.6253388683432663e-07,147.55555555555554
8.904545990726933e-07,147.66666666666666
1.2444673884466815e-06,147.77777777777777
3.835697949255647e-07,147.88888888888889
7.071361710139949e-07,148.0
7.262527167708435e-07,148.11111111111111
4.3896253538848027e-07,148.2222222222222
5.230038263984264e-07,148.33333333333331
7.392931240012213e-07,148.44444444444443
2.0892552971943745e-07,148.55555555555554
1.3517213417713486e-06,148.66666666666666
9.757834475887618e-07,148.77777777777777
9.209707021358691e-07,148.88888888888889
1.007036322672972e-06,149.0
5.692881451226505e-07,149.11111111111111
4.3097188377403083e-07,149.2222222222222
1.5373312564481276e-06,149.33333333333331
7.630731426531848e-07,149.44444444444443
2.8986673393556276e-07,149.55555555555554
7.995356692975655e-07,149.66666666666666
8.215867550281408e-07,149.77777777777777
1.4004645994093365e-06,149.88888888888889
5.261155317436657e-07,150.0
1.03822875405144e-06,150.11111111111111
7.249132637991229e-07,150.2222222222222
6.753507418793854e-07,150.33333333333331
3.1221435559720554e-07,150.44444444444443
6.5604715637986e-07,150.55555555555554
7.60541416987289e-07,150.66666666666666
6.835824860296164e-07,150.77777777777777
9.215369208730625e-07,150.88888888888889
8.953710776842195e-07,151.0
3.950901014125526e-07,151.11111111111111
1.8178796773409992e-07,151.2222222222222
2.784534331203077e-07,151.33333333333331
1.2467812519227225e-06,151.44444444444443
6.39268812858663e-07,151.55555555555554
1.3847285819932241e-06,151.66666666666666
1.0629991559050808e-06,151.77777777777777
7.170232506491598e-07,151.88888888888889
7.598371622600617e-07,152.0
1.5102354631735107e-07,152.11111111111111
5.608712914434906e-07,152.2222222222222
1.2883077954484155e-06,152.33333333333331
5.67476887093013e-07,152.44444444444443
5.000320657688615e-07,152.55555555555554
7.431501357657085e-07,152.66666666666666
5.118122725855006e-07,152.77777777777777
7.711322410577288e-07,152.88888888888889
6.860565935499431e-07,153.0
2.6024213698686805e-07,153.11111111111111
1.0137840441294976e-06,153.2222222222222
8.075560735303505e-07,153.33333333333331
5.016851433356248e-07,153.44444444444443
7.49147780897885e-07,153.55555555555554
3.6684553328821585e-07,153.66666666666666
4.061026889014187e-07,153.77777777777777
1.161078116777007e-06,153.88888888888889
7.880358973575588e-07,154.0
1.6906068864480525e-07,154.11111111111111
5.687818306363923e-07,154.2222222222222
5.015135963976256e-07,154.33333333333331
1.122629295991003e-06,154.44444444444443
7.43505025408482e-07,154.55555555555554
8.020238030724056e-07,154.66666666666666
1.0550491484746887e-06,154.77777777777777
3.177867613207594e-07,154.88888888888889
5.776827263876672e-07,155.0
2.972552559119425e-07,155.11111111111111
3.238730340292699e-07,155.2222222222222
8.246230364275673e-07,155.33333333333331
8.931676522246392e-07,155.44444444444443
5.614233455129258e-07,155.55555555555554
4.548819558549778e-07,155.66666666666666
5.037554295291076e-07,155.77777777777777
4.219785585024761e-07,155.88888888888889
1.0444233296805615e-06,156.0
3.301168398576192e-07,156.11111111111111
9.821137369249659e-07,156.2222222222222
8.86420089776665e-07,156.33333333333331
3.4185081590443743e-07,156.44444444444443
5.774543008200834e-07,156.55555555555554
1.9538443899052334e-07,156.66666666666666
4.166213106571597e-07,156.77777777777777
8.875408397913559e-07,156.88888888888889
8.458561149282488e-07,157.0
4.839348477539265e-07,157.11111111111111
4.677268055897803e-07,157.2222222222222
4.32625287960737e-07,157.33333333333331
6.317637759249472e-07,157.44444444444443
1.0855399093749828e-06,157.55555555555554
1.4603540882627455e-07,157.66666666666666
1.2711991735713236e-06,157.77777777777777
4.938277982814482e-07,157.88888888888889
6.841150802608232e-07,158.0
3.477247605792966e-07,158.11111111111111
1.1216388074622339e-07,158.2222222222222
7.430999149319954e-07,158.33333333333331
1.0277009636386081e-06,158.44444444444443
4.618940338633163e-07,158.55555555555554
6.433509886209477e-07,158.66666666666666
7.893072856127001e-07,158.77777777777777
3.7248693381132523e-07,158.88888888888889
8.048846829753367e-07,159.0
5.841608221218178e-07,159.11111111111111
3.925728410838201e-07,159.2222222222222
1.070551884489499e-06,159.33333333333331
4.6766004228728365e-07,159.44444444444443
6.743332485170906e-07,159.55555555555554
5.216516943650039e-07,159.66666666666666
2.745781806126758e-07,159.77777777777777
6.210197112923278e-07,159.88888888888889
1.221013799931603e-06,160.0
5.141279137741619e-07,160.11111111111111
3.780360310092108e-07,160.2222222222222
9.049656733395591e-07,160.33333333333331
6.994733575746044e-07,160.44444444444443
1.3664958031934199e-06,160.55555555555554
3.307046406300197e-07,160.66666666666666
1.1815319950267937e-06,160.77777777777777
5.245567093552649e-07,160.88888888888889
6.502778240003268e-07,161.0
1.3758052032885064e-07,161.11111111111111
4.808126723477743e-07,161.2222222222222
7.108453283558392e-07,161.33333333333331
6.634705516207288e-07,161.44444444444443
7.651472499679597e-07,161.55555555555554
8.802511109309727e-07,161.66666666666666
5.78456541476818e-07,161.77777777777777
2.2666108047909895e-07,161.88888888888889
2.2990787391563358e-07,162.0
1.1239540288969143e-06,162.11111111111111
3.3246108848071584e-07,162.2222222222222
1.3806407966661683e-06,162.33333333333331
7.856898860255783e-07,162.44444444444443
8.286664771239272e-07,162.55555555555554
5.723111520564752e-07,162.66666666666666
3.695877018950268e-07,162.77777777777777
7.851196170158422e-07,162.88888888888889
1.2847078949177856e-06,163.0
2.490228638314224e-07,163.11111111111111
7.817153275464901e-07,163.2222222222222
1.182044759679754e-06,163.33333333333331
6.591118181354481e-07,163.44444444444443
1.04071161466593e-06,163.55555555555554
3.125692169476355e-07,163.66666666666666
6.403034356747406e-07,163.77777777777777
7.083721275966714e-07,163.88888888888889
7.44357399839091e-07,164.0
3.8699857589502486e-07,164.11111111111111
6.638918649607528e-07,164.2222222222222
4.5686396815525264e-07,164.33333333333331
2.8488326616720116e-07,164.44444444444443
1.173453643955046e-06,164.55555555555554
7.891702985211016e-07,164.66666666666666
1.9488638047970868e-07,164.77777777777777
8.753741853293026e-07,164.88888888888889
6.315055108781826e-07,165.0
1.4055564453930417e-06,165.11111111111111
6.285103015919061e-07,165.2222222222222
1.269680698685751e-06,165.33333333333331
7.359076083867866e-07,165.44444444444443
6.943652623087421e-07,165.55555555555554
3.2568860604914927e-07,165.66666666666666
4.803041783414396e-07,165.77777777777777
7.066528012520295e-07,165.88888888888889
8.82932922333828e-07,166.0
4.5572924768426354e-07,166.11111111111111
9.318442245740524e-07,166.2222222222222
9.146249082244836e-07,166.33333333333331
2.87480533214358e-07,166.44444444444443
2.960551353353678e-07,166.55555555555554
8.012336167994756e-07,166.66666666666666
3.8695437343387647e-07,166.77777777777777
1.02831243618057e-06,166.88888888888889
9.082292129784676e-07,167.0
5.148294257812858e-07,167.11111111111111
6.035198312962235e-07,167.2222222222222
2.6902721686422325e-07,167.33333333333331
4.872678864853748e-07,167.44444444444443
1.1819842301740532e-06,167.55555555555554
4.945149417804007e-07,167.66666666666666
5.61089849190144e-07,167.77777777777777
1.1358214517556785e-06,167.88888888888889
6.919525344956216e-07,168.0
1.0593649068117745e-06,168.11111111111111
6.018080770037371e-07,168.2222222222222
6.817575375625952e-07,168.33333333333331
7.151479680695403e-07,168.44444444444443
5.675194963678339e-07,168.55555555555554
1.6888369460785077e-07,168.66666666666666
4.125285814360489e-07,168.77777777777777
3.0244896012562674e-07,168.88888888888889
4.5055722348836544e-07,169.0
8.01760105048675e-07,169.11111111111111
7.390139413613891e-07,169.2222222222222
5.532566167525709e-07,169.33333333333331
7.271388067014289e-07,169.44444444444443
3.1350157276485914e-07,169.55555555555554
1.0276669876430053e-06,169.66666666666666
5.830828707588524e-07,169.77777777777777
8.936791811230952e-07,169.88888888888889
8.791754824444119e-07,170.0
3.375876679385962e-07,170.11111111111111
3.954520227596802e-07,170.2222222222222
1.8567231234770863e-07,170.33333333333331
3.60134362703808e-07,170.44444444444443
8.216376692633178e-07,170.55555555555554
5.673904951952671e-07,170.66666666666666
6.369699917890981e-07,170.77777777777777
9.036059125024655e-07,170.88888888888889
6.796198969590609e-07,171.0
4.4711853220174145e-07,171.11111111111111
8.868942871268041e-07,171.2222222222222
1.4041521087265905e-07,171.33333333333331
9.064351410106552e-07,171.44444444444443
6.03250331890317e-07,171.55555555555554
3.4263142675519957e-07,171.66666666666666
2.402315514568325e-07,171.77777777777777
1.214606322332138e-07,171.88888888888889
4.407280060184158e-07,172.0
7.499772067446381e-07,172.11111111111111
5.816911408115907e-07,172.2222222222222
6.904223257239338e-07,172.33333333333331
9.017135176018115e-07,172.44444444444443
4.3568724720512774e-07,172.55555555555554
6.557539885990822e-07,172.66666666666666
7.703420509991626e-07,172.77777777777777
3.1260862386494184e-07,172.88888888888889
9.889336348374373e-07,173.0
3.5881523147438243e-07,173.11111111111111
4.478137270798698e-07,173.2222222222222
1.2258603514553445e-07,173.33333333333331
1.2620323053109193e-07,173.44444444444443
6.5272648023891e-07,173.55555555555554
8.123955742670234e-07,173.66666666666666
3.9861104421657147e-07,173.77777777777777
8.329155245093539e-07,173.88888888888889
1.092227856849467e-06,174.0
3.9848380992959426e-07,174.11111111111111
9.95379397386581e-07,174.2222222222222
2.547476009623901e-07,174.33333333333331
7.54212295680314e-07,174.44444444444443
6.10222232596885e-07,174.55555555555554
4.816417760090951e-07,174.66666666666666
1.7114600278652046e-07,174.77777777777777
3.0793215554226685e-07,174.88888888888889
2.932759444165027e-07,175.0
4.3123192383707466e-07,175.11111111111111
8.28940633120312e-07,175.2222222222222
6.567987036283413e-07,175.33333333333331
6.224512412515636e-07,175.44444444444443
8.241157233603398e-07,175.55555555555554
3.4387063887879944e-07,175.66666666666666
1.1608928953902502e-06,175.77777777777777
2.4780210138804367e-07,175.88888888888889
1.1810697687439802e-06,176.0
4.805097260484681e-07,176.11111111111111
6.432577446463359e-07,176.2222222222222
2.4589613096947446e-07,176.33333333333331
4.703457721988268e-07,176.44444444444443
7.236115210614564e-07,176.55555555555554
7.105852400478991e-07,176.66666666666666
4.559162090870935e-07,176.77777777777777
1.0506844382415505e-06,176.88888888888889
1.1413428387903605e-06,177.0
2.4703921668006685e-07,177.11111111111111
5.44769725094692e-07,177.2222222222222
5.527600266684246e-07,177.33333333333331
3.3596882547877657e-07,177.44444444444443
8.693294926002073e-07,177.55555555555554
6.912061740601843e-07,177.66666666666666
4.1200732665643876e-07,177.77777777777777
3.901468760122905e-07,177.88888888888889
2.8857502519279646e-07,178.0
5.458654376882641e-07,178.11111111111111
1.01799469549996e-06,178.2222222222222
2.9459760186979615e-07,178.33333333333331
7.449232723272674e-07,178.44444444444443
1.3522566710178137e-06,178.55555555555554
6.33643754649797e-07,178.66666666666666
1.2321897583000023e-06,178.77777777777777
3.7026256116899123e-07,178.88888888888889
1.0065115820237668e-06,179.0
3.749583185422291e-07,179.11111111111111
7.246461753678228e-07,179.2222222222222
2.0653794140120443e-07,179.33333333333331
5.204423611102298e-07,179.44444444444443
5.199215201033913e-07,179.55555555555554
2.9264700001900285e-07,179.66666666666666
7.598735182585909e-07,179.77777777777777
9.308705546519497e-07,179.88888888888889
6.978626434412311e-07,180.0
6.456342171054821e-07,180.11111111111111
1.7107520933330218e-07,180.2222222222222
9.998776658920404e-07,180.33333333333331
4.7585202630379277e-07,180.44444444444443
1.086405598578413e-06,180.55555555555554
7.551563640646698e-07,180.66666666666666
5.595375685761247e-07,180.77777777777777
4.370919968745693e-07,180.88888888888889
5.074837922919589e-07,181.0
6.726833765547162e-07,181.11111111111111
8.634298418430643e-07,181.2222222222222
2.1696069795891755e-07,181.33333333333331
1.0281896025359814e-06,181.44444444444443
1.3761218175051729e-06,181.55555555555554
5.145346452099261e-07,181.66666666666666
7.587235470800278e-07,181.77777777777777
3.697461275063445e-07,181.88888888888889
5.452967529838622e-07,182.0
5.393456014315459e-07,182.11111111111111
7.525653381025343e-07,182.2222222222222
8.557856274629966e-08,182.33333333333331
3.5453617890509404e-07,182.44444444444443
2.1072301147864057e-07,182.55555555555554
2.3392070072930952e-07,182.66666666666666
8.420735663442955e-07,182.77777777777777
5.167267593924911e-07,182.88888888888889
5.787260277572463e-07,183.0
1.1789900476812452e-06,183.11111111111111
5.731765822885358e-07,183.2222222222222
1.0444039734167711e-06,183.33333333333331
5.835917167394368e-07,183.44444444444443
8.738558289751212e-07,183.55555555555554
6.284973102056731e-07,183.66666666666666
5.338299577167733e-07,183.77777777777777
3.156821775966504e-07,183.88888888888889
4.0282356015640056e-07,184.0
4.098910950105426e-07,184.11111111111111
4.850398907926342e-07,184.2222222222222
4.5768561237674155e-07,184.33333333333331
8.725309286792471e-07,184.44444444444443
9.793282167862771e-07,184.55555555555554
6.920889154374087e-07,184.66666666666666
1.1119475383806053e-07,184.77777777777777
7.111272020116523e-07,184.88888888888889
3.6872562630427055e-07,185.0
7.234048312088544e-07,185.11111111111111
7.004916137808471e-07,185.2222222222222
2.4974011572767897e-07,185.33333333333331
2.3344430279479433e-07,185.44444444444443
2.309496401663045e-07,185.55555555555554
3.260936275862502e-07,185.66666666666666
6.364761617766836e-07,185.77777777777777
3.703170296476207e-07,185.88888888888889
7.668123748267376e-07,186.0
1.1841692517243303e-06,186.11111111111111
6.716991019879552e-07,186.2222222222222
5.755309506664557e-07,186.33333333333331
6.677303184585925e-07,186.44444444444443
3.484369659520575e-07,186.55555555555554
7.006834657344299e-07,186.66666666666666
4.538095982643937e-07,186.77777777777777
2.713716210133902e-07,186.88888888888889
7.563323064873957e-08,187.0
9.909198002258483e-08,187.11111111111111
3.7149552315078454e-07,187.2222222222222
4.561910501036436e-07,187.33333333333331
5.711446670228857e-07,187.44444444444443
8.762371178897355e-07,187.55555555555554
1.079581840473874e-06,187.66666666666666
2.8395445491449267e-07,187.77777777777777
7.084165791359774e-07,187.88888888888889
4.5179239606653693e-07,188.0
5.087622448565326e-07,188.11111111111111
6.559940313946839e-07,188.2222222222222
3.8849585966213887e-07,188.33333333333331
1.527625371360023e-07,188.44444444444443
7.12304093645517e-08,188.55555555555554
4.66210493428618e-08,188.66666666666666
4.128241778635868e-07,188.77777777777777
5.170558915906749e-07,188.88888888888889
5.515850304983212e-07,189.0
9.374593681898279e-07,189.11111111111111
1.0650152212286538e-06,189.2222222222222
1.6027353311483419e-07,189.33333333333331
9.377396877609663e-07,189.44444444444443
9.915208144914404e-08,189.55555555555554
8.323951223700102e-07,189.66666666666666
3.521588471699953e-07,189.77777777777777
5.408311012509449e-07,189.88888888888889
2.0412360744720344e-07,190.0
3.1062426262146936e-07,190.11111111111111
4.092174752021382e-07,190.2222222222222
2.3284917903189077e-07,190.33333333333331
6.612894052330509e-07,190.44444444444443
9.090907291155237e-07,190.55555555555554
9.557096774297859e-07,190.66666666666666
5.592212005879122e-07,190.77777777777777
2.4182258892553453e-07,190.88888888888889
7.188385693549993e-07,191.0
1.4314953972565488e-07,191.11111111111111
8.58927431361848e-07,191.2222222222222
4.6634014235019303e-07,191.33333333333331
3.8848420670494085e-07,191.44444444444443
2.7903333523715975e-07,191.55555555555554
3.586968205243575e-07,191.66666666666666
5.477069834135393e-07,191.77777777777777
5.221474736851358e-07,191.88888888888889
4.3498647091449755e-07,192.0
1.0894785898570282e-06,192.11111111111111
1.3881986740364177e-06,192.2222222222222
2.9087557539765805e-07,192.33333333333331
9.062771685639725e-07,192.44444444444443
1.609291755310927e-07,192.55555555555554
6.677291385961512e-07,192.66666666666666
3.607125391955581e-07,192.77777777777777
7.112795040767616e-07,192.88888888888889
1.6578643462114134e-07,193.0
2.616674783510267e-07,193.11111111111111
3.0105123121678943e-07,193.2222222222222
1.4959936324057497e-07,193.33333333333331
7.396847446582291e-07,193.44444444444443
5.467815190740868e-07,193.55555555555554
6.562970134240274e-07,193.66666666666666
1.135522200777301e-06,193.77777777777777
3.275413867024445e-07,193.88888888888889
1.0382589337245605e-06,194.0
3.99795381842129e-07,194.11111111111111
9.843187487255484e-07,194.2222222222222
4.02866785873784e-07,194.33333333333331
6.686496862334057e-07,194.44444444444443
4.921422725446784e-07,194.55555555555554
5.264255596337377e-07,194.66666666666666
5.815324009185371e-07,194.77777777777777
3.7898082735465646e-07,194.88888888888889
6.934859829448616e-07,195.0
1.1384952798898514e-06,195.11111111111111
1.1629507487440538e-06,195.2222222222222
3.575294606840618e-07,195.33333333333331
5.201148783172213e-07,195.44444444444443
4.317907408407725e-07,195.55555555555554
4.3285561917996704e-07,195.66666666666666
6.274813977982104e-07,195.77777777777777
7.079118953177713e-07,195.88888888888889
1.838137862587999e-07,196.0
3.1490027997600176e-07,196.11111111111111
3.918464786972547e-07,196.2222222222222
3.920222657479941e-07,196.33333333333331
6.148155475723299e-07,196.44444444444443
2.457829568329671e-07,196.55555555555554
9.220937440374535e-07,196.66666666666666
1.4621391649823023e-06,196.77777777777777
5.22844368826124e-07,196.88888888888889
9.813550386256082e-07,197.0
4.0808071286210217e-07,197.11111111111111
7.664625621134697e-07,197.2222222222222
2.4949831741195896e-07,197.33333333333331
7.361187887309057e-07,197.44444444444443
3.7463166254264976e-07,197.55555555555554
3.346336472009484e-07,197.66666666666666
3.5854480894191933e-07,197.77777777777777
1.3480262689855662e-07,197.88888888888889
6.609193356634642e-07,198.0
7.587097393386098e-07,198.11111111111111
7.087327936675345e-07,198.2222222222222
9.056441798111516e-07,198.33333333333331
3.8729501251137226e-07,198.44444444444443
7.423148868242567e-07,198.55555555555554
4.842255283798519e-07,198.66666666666666
7.215941342272004e-07,198.77777777777777
5.684197172294188e-07,198.88888888888889
4.234986518511824e-07,199.0
4.285229670676055e-07,199.1111111111111
4.167050275348467e-07,199.2222222222222
3.7494954302664473e-07,199.33333333333331
4.0018149208045356e-07,199.44444444444443
4.809660438363297e-07,199.55555555555554
9.933032380357045e-07,199.66666666666666
1.2492139024764553e-06,199.77777777777777
5.88226966658183e-07,199.88888888888889
5.549360091420881e-07,200.0
4.5384566585098383e-07,200.1111111111111
3.826831377532368e-07,200.2222222222222
3.9904536516686796e-07,200.33333333333331
5.95470505847707e-07,200.44444444444443
1.9599154307763047e-07,200.55555555555554
5.4932072964324096e-08,200.66666666666666
1.6570276819350607e-07,200.77777777777777
9.40798905701078e-08,200.88888888888889
3.718472666206017e-07,201.0
4.7444677008582016e-07,201.1111111111111
7.613811450993397e-07,201.2222222222222
1.1748448998767993e-06,201.33333333333331
5.340116283420731e-07,201.44444444444443
6.69971221516861e-07,201.55555555555554
5.197736792950015e-07,201.66666666666666
4.6559879765776213e-07,201.77777777777777
4.7173135697257445e-07,201.88888888888889
4.5190308752203587e-07,202.0
3.274701978556658e-07,202.1111111111111
1.9615473272110014e-07,202.2222222222222
1.0370107409780479e-07,202.33333333333331
2.2584846221752948e-07,202.44444444444443
3.5828729047210586e-07,202.55555555555554
7.166282045814482e-07,202.66666666666666
9.470355537907637e-07,202.77777777777777
9.821005050088467e-07,202.88888888888889
2.240625692227309e-07,203.0
6.934646060899165e-07,203.1111111111111
2.4546449673918033e-07,203.2222222222222
4.996889433796073e-07,203.33333333333331
4.0490862939290846e-07,203.44444444444443
4.4392852658428796e-07,203.55555555555554
1.863577674253024e-07,203.66666666666666
1.0184820819917642e-07,203.77777777777777
1.9238011369855283e-07,203.88888888888889
1.0733998044564059e-07,204.0
5.495271999782926e-07,204.1111111111111
7.130173252082581e-07,204.2222222222222
9.614187981822082e-07,204.33333333333331
8.191711506418124e-07,204.44444444444443
2.7274347941742277e-07,204.55555555555554
7.100535067921165e-07,204.66666666666666
7.925768609156099e-08,204.77777777777777
6.283998551717019e-07,204.88888888888889
2.821993957389762e-07,205.0
4.4939955490310696e-07,205.1111111111111
3.1875879968781237e-07,205.2222222222222
1.9186617480602467e-07,205.33333333333331
3.5879876404895625e-07,205.44444444444443
2.8680991300213247e-08,205.55555555555554
7.42042376176915e-07,205.66666666666666
1.0075240761655886e-06,205.77777777777777
1.1155113187244242e-06,205.88888888888889
3.206258439748034e-07,206.0
6.683187609383462e-07,206.1111111111111
3.1095306200179937e-07,206.2222222222222
3.6330037745355917e-07,206.33333333333331
4.389301758576982e-07,206.44444444444443
5.350004798216957e-07,206.55555555555554
6.393733826878949e-08,206.66666666666666
1.652629859751623e-07,206.77777777777777
2.779478612940226e-07,206.88888888888889
1.7527953507382707e-07,207.0
3.7210451655092947e-07,207.1111111111111
4.540779857842519e-07,207.2222222222222
8.85258271298705e-07,207.33333333333331
1.2562995748208013e-06,207.44444444444443
1.7022365026241573e-07,207.55555555555554
9.614968688178303e-07,207.66666666666666
2.4287349383680166e-07,207.77777777777777
7.24859021607018e-07,207.88888888888889
7.629493611097552e-08,208.0
7.238129786316342e-07,208.1111111111111
4.5020918876236594e-07,208.2222222222222
2.6852927066239806e-07,208.33333333333331
4.974761008448919e-07,208.44444444444443
2.5277114687006074e-07,208.55555555555554
8.353392560068774e-07,208.66666666666666
8.358770083911078e-07,208.77777777777777
7.564021544227894e-07,208.88888888888889
7.268994769836954e-07,209.0
4.647578100872968e-07,209.1111111111111
6.119064961430759e-07,209.2222222222222
3.606229086323901e-07,209.33333333333331
6.43534870555568e-07,209.44444444444443
4.2581262112029176e-07,209.55555555555554
3.986435981333139e-07,209.66666666666666
4.832922243799773e-07,209.77777777777777
3.9942191659724036e-07,209.88888888888889
3.837940828312312e-07,210.0
2.4512908002097145e-07,210.1111111111111
7.248098587442944e-07,210.2222222222222
1.1103466568323785e-06,210.33333333333331
1.3304278052835351e-06,210.44444444444443
2.2850875070511447e-07,210.55555555555554
9.298537043189679e-07,210.66666666666666
2.018531697358265e-07,210.77777777777777
5.942619825088104e-07,210.88888888888889
1.7675108408073376e-07,211.0
7.454750424169854e-07,211.1111111111111
2.4100310518022774e-07,211.2222222222222
1.9068766305712416e-07,211.33333333333331
4.802098354492045e-07,211.44444444444443
1.899832296948456e-07,211.55555555555554
5.536355657831969e-07,211.66666666666666
3.945794924289228e-07,211.77777777777777
6.071253039669426e-07,211.88888888888889
1.1799944087171175e-06,212.0
4.4872673779431064e-07,212.1111111111111
8.708944674647759e-07,212.2222222222222
4.894397937816884e-07,212.33333333333331
6.831245966097427e-07,212.44444444444443
2.5331439344715995e-07,212.55555555555554
6.555579417614795e-07,212.66666666666666
5.654670674291901e-07,212.77777777777777
3.4217487385358686e-07,212.88888888888889
4.799238360193825e-07,213.0
3.7441646374650165e-07,213.1111111111111
8.30030850381631e-07,213.2222222222222
9.667318613390127e-07,213.33333333333331
9.27288355231722e-07,213.44444444444443
5.283698239645109e-07,213.55555555555554
6.775523017161524e-07,213.66666666666666
3.742017836132554e-07,213.77777777777777
4.415635599284555e-07,213.88888888888889
3.405582324516571e-07,214.0
5.30008285379853e-07,214.1111111111111
1.589396860625125e-07,214.2222222222222
3.2587999921193236e-07,214.33333333333331
3.657614586005371e-07,214.44444444444443
1.0426178367411196e-07,214.55555555555554
1.668169309558899e-07,214.66666666666666
5.400890775704516e-07,214.77777777777777
8.652612823235865e-07,214.88888888888889
1.2289165100704295e-06,215.0
4.853856296574065e-07,215.1111111111111
8.116669747109929e-07,215.2222222222222
4.7184007812071695e-07,215.33333333333331
4.66369709774906e-07,215.44444444444443
1.389519376799874e-07,215.55555555555554
5.988446447946244e-07,215.66666666666666
3.679022086752325e-07,215.77777777777777
7.860108274380522e-08,215.88888888888889
3.687033644785785e-07,216.0
2.6950586290014764e-07,216.1111111111111
4.879335815420628e-07,216.2222222222222
6.397192727998048e-07,216.33333333333331
6.459597633763326e-07,216.44444444444443
9.094670358560667e-07,216.55555555555554
5.092574020885911e-07,216.66666666666666
6.316441017838727e-07,216.77777777777777
4.2455979684705443e-07,216.88888888888889
3.4795160844653364e-07,217.0
2.9608563804755445e-07,217.1111111111111
4.0297045447713204e-07,217.2222222222222
3.4616498851639566e-07,217.33333333333331
1.9048150768062248e-07,217.44444444444443
2.6488269355398263e-07,217.55555555555554
1.877239266969653e-07,217.66666666666666
5.814826481529448e-07,217.77777777777777
7.681079703869078e-07,217.88888888888889
9.092426277581181e-07,218.0
7.333880903518607e-07,218.1111111111111
5.215667405817224e-07,218.2222222222222
6.214121466057611e-07,218.33333333333331
2.0023028003265224e-07,218.44444444444443
3.0127939405570764e-07,218.55555555555554
3.229617970045624e-07,218.66666666666666
3.896824278691559e-07,218.77777777777777
2.106335415037087e-07,218.88888888888889
1.3912036543544248e-07,219.0
3.4534969556333944e-07,219.1111111111111
1.7347844312918534e-07,219.2222222222222
7.159445565272375e-07,219.33333333333331
7.123639326102408e-07,219.44444444444443
8.8482919121591e-07,219.55555555555554
5.753308630727354e-07,219.66666666666666
6.150882544904889e-07,219.77777777777777
4.777390342662923e-07,219.88888888888889
2.035456908085242e-07,220.0
3.060360655507123e-07,220.1111111111111
3.3377001902230224e-07,220.2222222222222
2.628979261543228e-07,220.33333333333331
2.522943986982973e-07,220.44444444444443
2.247293392335907e-07,220.55555555555554
2.1314539411520325e-07,220.66666666666666
2.2586168136094456e-07,220.77777777777777
7.238967283325711e-07,220.88888888888889
8.470900195829025e-07,221.0
1.0144354604291214e-06,221.1111111111111
3.103815669916611e-07,221.2222222222222
8.636795768874612e-07,221.33333333333331
1.7219632639519757e-07,221.44444444444443
4.370805542092477e-07,221.55555555555554
1.9124676966196708e-07,221.66666666666666
5.827787550158591e-07,221.77777777777777
2.361181272076269e-07,221.88888888888889
1.4580928689301157e-07,222.0
5.507679778192936e-07,222.1111111111111
2.611886064387148e-07,222.2222222222222
6.299746361911367e-07,222.33333333333331
4.903242577762924e-07,222.44444444444443
5.888801834396834e-07,222.55555555555554
9.080240110002373e-07,222.66666666666666
4.108207454401245e-07,222.77777777777777
7.531761128819904e-07,222.88888888888889
2.9214552980001464e-07,223.0
4.843487032891017e-07,223.1111111111111
6.54947260854835e-08,223.2222222222222
5.382355686593012e-07,223.33333333333331
4.75819701276822e-07,223.44444444444443
1.2344729190512207e-07,223.55555555555554
5.344915221008965e-07,223.66666666666666
3.9122259173211986e-07,223.77777777777777
9.61921739405564e-07,223.88888888888889
9.075024152035812e-07,224.0
8.877390122538525e-07,224.1111111111111
4.072128177527092e-07,224.2222222222222
8.764889655387658e-07,224.33333333333331
2.3188913957590937e-07,224.44444444444443
4.693690564325009e-07,224.55555555555554
2.904482857676106e-07,224.66666666666666
5.093892994593735e-07,224.77777777777777
3.614923497813309e-08,224.88888888888889
3.6052521379919926e-07,225.0
5.078960589165486e-07,225.1111111111111
2.3964210993298053e-08,225.2222222222222
1.5018221100589364e-07,225.33333333333331
5.568115203178909e-07,225.44444444444443
7.632625227967688e-07,225.55555555555554
1.1593998445762244e-06,225.66666666666666
2.5850538708117964e-07,225.77777777777777
1.0040274282142117e-06,225.88888888888889
3.891471408574106e-07,226.0
5.720768365644438e-07,226.1111111111111
1.7389398951587175e-07,226.2222222222222
7.185033868872762e-07,226.33333333333331
4.595155862427052e-07,226.44444444444443
1.879630635863037e-07,226.55555555555554
7.400288029661322e-07,226.66666666666666
5.210318700409614e-07,226.77777777777777
8.375801060815269e-07,226.88888888888889
5.973966977560956e-07,227.0
4.274500511447021e-07,227.1111111111111
7.433678761031569e-07,227.2222222222222
6.88548837519209e-07,227.33333333333331
5.447630645836432e-07,227.44444444444443
5.100451913201627e-07,227.55555555555554
3.5465950172931264e-07,227.66666666666666
2.6047045031966583e-07,227.77777777777777
3.795576809266205e-07,227.88888888888889
4.885939027673367e-07,228.0
2.821136238792094e-07,228.1111111111111
3.975797009991747e-07,228.2222222222222
3.5140760506563207e-07,228.33333333333331
8.786008502578909e-07,228.44444444444443
9.092049340468019e-07,228.55555555555554
9.98678998786861e-07,228.66666666666666
2.805332168532947e-07,228.77777777777777
9.780138594994174e-07,228.88888888888889
3.380210729758008e-07,229.0
5.023105027137194e-07,229.1111111111111
1.59888193912944e-07,229.2222222222222
5.749667668730834e-07,229.33333333333331
1.8144391202647943e-07,229.44444444444443
2.2834249948651725e-07,229.55555555555554
6.150755446390716e-07,229.66666666666666
3.066300401439817e-07,229.77777777777777
3.280230935983746e-07,229.88888888888889
4.5947764619814453e-07,230.0
4.843092997205958e-07,230.1111111111111
9.415069916508902e-07,230.2222222222222
5.040423395348886e-07,230.33333333333331
7.88649064437859e-07,230.44444444444443
5.223294731049186e-07,230.55555555555554
3.4429531839145214e-07,230.66666666666666
1.1343790420232722e-07,230.77777777777777
5.115798457927257e-07,230.88888888888889
4.050931071495979e-07,231.0
5.809078787927407e-08,231.1111111111111
5.923735548467573e-07,231.2222222222222
4.989749432810122e-07,231.33333333333331
7.452367938271503e-07,231.44444444444443
7.022337945764721e-07,231.55555555555554
5.782348934108339e-07,231.66666666666666
5.551132335039659e-07,231.77777777777777
7.325764115041624e-07,231.88888888888889
5.277056764571324e-07,232.0
3.982060401016918e-07,232.1111111111111
5.983380376252516e-08,232.2222222222222
2.542519173928784e-07,232.33333333333331
2.1254158115563962e-07,232.44444444444443
2.266721990294188e-07,232.55555555555554
3.1307902139173616e-07,232.66666666666666
4.2088476801404654e-07,232.77777777777777
2.0201839007455403e-07,232.88888888888889
6.69381859755116e-07,233.0
6.171788171642951e-07,233.1111111111111
7.660372008143076e-07,233.2222222222222
5.228055338579296e-07,233.33333333333331
7.462454083417176e-07,233.44444444444443
5.485135107080034e-07,233.55555555555554
2.466748134534178e-07,233.66666666666666
7.120211440900169e-08,233.77777777777777
3.3184691430794727e-07,233.88888888888889
2.4816684434849695e-07,234.0
1.205937866914788e-07,234.1111111111111
4.330645223299595e-07,234.2222222222222
4.803460142980926e-07,234.33333333333331
3.755230147929412e-07,234.44444444444443
7.108136043193464e-07,234.55555555555554
5.204517858339599e-07,234.66666666666666
6.908929770647342e-07,234.77777777777777
5.336809227688433e-07,234.88888888888889
7.679927875452095e-07,235.0
3.5125586498299096e-07,235.1111111111111
2.658169080250931e-07,235.2222222222222
1.339676141166049e-07,235.33333333333331
3.3264805895232587e-07,235.44444444444443
1.0367021794903504e-07,235.55555555555554
2.544062498934413e-07,235.66666666666666
5.702336347861701e-07,235.77777777777777
2.861349134297053e-07,235.88888888888889
4.621716072542923e-07,236.0
5.472815176232244e-07,236.1111111111111
5.22639938422457e-07,236.2222222222222
7.50516001146619e-07,236.33333333333331
4.916953407775086e-07,236.44444444444443
8.017327939815651e-07,236.55555555555554
2.2918788155198643e-07,236.66666666666666
2.9310187677809434e-07,236.77777777777777
1.741672959800717e-07,236.88888888888889
4.4128647314003347e-07,237.0
2.471090828841931e-07,237.1111111111111
2.388290709915002e-07,237.2222222222222
7.531194443126613e-07,237.33333333333331
4.722262799895309e-07,237.44444444444443
8.247962984069086e-07,237.55555555555554
4.874000575343492e-07,237.66666666666666
4.5287615415917564e-07,237.77777777777777
6.109965521710303e-07,237.88888888888889
7.48785233391375e-07,238.0
4.634357076350682e-07,238.1111111111111
4.1171948794848396e-07,238.2222222222222
1.8094808494526053e-07,238.33333333333331
1.608335414777836e-07,238.44444444444443
2.1731891678409168e-07,238.55555555555554
3.6510651882755896e-07,238.66666666666666
3.566749790841119e-07,238.77777777777777
4.120335956920107e-07,238.88888888888889
2.874405771189787e-07,239.0
8.246185166025532e-07,239.1111111111111
6.805165429358728e-07,239.2222222222222
8.335066945810448e-07,239.33333333333331
3.1917703226570313e-07,239.44444444444443
1.0311781960707326e-06,239.55555555555554
2.2557192293545722e-07,239.66666666666666
5.128510734679477e-07,239.77777777777777
3.315025997023889e-07,239.88888888888889
5.315038872890832e-07,240.0
2.374189846531898e-07,240.1111111111111
3.9120249669819625e-07,240.2222222222222
8.652095306021232e-07,240.33333333333331
4.1628502019592197e-07,240.44444444444443
5.110000063813116e-07,240.55555555555554
2.9319747621587387e-07,240.66666666666666
2.4556573422920614e-07,240.77777777777777
8.148605021577776e-07,240.88888888888889
5.066005904481713e-07,241.0
7.811846032853708e-07,241.1111111111111
4.915002866273848e-07,241.2222222222222
2.971052970078508e-07,241.33333333333331
1.828855604285699e-07,241.44444444444443
4.85662162761143e-07,241.55555555555554
3.972038560990245e-07,241.66666666666666
6.402096513987991e-08,241.77777777777777
8.146715754440069e-07,241.88888888888889
6.28328187765707e-07,242.0
9.651659880397554e-07,242.1111111111111
6.435132722753307e-07,242.2222222222222
5.626104229770139e-07,242.33333333333331
4.2261201086369216e-07,242.44444444444443
9.831203895023106e-07,242.55555555555554
2.608684596737102e-07,242.66666666666666
5.920449895992532e-07,242.77777777777777
2.651435072424937e-07,242.88888888888889
3.388135827641986e-07,243.0
1.6572551006628282e-07,243.1111111111111
4.0359247925725595e-07,243.2222222222222
5.95180615953392e-07,243.33333333333331
2.939537444664312e-07,243.44444444444443
1.0121054563742985e-07,243.55555555555554
6.45653999143495e-07,243.66666666666666
5.67877700455925e-07,243.77777777777777
8.372722969171594e-07,243.88888888888889
2.7817011509059796e-07,244.0
9.909074210484975e-07,244.1111111111111
4.6687600819351334e-07,244.2222222222222
4.308139760231065e-07,244.33333333333331
3.37435524295686e-07,244.44444444444443
5.208478273942873e-07,244.55555555555554
3.0105611017428433e-07,244.66666666666666
2.817611341776101e-07,244.77777777777777
9.156909464550202e-07,244.88888888888889
6.128161764798447e-07,245.0
6.363038129755487e-07,245.1111111111111
3.8060533525764655e-07,245.2222222222222
1.1685434352409303e-07,245.33333333333331
5.652149361877821e-07,245.44444444444443
7.120195117033112e-07,245.55555555555554
5.637005857928251e-07,245.66666666666666
5.591301407193484e-07,245.77777777777777
3.752233242172546e-08,245.88888888888889
7.299780043340649e-08,246.0
2.6557102698593484e-07,246.1111111111111
2.58743758792707e-07,246.2222222222222
2.126013887215145e-07,246.33333333333331
6.514332997420639e-07,246.44444444444443
4.891790802602543e-07,246.55555555555554
7.737276355460316e-07,246.66666666666666
5.846935877954315e-07,246.77777777777777
5.577009625059916e-07,246.88888888888889
3.0938038928948464e-07,247.0
9.036057987554343e-07,247.1111111111111
4.697888448111009e-07,247.2222222222222
4.3335474142713076e-07,247.33333333333331
2.3785046898335772e-07,247.44444444444443
2.9149892817834285e-07,247.55555555555554
7.053634928246904e-08,247.66666666666666
2.0920054029136135e-07,247.77777777777777
6.397895627643504e-07,247.88888888888889
5.603661175708787e-07,248.0
2.2893737070407353e-07,248.1111111111111
5.400968444494411e-07,248.2222222222222
2.8705329610563804e-07,248.33333333333331
5.283452927701992e-07,248.44444444444443
4.937784243212068e-07,248.55555555555554
7.595239255189744e-07,248.66666666666666
4.983332072189143e-07,248.77777777777777
2.462933663107481e-07,248.88888888888889
1.3703711854123943e-07,249.0
2.416016311679309e-07,249.1111111111111
7.435830901748697e-08,249.2222222222222
1.8698760791231527e-07,249.33333333333331
7.092796274767356e-07,249.44444444444443
5.487795460091543e-07,249.55555555555554
4.800578399379918e-07,249.66666666666666
5.369656820208669e-07,249.77777777777777
2.627001010424392e-07,249.88888888888889
4.444444445465854e-07,250.0
6.291921042306112e-07,250.1111111111111
7.142772358083448e-07,250.2222222222222
3.434585052795506e-07,250.33333333333331
2.6094045631367734e-07,250.44444444444443
1.83305379224345e-07,250.55555555555554
1.633590347330162e-07,250.66666666666666
5.107910015585295e-08,250.77777777777777
4.1997655823898996e-07,250.88888888888889
8.003275846848689e-07,251.0
3.714086512021113e-07,251.1111111111111
5.621309720164168e-07,251.2222222222222
2.96387290583873e-07,251.33333333333331
2.5257450704591483e-07,251.44444444444443
5.257180431861165e-07,251.55555555555554
6.570636700032547e-07,251.66666666666666
6.05213728529957e-07,251.77777777777777
3.598058354105519e-07,251.88888888888889
7.466394694047003e-08,252.0
1.0608677347451916e-07,252.1111111111111
1.5541011465611358e-07,252.2222222222222
1.1684327312620061e-07,252.33333333333331
4.329760574852853e-07,252.44444444444443
7.499619390455175e-07,252.55555555555554
4.280344920570398e-07,252.66666666666666
7.544627469791275e-07,252.77777777777777
3.411443777905213e-07,252.88888888888889
4.368403194344809e-07,253.0
4.943327635896575e-07,253.1111111111111
8.903451603001973e-07,253.2222222222222
2.793344728599754e-07,253.33333333333331
5.135811371833172e-07,253.44444444444443
2.94058440460743e-07,253.55555555555554
2.0843009040217246e-07,253.66666666666666
2.496432834937205e-07,253.77777777777777
4.456401812890454e-07,253.88888888888889
7.591077669712974e-07,254.0
3.3995825267638074e-07,254.1111111111111
1.8698148073636242e-07,254.2222222222222
4.803533940259769e-07,254.33333333333331
2.6476300550250155e-07,254.44444444444443
6.268851008702938e-07,254.55555555555554
3.7166256517976037e-07,254.66666666666666
8.913254523664791e-07,254.77777777777777
3.567207370577543e-07,254.88888888888889
3.4588986073823565e-07,255.0
3.657674648856233e-07,255.1111111111111
3.4157824938793947e-07,255.2222222222222
2.522981020402329e-07,255.33333333333331
4.3301388022140073e-07,255.44444444444443
1.0518771173647078e-06,255.55555555555554
5.932007269828844e-07,255.66666666666666
7.098823835825922e-07,255.77777777777777
2.0070769142909119e-07,255.88888888888889
2.2645944235142986e-07,256.0
5.487841263842149e-07,256.1111111111111
7.751868713097785e-07,256.22222222222223
4.4982760770035363e-07,256.3333333333333
6.213774596883873e-07,256.44444444444446
1.5637490467333173e-07,256.55555555555554
1.4423627211326774e-07,256.66666666666663
3.1387459430414537e-07,256.77777777777777
2.908717213770119e-07,256.88888888888886
3.6038492422717055e-07,257.0
6.529575747833169e-07,257.1111111111111
4.3340397547879805e-07,257.22222222222223
7.87710435303589e-07,257.3333333333333
4.5339479838852083e-07,257.44444444444446
5.95614403847322e-07,257.55555555555554
2.7167833947521107e-07,257.66666666666663
1.0380236622237106e-06,257.77777777777777
2.6967277855901175e-07,257.88888888888886
5.876211183395307e-07,258.0
4.7432056922591584e-07,258.1111111111111
3.3984158107969343e-07,258.22222222222223
3.965450405750175e-07,258.3333333333333
5.284308384988196e-07,258.44444444444446
9.726658598757882e-07,258.55555555555554
4.42498413159228e-07,258.66666666666663
2.6508265583268467e-07,258.77777777777777
2.612511961249589e-07,258.88888888888886
1.9826204633789387e-07,259.0
5.619452118954912e-07,259.1111111111111
4.636382353242492e-07,259.22222222222223
7.388793897186708e-07,259.3333333333333
5.696373436538726e-07,259.44444444444446
1.5626380946378407e-07,259.55555555555554
3.1716033752594374e-07,259.66666666666663
3.113750235789089e-07,259.77777777777777
1.7132623618396128e-07,259.88888888888886
2.625272682012806e-07,260.0
9.873012574903601e-07,260.1111111111111
6.679208015390656e-07,260.22222222222223
7.249493879195311e-07,260.3333333333333
3.3551260722727186e-07,260.44444444444446
3.7585748707234537e-07,260.55555555555554
3.154936319249264e-07,260.66666666666663
8.872017646568538e-07,260.77777777777777
3.3035670333485315e-07,260.88888888888886
6.250125681654141e-07,261.0
3.131609262876415e-07,261.1111111111111
1.235818643827942e-07,261.22222222222223
3.175838049763878e-07,261.3333333333333
3.0446591550941306e-07,261.44444444444446
5.618581398718092e-07,261.55555555555554
5.716663235681473e-07,261.66666666666663
2.503294353793601e-07,261.77777777777777
5.434027934978635e-07,261.88888888888886
3.2229895369619447e-07,262.0
4.5235873755294573e-07,262.1111111111111
2.5784060669630244e-07,262.22222222222223
8.47961168116431e-07,262.3333333333333
4.6907541315069087e-07,262.44444444444446
3.8257423016331744e-07,262.55555555555554
3.776832785339114e-07,262.66666666666663
2.150611138536341e-07,262.77777777777777
2.6252025676147926e-07,262.88888888888886
3.5903727268277623e-07,263.0
8.989240745371635e-07,263.1111111111111
6.316282953375767e-07,263.22222222222223
3.2152695599170635e-07,263.3333333333333
3.0151305992922737e-07,263.44444444444446
1.0927060847807635e-07,263.55555555555554
2.736104596183389e-07,263.66666666666663
5.850871852580071e-07,263.77777777777777
5.898194155670267e-07,263.88888888888886
5.070354182335137e-07,264.0
2.519657042828803e-07,264.1111111111111
1.4038603736471378e-07,264.22222222222223
1.2394178034750462e-07,264.3333333333333
1.492028091760923e-07,264.44444444444446
3.479513179157855e-07,264.55555555555554
8.188410869237327e-07,264.66666666666663
4.760182808784001e-07,264.77777777777777
4.4642209712467444e-07,264.88888888888886
2.949428890749899e-07,265.0
2.123024013523105e-07,265.1111111111111
2.7310156030715286e-07,265.22222222222223
6.749602719814046e-07,265.3333333333333
5.553293658138065e-07,265.44444444444446
4.0640147940855883e-07,265.55555555555554
2.8404704680901206e-07,265.66666666666663
1.409424001824373e-07,265.77777777777777
1.4541201949171927e-07,265.88888888888886
2.1182224258874037e-07,266.0
5.909210794573678e-07,266.1111111111111
8.224885398547212e-07,266.22222222222223
2.8014027917769457e-07,266.3333333333333
4.732486855047309e-07,266.44444444444446
5.207712996853181e-08,266.55555555555554
2.214178017572948e-07,266.66666666666663
4.44561109765e-07,266.77777777777777
6.854307002052091e-07,266.88888888888886
4.3582463970398887e-07,267.0
4.69634274502663e-07,267.1111111111111
2.0374535647334228e-07,267.22222222222223
8.022601647905023e-08,267.3333333333333
3.167988520027723e-07,267.44444444444446
2.8689861362825117e-07,267.55555555555554
6.595079377479453e-07,267.66666666666663
5.907122936650382e-07,267.77777777777777
2.0039208882597742e-07,267.88888888888886
4.821085943957163e-07,268.0
7.388169263645531e-08,268.1111111111111
3.575113149944426e-07,268.22222222222223
4.2720165245419757e-07,268.3333333333333
7.915808509302336e-07,268.44444444444446
2.7785601746807044e-07,268.55555555555554
4.5579256375456783e-07,268.66666666666663
3.6627070294285923e-07,268.77777777777777
8.944582340256524e-08,268.88888888888886
4.3959465372875504e-07,269.0
5.755847703298834e-07,269.1111111111111
9.836923181659842e-07,269.22222222222223
3.541217606772798e-07,269.3333333333333
3.241520711214937e-07,269.44444444444446
1.569227383487103e-07,269.55555555555554
1.8249532860061308e-07,269.66666666666663
4.5102155558611827e-07,269.77777777777777
4.976308051488701e-07,269.88888888888886
6.070248435854315e-07,270.0
5.242321365780273e-07,270.1111111111111
8.167190174545043e-08,270.22222222222223
2.807669192709013e-07,270.3333333333333
2.4261174675520204e-07,270.44444444444446
7.582647097231814e-08,270.55555555555554
3.9743478499585285e-07,270.66666666666663
9.493803292166644e-07,270.77777777777777
4.865691044943031e-07,270.88888888888886
6.407886799049081e-07,271.0
1.715612124454008e-07,271.1111111111111
4.4777822187207676e-07,271.22222222222223
4.0587386540041864e-07,271.3333333333333
8.624760743245082e-07,271.44444444444446
2.1154923502005768e-07,271.55555555555554
6.8296699815127e-07,271.66666666666663
4.1857534155520095e-07,271.77777777777777
2.1647912126643102e-07,271.88888888888886
5.983511281844673e-07,272.0
4.969298319065003e-07,272.1111111111111
7.25583799391312e-07,272.22222222222223
3.9796250820543084e-07,272.3333333333333
1.3545800186777234e-07,272.44444444444446
4.376000320050688e-07,272.55555555555554
2.1251647111550317e-07,272.66666666666663
4.661290771474637e-07,272.77777777777777
2.0112363751655058e-07,272.88888888888886
8.317131746956516e-07,273.0
4.0527505817071357e-07,273.1111111111111
3.7228694736929736e-07,273.22222222222223
4.79834204378927e-07,273.3333333333333
1.3792191584169986e-07,273.44444444444446
4.752085742543893e-07,273.55555555555554
5.703162261300712e-07,273.66666666666663
1.1148728595809155e-06,273.77777777777777
5.316318175008529e-07,273.88888888888886
4.7022623803949276e-07,274.0
6.88839021041302e-08,274.1111111111111
4.162398614068896e-07,274.22222222222223
3.784755447324994e-07,274.3333333333333
6.604964534248086e-07,274.44444444444446
4.021572745771671e-07,274.55555555555554
6.916010194345296e-07,274.66666666666663
2.138687453839824e-07,274.77777777777777
2.40317197396593e-07,274.88888888888886
4.4995961620691117e-07,275.0
1.4186051181827155e-07,275.1111111111111
2.985291543344179e-07,275.22222222222223
7.900754978743481e-07,275.3333333333333
4.842216141438591e-07,275.44444444444446
5.535487573058088e-07,275.55555555555554
2.0766179674939384e-07,275.66666666666663
4.754243930241021e-07,275.77777777777777
1.7200818659427956e-07,275.88888888888886
8.564333578246822e-07,276.0
2.672973900631935e-07,276.1111111111111
5.852836733182495e-07,276.22222222222223
4.967290280714009e-07,276.3333333333333
1.3155195992891588e-07,276.44444444444446
6.177292474557859e-07,276.55555555555554
5.39219113980249e-07,276.66666666666663
8.465128691562351e-07,276.77777777777777
4.71622480451705e-07,276.88888888888886
1.209097877960777e-07,277.0
2.0499683961252962e-07,277.1111111111111
2.7102117231152243e-07,277.22222222222223
2.747325010115324e-07,277.3333333333333
3.5512090780293125e-07,277.44444444444446
5.936527289091582e-07,277.55555555555554
5.284985077995454e-07,277.66666666666663
2.2659439098076114e-07,277.77777777777777
3.16974717132189e-07,277.88888888888886
1.8051400677596828e-07,278.0
3.545722673815165e-07,278.1111111111111
3.8253840888303294e-07,278.22222222222223
9.325931557781946e-07,278.3333333333333
5.670330166169806e-07,278.44444444444446
3.510478178098526e-07,278.55555555555554
1.0882123389752558e-07,278.66666666666663
3.722344151117948e-07,278.77777777777777
1.2234768607760919e-07,278.88888888888886
6.373187176194827e-07,279.0
3.710893098682669e-07,279.1111111111111
5.526819466580197e-07,279.22222222222223
3.575645292993922e-07,279.3333333333333
5.793786891827346e-08,279.44444444444446
4.378976336729455e-07,279.55555555555554
3.7644457882704454e-07,279.66666666666663
4.843310303917452e-07,279.77777777777777
7.260661490850785e-07,279.88888888888886
2.8216709731483796e-07,280.0
2.7306574918146446e-07,280.1111111111111
1.427714941280792e-07,280.22222222222223
2.6180218144273756e-07,280.3333333333333
2.3242387942643255e-07,280.44444444444446
5.85473407607138e-07,280.55555555555554
4.301306973742883e-07,280.66666666666663
4.297226703964543e-07,280.77777777777777
3.058651012199207e-07,280.88888888888886
1.212087235224942e-07,281.0
4.663812837270359e-07,281.1111111111111
3.6272330748331175e-07,281.22222222222223
6.849061732220776e-07,281.3333333333333
6.713006918946974e-07,281.44444444444446
5.744299418748338e-08,281.55555555555554
2.5631686513867276e-07,281.66666666666663
1.8494166506565947e-07,281.77777777777777
2.1450361223801472e-07,281.88888888888886
4.0231037070487305e-07,282.0
5.562062517683845e-07,282.1111111111111
3.823696879410854e-07,282.22222222222223
4.6318784588598744e-07,282.3333333333333
2.508593578082482e-07,282.44444444444446
2.645560036473069e-07,282.55555555555554
5.862346151120523e-07,282.66666666666663
4.486361805438296e-07,282.77777777777777
7.665668006203781e-07,282.88888888888886
3.7802362595426326e-07,283.0
9.269080987313064e-08,283.1111111111111
2.191433655586363e-07,283.22222222222223
1.8716784624916673e-07,283.3333333333333
2.6830057769706816e-07,283.44444444444446
3.6339872938078904e-07,283.55555555555554
5.67639467496825e-07,283.66666666666663
3.9523820486643263e-07,283.77777777777777
2.761751866239924e-07,283.88888888888886
2.833078902475714e-07,284.0
2.5767315829547757e-07,284.1111111111111
4.7578812844423346e-07,284.22222222222223
5.458557882407726e-07,284.3333333333333
9.345167540997481e-07,284.44444444444446
2.673984174761444e-07,284.55555555555554
3.634047586933887e-07,284.66666666666663
1.8588308869168213e-07,284.77777777777777
4.0012412031112116e-07,284.88888888888886
3.6912085629197156e-07,285.0
5.626584311342748e-07,285.1111111111111
3.737684404878734e-07,285.22222222222223
6.399079868808414e-07,285.3333333333333
2.6621789770637863e-07,285.4444444444444
3.2282040166147455e-07,285.55555555555554
6.317308801890593e-07,285.66666666666663
2.669726198247986e-07,285.77777777777777
4.33237499142548e-07,285.88888888888886
6.457197346269957e-07,286.0
2.7105241002855395e-07,286.1111111111111
3.8757675425717944e-07,286.22222222222223
1.0263142242586378e-08,286.3333333333333
4.355103487811816e-07,286.4444444444444
2.1517652858295436e-07,286.55555555555554
7.25370577533893e-07,286.66666666666663
1.9698221580223504e-07,286.77777777777777
5.366533831983729e-07,286.88888888888886
4.68588410552591e-07,287.0
2.1287607310984446e-07,287.1111111111111
8.091024300166939e-07,287.22222222222223
6.385108911413746e-07,287.3333333333333
9.070873146107384e-07,287.4444444444444
2.3141297327239207e-07,287.55555555555554
3.2730613630963316e-07,287.66666666666663
2.587704100100639e-07,287.77777777777777
3.7817136178391784e-07,287.88888888888886
3.481120712044323e-07,288.0
3.5357066000700054e-07,288.1111111111111
5.32178591435456e-07,288.22222222222223
5.864862910350345e-07,288.3333333333333
8.768594291742309e-08,288.4444444444444
3.6896613220922714e-07,288.55555555555554
3.5554817751990473e-07,288.66666666666663
3.7276813026249224e-07,288.77777777777777
3.9708195241398306e-07,288.88888888888886
9.547883688218597e-07,289.0
4.395004488140962e-07,289.1111111111111
4.454102419470526e-07,289.22222222222223
1.6965579700653883e-07,289.3333333333333
5.647687579504041e-07,289.4444444444444
2.6642198934966403e-07,289.55555555555554
7.016426476626149e-07,289.66666666666663
1.6350504494592066e-07,289.77777777777777
7.131301240661843e-07,289.88888888888886
4.6917657942735756e-07,290.0
3.010407230421449e-07,290.1111111111111
8.325186431160514e-07,290.22222222222223
4.553703255454569e-07,290.3333333333333
5.011832643058478e-07,290.4444444444444
4.5271128491331124e-07,290.55555555555554
3.660285835123311e-07,290.66666666666663
2.730109451915151e-07,290.77777777777777
1.834497221165978e-07,290.88888888888886
3.8489094772175163e-07,291.0
9.738327945275778e-08,291.1111111111111
6.273053026269138e-07,291.22222222222223
3.6663598908490686e-07,291.3333333333333
3.4816492461165317e-07,291.4444444444444
4.470489220223596e-07,291.55555555555554
8.53486035637269e-08,291.66666666666663
7.383541793803054e-07,291.77777777777777
5.967155081601737e-07,291.88888888888886
9.095233454810145e-07,292.0
3.875023267541042e-07,292.1111111111111
3.4770108359124486e-07,292.22222222222223
1.5259558048749571e-07,292.3333333333333
4.769661495098853e-07,292.4444444444444
1.6867544209292572e-07,292.55555555555554
4.853024359997313e-07,292.66666666666663
3.0385935817775476e-07,292.77777777777777
6.25805262660961e-07,292.88888888888886
2.9207605347474787e-07,293.0
2.061724654818888e-07,293.1111111111111
5.435738908236725e-07,293.22222222222223
4.135231245460013e-07,293.3333333333333
2.6289628282895744e-07,293.4444444444444
7.251391261169636e-07,293.55555555555554
4.25124969184055e-07,293.66666666666663
2.385107267951546e-07,293.77777777777777
1.316396663180002e-08,293.88888888888886
4.329400632530251e-07,294.0
5.233851665082762e-08,294.1111111111111
5.523161216571603e-07,294.22222222222223
2.495913053413925e-07,294.3333333333333
5.112507624180552e-07,294.4444444444444
4.252270974020783e-07,294.55555555555554
1.1673926021227343e-07,294.66666666666663
7.43915344462738e-07,294.77777777777777
5.377369784394922e-07,294.88888888888886
5.559962503578426e-07,295.0
5.072250772586059e-07,295.1111111111111
2.510035993895222e-07,295.22222222222223
4.013512497129475e-08,295.3333333333333
2.6070787741525614e-07,295.4444444444444
2.0658212500055027e-07,295.55555555555554
2.708444928842988e-07,295.66666666666663
3.7754135040813145e-07,295.77777777777777
4.184745551467537e-07,295.88888888888886
3.7778564725585867e-07,296.0
2.2948167984089595e-07,296.1111111111111
3.210997347682721e-07,296.22222222222223
6.749321726770216e-07,296.3333333333333
3.9281835888146157e-07,296.4444444444444
6.406117843530055e-07,296.55555555555554
4.5766676047045745e-07,296.66666666666663
1.682047624864688e-07,296.77777777777777
5.1288916170516775e-08,296.88888888888886
3.1087348516044426e-07,297.0
1.6952742680949458e-07,297.1111111111111
3.420957613378888e-07,297.22222222222223
3.6133228490543756e-07,297.3333333333333
4.066817814990092e-07,297.4444444444444
3.758505445179918e-07,297.55555555555554
1.5496773994040435e-07,297.66666666666663
4.987584514224306e-07,297.77777777777777
6.932635257325548e-07,297.88888888888886
4.3352243558543214e-07,298.0
6.784125683922604e-07,298.1111111111111
2.3020947164790647e-07,298.22222222222223
2.4482631686021604e-07,298.3333333333333
2.158029673039233e-07,298.4444444444444
3.1309389834287297e-07,298.55555555555554
2.5959060147573327e-07,298.66666666666663
3.227778140714542e-07,298.77777777777777
3.973988280771082e-07,298.88888888888886
5.064625016524908e-07,299.0
2.1404147467315532e-07,299.1111111111111
2.964583512846951e-07,299.22222222222223
6.085054143801836e-07,299.3333333333333
4.227439735627881e-07,299.4444444444444
3.7988667039437874e-07,299.55555555555554
6.822578822625532e-07,299.66666666666663
1.8515541050700584e-07,299.77777777777777
2.4548202298498616e-07,299.88888888888886
2.0634773306149388e-07,300.0
4.0931926546304554e-07,300.1111111111111
2.455980022901153e-07,300.22222222222223
4.7632743743195975e-07,300.3333333333333
2.5068515414409785e-07,300.4444444444444
5.820260846070776e-07,300.55555555555554
3.691379344381666e-07,300.66666666666663
4.354882415463497e-07,300.77777777777777
9.184365509109146e-07,300.88888888888886
4.3614205323768927e-07,301.0
5.062625351585865e-07,301.1111111111111
3.43543238279088e-07,301.22222222222223
3.785949076461404e-07,301.3333333333333
2.1964154085795464e-07,301.4444444444444
1.933599483564458e-07,301.55555555555554
3.5871747075938156e-07,301.66666666666663
1.408804021799897e-07,301.77777777777777
4.987779371562307e-07,301.88888888888886
3.763126663750668e-07,302.0
2.2382210843187446e-07,302.1111111111111
3.409024074299977e-07,302.22222222222223
3.130612608096335e-07,302.3333333333333
7.772457768190082e-07,302.4444444444444
5.374475825665889e-07,302.55555555555554
8.221493236009359e-07,302.66666666666663
1.550233341167652e-07,302.77777777777777
4.56560563453539e-07,302.88888888888886
3.141286594812361e-07,303.0
5.118963848584637e-07,303.1111111111111
2.948700407598859e-07,303.22222222222223
4.7525190409427916e-07,303.3333333333333
3.3950127726530937e-07,303.4444444444444
7.006141555246905e-07,303.55555555555554
3.672313838941975e-07,303.66666666666663
4.0774157051547805e-07,303.77777777777777
7.869903788387853e-07,303.88888888888886
3.084986382945317e-07,304.0
1.3057236301716754e-07,304.1111111111111
6.2157790208393e-07,304.22222222222223
3.994701914264022e-07,304.3333333333333
2.4632419352993135e-07,304.4444444444444
6.196417145226562e-08,304.55555555555554
5.056762644359479e-07,304.66666666666663
5.0052628745737255e-08,304.77777777777777
5.482633478681525e-07,304.88888888888886
1.158005255532509e-07,305.0
5.160504060153687e-07,305.1111111111111
4.984004738597674e-07,305.22222222222223
3.133566968668409e-07,305.3333333333333
1.0276276592170786e-06,305.4444444444444
5.961681993097376e-07,305.55555555555554
6.113350042041034e-07,305.66666666666663
1.7028917660614157e-07,305.77777777777777
5.340768218896564e-07,305.88888888888886
2.440145835938447e-07,306.0
3.674171343951101e-07,306.1111111111111
2.9886076519918555e-07,306.22222222222223
3.3568358894966935e-07,306.3333333333333
3.848243029680835e-07,306.4444444444444
5.445022544655804e-07,306.55555555555554
1.7246571024588663e-07,306.66666666666663
2.836918829423196e-07,306.77777777777777
4.1456387026710357e-07,306.88888888888886
6.458508466492261e-07,307.0
4.2851793226891246e-07,307.1111111111111
7.253768718371337e-07,307.22222222222223
3.124890714872146e-07,307.3333333333333
3.872806370729107e-07,307.4444444444444
2.135303558605409e-07,307.55555555555554
5.264580009720172e-07,307.66666666666663
1.0719967860366289e-07,307.77777777777777
4.947407859638699e-07,307.88888888888886
1.438927872467041e-07,308.0
6.294917279976027e-07,308.1111111111111
4.864405861762466e-07,308.22222222222223
2.6846778101763096e-07,308.3333333333333
8.850318994386905e-07,308.4444444444444
4.97546504956064e-07,308.55555555555554
1.8842563015714733e-07,308.66666666666663
4.049719843341893e-07,308.77777777777777
4.567570431188525e-07,308.88888888888886
3.619233825666644e-08,309.0
1.130054918819661e-07,309.1111111111111
3.3762087669217667e-07,309.22222222222223
1.726379038500432e-07,309.3333333333333
3.397342702986016e-07,309.4444444444444
2.89025353429121e-07,309.55555555555554
3.424614863997892e-07,309.66666666666663
3.477813536215631e-07,309.77777777777777
2.3121615959742117e-07,309.88888888888886
8.676354667801724e-07,310.0
5.497857426190287e-07,310.1111111111111
5.037460041477337e-07,310.22222222222223
2.95543093083853e-07,310.3333333333333
4.175691634062347e-07,310.4444444444444
1.3364578248265757e-07,310.55555555555554
3.5123619986031515e-07,310.66666666666663
1.3816891469310795e-07,310.77777777777777
3.416123445601863e-07,310.88888888888886
1.706156321607648e-07,311.0
4.719335611298717e-07,311.1111111111111
3.819971640715931e-07,311.22222222222223
6.885658340263641e-08,311.3333333333333
5.676004021747124e-07,311.4444444444444
7.204370212350468e-07,311.55555555555554
2.699319503279104e-07,311.66666666666663
4.4936107914403323e-07,311.77777777777777
3.5143530819380077e-07,311.88888888888886
2.8727434162718907e-07,312.0
7.162220281751995e-08,312.1111111111111
3.021402576309002e-07,312.22222222222223
1.9919875785137365e-07,312.3333333333333
2.611740803483942e-07,312.4444444444444
2.5192959256231776e-07,312.55555555555554
4.298378040890582e-07,312.66666666666663
3.3962243737362064e-07,312.77777777777777
1.3523237002188574e-07,312.88888888888886
7.084448246328601e-07,313.0
6.49064629096425e-07,313.1111111111111
2.669897653585147e-07,313.22222222222223
4.518869395357865e-07,313.3333333333333
2.995869641335144e-07,313.4444444444444
2.690789391542168e-07,313.55555555555554
2.2647056669330918e-07,313.66666666666663
2.7993320174437775e-07,313.77777777777777
2.6246200066847214e-07,313.88888888888886
2.343223182575717e-07,314.0
3.3071028917190255e-07,314.1111111111111
5.232626949651525e-07,314.22222222222223
2.995955159655929e-07,314.3333333333333
4.3672375655726555e-07,314.4444444444444
8.450529994870573e-07,314.55555555555554
3.506480629621376e-07,314.66666666666663
1.9900902171168635e-07,314.77777777777777
4.335258699175379e-07,314.88888888888886
3.5716402752202323e-07,315.0
7.774139310698085e-08,315.1111111111111
1.3161434060974677e-07,315.22222222222223
3.46677898919158e-07,315.3333333333333
1.293360380490302e-07,315.4444444444444
3.084613412313022e-07,315.55555555555554
2.4436864348002634e-07,315.66666666666663
3.785669170735016e-07,315.77777777777777
2.828431535589212e-07,315.88888888888886
4.831784300848405e-07,316.0
9.549972475779048e-07,316.1111111111111
4.0800117384445815e-07,316.22222222222223
4.524534222496416e-07,316.3333333333333
2.4907830862612703e-07,316.4444444444444
5.304332075268475e-07,316.55555555555554
2.5929698438218885e-07,316.66666666666663
2.9313489607454663e-07,316.77777777777777
3.5731787379900876e-07,316.88888888888886
3.128005280568635e-07,317.0
3.899203748691326e-07,317.1111111111111
5.673137128662708e-07,317.22222222222223
2.698055949373771e-07,317.3333333333333
3.123927301240842e-07,317.4444444444444
5.998218781187204e-07,317.55555555555554
5.737755211519319e-07,317.66666666666663
2.8414944039195157e-07,317.77777777777777
5.713150412728801e-07,317.88888888888886
2.2102380080982292e-07,318.0
3.792475686074689e-07,318.1111111111111
2.3414338536647325e-07,318.22222222222223
4.633243422947385e-07,318.3333333333333
1.5833491654255479e-07,318.4444444444444
4.059407800317474e-07,318.55555555555554
2.0412964990172646e-07,318.66666666666663
6.237270382904885e-07,318.77777777777777
5.286934736200711e-07,318.88888888888886
4.7273246730149796e-07,319.0
1.0417676475589162e-06,319.1111111111111
3.6492306829460936e-07,319.22222222222223
1.9764760864697415e-07,319.3333333333333
3.857401975208396e-07,319.4444444444444
5.720544528684679e-07,319.55555555555554
1.2484570396406046e-07,319.66666666666663
1.3030189227332885e-07,319.77777777777777
4.35511411780449e-07,319.88888888888886
2.389594344382355e-07,320.0
3.6482185799602363e-07,320.1111111111111
3.3570677873700744e-07,320.22222222222223
1.9401280316664974e-07,320.3333333333333
3.3299027418321985e-07,320.4444444444444
2.9252650619165345e-07,320.55555555555554
9.439643202809385e-07,320.66666666666663
5.312481297693173e-07,320.77777777777777
5.16520832769834e-07,320.88888888888886
9.489002895545215e-08,321.0
6.160083055644322e-07,321.1111111111111
3.022140861345578e-07,321.22222222222223
4.241398316934678e-07,321.3333333333333
2.7815968514287346e-07,321.4444444444444
4.6228271027148964e-07,321.55555555555554
3.198394594427685e-07,321.66666666666663
6.646636371538123e-07,321.77777777777777
4.846429952834225e-07,321.88888888888886
3.0037531201342217e-07,322.0
7.588145892925533e-07,322.1111111111111
4.6146361627541704e-07,322.22222222222223
2.3129185722023515e-07,322.3333333333333
4.5169624235901187e-07,322.4444444444444
3.9600881546347054e-07,322.55555555555554
2.529135772639094e-07,322.66666666666663
1.2613788981295237e-07,322.77777777777777
4.3177378137960153e-07,322.88888888888886
8.113062974213818e-08,323.0
3.316840654989833e-07,323.1111111111111
7.409444243849292e-08,323.22222222222223
4.566407369440205e-07,323.3333333333333
5.251536631081776e-07,323.4444444444444
2.832131765828083e-07,323.55555555555554
1.0178566342164932e-06,323.66666666666663
5.304805666812044e-07,323.77777777777777
2.3225214134858592e-07,323.88888888888886
2.0762817216737996e-07,324.0
6.084575699284919e-07,324.1111111111111
1.3101684832934964e-07,324.22222222222223
2.2181102698824672e-07,324.3333333333333
2.867037819701736e-07,324.4444444444444
3.669213448576964e-07,324.55555555555554
1.9877115789996744e-07,324.66666666666663
4.3355612442868533e-07,324.77777777777777
3.202607894696301e-07,324.88888888888886
1.540815025765266e-07,325.0
4.0198889859925383e-07,325.1111111111111
7.765573847895827e-07,325.22222222222223
4.433668227646336e-07,325.3333333333333
3.1970333337019353e-07,325.4444444444444
2.360589430471222e-07,325.55555555555554
4.589055228261579e-07,325.66666666666663
1.6216250223784372e-07,325.77777777777777
3.07485728552893e-07,325.88888888888886
1.6043119535372631e-07,326.0
3.340280124969067e-07,326.1111111111111
1.367762355067808e-07,326.22222222222223
4.884376924445466e-07,326.3333333333333
4.96801876489984e-07,326.4444444444444
8.653722996585572e-08,326.55555555555554
7.533737996567158e-07,326.66666666666663
6.410861985345026e-07,326.77777777777777
1.1295940643203848e-07,326.88888888888886
2.1190372037711766e-07,327.0
4.309360418461985e-07,327.1111111111111
2.761318866470125e-07,327.22222222222223
4.954942405645633e-08,327.3333333333333
2.0566381053693065e-07,327.4444444444444
2.835729870600362e-07,327.55555555555554
1.2382451958450886e-07,327.66666666666663
2.615258469450421e-07,327.77777777777777
4.294509645275431e-07,327.88888888888886
3.6036112100037695e-07,328.0
2.5074442774541874e-07,328.1111111111111
7.968848323345109e-07,328.22222222222223
5.260311278158519e-07,328.3333333333333
5.076228275122844e-08,328.4444444444444
2.710660190958671e-07,328.55555555555554
4.199266271091368e-07,328.66666666666663
2.0491713507472521e-07,328.77777777777777
1.305325822399841e-07,328.88888888888886
2.2889263563261554e-07,329.0
2.554245443427158e-07,329.1111111111111
7.786302451611386e-08,329.22222222222223
2.9954586814666375e-07,329.3333333333333
4.7774604552135e-07,329.4444444444444
2.9693119354757365e-07,329.55555555555554
5.076371288882736e-07,329.66666666666663
8.733887203846785e-07,329.77777777777777
2.696454782638475e-07,329.88888888888886
9.115570235201273e-08,330.0
3.824265801927438e-07,330.1111111111111
4.7616477764625984e-07,330.22222222222223
4.532722749125768e-08,330.3333333333333
6.781677726852072e-08,330.4444444444444
3.7969470664967803e-07,330.55555555555554
2.290261687048053e-07,330.66666666666663
2.7762948165679284e-07,330.77777777777777
3.976967546243581e-07,330.88888888888886
3.150461122972203e-07,331.0
1.4493462709774368e-07,331.1111111111111
5.193703157326897e-07,331.22222222222223
7.813516006688386e-07,331.3333333333333
2.871148675527213e-07,331.4444444444444
2.7557302034200974e-07,331.55555555555554
2.777817788053538e-07,331.66666666666663
5.02977041362731e-07,331.77777777777777
1.9470966297635962e-07,331.88888888888886
2.4120548460957854e-07,332.0
3.1823641467259184e-07,332.1111111111111
3.1883286393498696e-07,332.22222222222223
3.435674904437954e-07,332.3333333333333
6.338170257260388e-07,332.4444444444444
5.153456707914976e-07,332.55555555555554
4.038091187338508e-07,332.66666666666663
8.173546195811487e-07,332.77777777777777
3.555037637101893e-07,332.88888888888886
2.4880458179667043e-07,333.0
4.2089594501553186e-07,333.1111111111111
4.000427699913221e-07,333.22222222222223
2.222222221797452e-07,333.3333333333333
1.298272066081563e-07,333.4444444444444
4.1663122753191154e-07,333.55555555555554
1.2342307719707476e-07,333.66666666666663
2.2981574602943112e-07,333.77777777777777
1.1474657283527405e-07,333.88888888888886
3.8707175866825024e-07,334.0
4.735982818001846e-07,334.1111111111111
3.7822292398771535e-07,334.22222222222223
1.021379550002295e-06,334.3333333333333
3.725351448870301e-07,334.4444444444444
2.510536444786353e-07,334.55555555555554
3.620227672474667e-07,334.66666666666663
6.694454752056971e-07,334.77777777777777
1.71663561029524e-07,334.88888888888886
2.297299871175201e-07,335.0
4.5816779364809193e-07,335.1111111111111
4.360005038500064e-07,335.22222222222223
3.9055253435850764e-07,335.3333333333333
5.741032160067882e-07,335.4444444444444
3.963582618805059e-07,335.55555555555554
2.0021836299586655e-07,335.66666666666663
4.6374751842169403e-07,335.77777777777777
6.690599735323295e-07,335.88888888888886
4.571425185922522e-07,336.0
3.2504659673861766e-07,336.1111111111111
1.6252106216064863e-07,336.22222222222223
5.131850205776182e-07,336.3333333333333
2.3762971040409806e-07,336.4444444444444
3.38687916718279e-07,336.55555555555554
1.6717816550432366e-07,336.66666666666663
3.6284388624917623e-07,336.77777777777777
2.416154885606542e-07,336.88888888888886
6.078375232686412e-07,337.0
6.708960738217315e-07,337.1111111111111
3.420531273830969e-07,337.22222222222223
9.362914542294601e-07,337.3333333333333
3.396447428681811e-07,337.4444444444444
3.2990269531743215e-07,337.55555555555554
3.8199226930836263e-07,337.66666666666663
5.551719983930132e-07,337.77777777777777
9.239818779065987e-08,337.88888888888886
2.0398449882360766e-07,338.0
4.2066366574685485e-07,338.1111111111111
3.119274217173568e-07,338.22222222222223
2.018885636427703e-07,338.3333333333333
2.623218409139802e-07,338.4444444444444
2.7015900435727206e-07,338.55555555555554
3.8921901865371766e-07,338.66666666666663
1.8997679582520748e-07,338.77777777777777
8.936735104646153e-07,338.88888888888886
5.019504062937974e-07,339.0
1.6856573682002953e-07,339.1111111111111
2.0702501137494025e-07,339.22222222222223
6.318444775511741e-07,339.3333333333333
1.6980957961217704e-07,339.4444444444444
2.1657462655215636e-07,339.55555555555554
3.11914858806665e-07,339.66666666666663
4.4006538549220765e-07,339.77777777777777
2.896135519993595e-07,339.88888888888886
5.520013594120251e-07,340.0
5.632232075505537e-07,340.1111111111111
4.5051730768762714e-08,340.22222222222223
5.891102300986729e-07,340.3333333333333
5.571150657428135e-07,340.4444444444444
4.1874093933516715e-07,340.55555555555554
1.8274660104302009e-07,340.66666666666663
3.201977957588194e-07,340.77777777777777
3.5131616350989854e-07,340.88888888888886
1.6555497276047405e-07,341.0
2.1722188838993217e-07,341.1111111111111
2.132128533214764e-07,341.22222222222223
1.7493043895481264e-07,341.3333333333333
1.358453827452953e-07,341.4444444444444
4.2417201234315296e-07,341.55555555555554
5.574471485796899e-07,341.66666666666663
1.0779709730948894e-07,341.77777777777777
7.882711472807467e-07,341.88888888888886
5.21543642198693e-07,342.0
2.1213460442895676e-07,342.1111111111111
1.9253043465682831e-07,342.22222222222223
5.048942209348438e-07,342.3333333333333
1.9791546422681917e-07,342.4444444444444
1.015072438660481e-07,342.55555555555554
2.3062150531999323e-07,342.66666666666663
3.514868377914074e-07,342.77777777777777
7.596574746591528e-08,342.88888888888886
3.162106082073107e-07,343.0
4.705788656671202e-07,343.1111111111111
3.3528384731977797e-07,343.22222222222223
3.1945771222250834e-07,343.3333333333333
7.180510752101879e-07,343.4444444444444
4.310787410061802e-07,343.55555555555554
1.3133178982904745e-07,343.66666666666663
2.792360440414044e-07,343.77777777777777
4.3052721711198553e-07,343.88888888888886
1.6148516201734744e-07,344.0
1.0143278699620393e-08,344.1111111111111
3.000423040401476e-07,344.22222222222223
2.453608228804286e-07,344.3333333333333
1.374487687905152e-07,344.4444444444444
3.3586066226856176e-07,344.55555555555554
4.861679368750098e-07,344.66666666666663
2.0975428473423647e-07,344.77777777777777
4.926236819275918e-07,344.88888888888886
7.237165022427266e-07,345.0
2.7601509671473445e-07,345.1111111111111
7.903058035370488e-08,345.22222222222223
3.923713264899669e-07,345.3333333333333
4.3961387831039055e-07,345.4444444444444
3.738993357539922e-08,345.55555555555554
2.6286224619853066e-08,345.66666666666663
4.031214574052774e-07,345.77777777777777
2.6369017998136805e-07,345.88888888888886
3.377076689383672e-07,346.0
5.368830926416415e-07,346.1111111111111
4.737857617901967e-07,346.22222222222223
1.8350694708332922e-07,346.3333333333333
5.662103472946697e-07,346.4444444444444
5.462151577094119e-07,346.55555555555554
3.573778990799231e-07,346.66666666666663
2.0778028890151128e-07,346.77777777777777
2.8328855592800066e-07,346.88888888888886
3.865429020204953e-07,347.0
1.3344233495564208e-07,347.1111111111111
2.2150922769419163e-07,347.22222222222223
1.9439904397904808e-07,347.3333333333333
1.2947243184673967e-07,347.4444444444444
2.0714092846361598e-07,347.55555555555554
5.493987418263033e-07,347.66666666666663
5.723802232041139e-07,347.77777777777777
3.591587201075778e-07,347.88888888888886
8.33745500938027e-07,348.0
2.5071816829169256e-07,348.1111111111111
3.791634696133376e-07,348.22222222222223
4.4857096139858315e-07,348.3333333333333
4.829306788236923e-07,348.4444444444444
1.7104333031146803e-07,348.55555555555554
2.545599706978905e-07,348.66666666666663
4.969800158573973e-07,348.77777777777777
3.289144892239507e-07,348.88888888888886
3.0925189971105827e-07,349.0
3.739525868404644e-07,349.1111111111111
3.267843600076347e-07,349.22222222222223
3.1291306332517903e-07,349.3333333333333
2.4471368010965867e-07,349.4444444444444
7.883800145390475e-07,349.55555555555554
4.102420672625778e-07,349.66666666666663
1.2288038713162124e-07,349.77777777777777
2.973478105501547e-07,349.88888888888886
5.991861869873948e-07,350.0
1.1416718244058722e-07,350.1111111111111
1.5169493167566862e-07,350.22222222222223
3.929106004778303e-07,350.3333333333333
4.115912686592785e-07,350.4444444444444
4.1591935759277767e-07,350.55555555555554
6.658284653662048e-07,350.66666666666663
6.707739157675929e-07,350.77777777777777
2.3473090788804458e-07,350.88888888888886
6.527079685726817e-07,351.0
3.80996606531957e-07,351.1111111111111
5.614629833829879e-07,351.22222222222223
3.4062606193532444e-07,351.3333333333333
2.7302577462113643e-07,351.4444444444444
3.82168470408375e-07,351.55555555555554
3.2001573178176853e-07,351.66666666666663
3.637074609107908e-07,351.77777777777777
1.372911718268063e-07,351.88888888888886
1.3222586155227902e-07,352.0
4.256490857447244e-08,352.1111111111111
3.963416190653586e-07,352.22222222222223
6.385376993598822e-07,352.3333333333333
1.8500491671324388e-07,352.4444444444444
8.695953241083124e-07,352.55555555555554
3.241614256352864e-07,352.66666666666663
3.9078281842980565e-07,352.77777777777777
4.244002814790659e-07,352.88888888888886
5.923560052150915e-07,353.0
5.842948093932587e-08,353.1111111111111
3.095000670227543e-07,353.22222222222223
4.971881930618527e-07,353.3333333333333
4.586692031889017e-07,353.4444444444444
3.8114965514201663e-07,353.55555555555554
4.952642967206824e-07,353.66666666666663
4.6998545454531035e-07,353.77777777777777
2.0011950146750502e-07,353.88888888888886
3.074599169968083e-07,354.0
6.052462031740564e-07,354.1111111111111
5.472053762372839e-07,354.22222222222223
2.9644528818801756e-08,354.3333333333333
1.4986690471500534e-07,354.4444444444444
5.213073193179591e-07,354.55555555555554
2.1552646226919642e-07,354.66666666666663
9.464734338420451e-08,354.77777777777777
2.3424158441674486e-07,354.88888888888886
3.0388174152929094e-07,355.0
2.834693640911209e-07,355.1111111111111
5.313603722092181e-07,355.22222222222223
7.142070012747404e-07,355.3333333333333
8.697442268443014e-08,355.4444444444444
6.744764754723076e-07,355.55555555555554
3.5305308095950876e-07,355.66666666666663
5.166708032777089e-07,355.77777777777777
3.13109943009997e-07,355.88888888888886
3.822259023989311e-07,356.0
2.411378369804214e-07,356.1111111111111
3.219435033546599e-07,356.22222222222223
3.257357246242808e-07,356.3333333333333
3.0202659797624534e-07,356.4444444444444
9.763830458057011e-08,356.55555555555554
1.975419635308216e-07,356.66666666666663
3.747072020830501e-07,356.77777777777777
4.89732287851349e-07,356.88888888888886
8.35147408814242e-08,357.0
6.458294603460954e-07,357.1111111111111
4.5734737973689656e-07,357.22222222222223
2.8259516698930636e-07,357.3333333333333
2.4870090830308825e-07,357.4444444444444
4.6390315752770506e-07,357.55555555555554
1.8358195230611095e-07,357.66666666666663
1.6915976841899853e-07,357.77777777777777
3.190112371263244e-07,357.88888888888886
3.405836758906152e-07,358.0
2.450495165140632e-07,358.1111111111111
3.812919931371209e-07,358.22222222222223
5.67871809423294e-07,358.3333333333333
2.632882471916677e-07,358.4444444444444
3.7072606845432107e-07,358.55555555555554
5.20846816693099e-07,358.66666666666663
4.5445314121348683e-07,358.77777777777777
2.377869114426945e-07,358.88888888888886
2.841710585165053e-07,359.0
3.4048831101433695e-07,359.1111111111111
2.5029499171462634e-07,359.22222222222223
1.4614422393268312e-07,359.3333333333333
3.4233920249934757e-07,359.4444444444444
1.936934681463189e-07,359.55555555555554
2.518665919832371e-07,359.66666666666663
4.0369838859120557e-07,359.77777777777777
5.326598232274572e-07,359.88888888888886
1.6107527833852827e-07,360.0
4.420557823184905e-07,360.1111111111111
5.229565557027284e-07,360.22222222222223
3.923095352030017e-07,360.3333333333333
1.4950628923640632e-07,360.4444444444444
3.234335703651071e-07,360.55555555555554
3.58683083747762e-07,360.66666666666663
1.6960645691764138e-07,360.77777777777777
1.3986563160734568e-07,360.88888888888886
3.153995264714876e-07,361.0
1.784624245294217e-07,361.1111111111111
3.0751577002773726e-07,361.22222222222223
5.630140576349705e-07,361.3333333333333
5.449395311142503e-07,361.4444444444444
2.197775128703609e-07,361.55555555555554
5.452303246307271e-07,361.66666666666663
3.999124146484862e-07,361.77777777777777
4.798376528343845e-07,361.88888888888886
2.957037692859737e-07,362.0
2.434327610955371e-07,362.1111111111111
3.73672470029905e-07,362.22222222222223
3.061464946760209e-07,362.3333333333333
3.6686613571560997e-07,362.4444444444444
1.8340035926408078e-07,362.55555555555554
1.5573196453631443e-07,362.66666666666663
1.7977548092543847e-07,362.77777777777777
4.2887890456995143e-07,362.88888888888886
4.877931199264063e-07,363.0
1.938658815860439e-07,363.1111111111111
6.684820896223493e-07,363.22222222222223
2.930353763438754e-07,363.3333333333333
3.5591978482399427e-07,363.4444444444444
4.075078904973189e-07,363.55555555555554
4.336090689919827e-07,363.66666666666663
1.7369767736406613e-07,363.77777777777777
2.876290940353643e-07,363.88888888888886
5.001656728306516e-07,364.0
3.8743123796710215e-07,364.1111111111111
4.5360845934216427e-07,364.22222222222223
5.61424537834061e-07,364.3333333333333
5.262991286768131e-07,364.4444444444444
2.3946803563991754e-07,364.55555555555554
3.64911551261431e-07,364.66666666666663
5.159425615300444e-07,364.77777777777777
5.532477615807873e-07,364.88888888888886
8.59048199794353e-08,365.0
1.4559140168788117e-07,365.1111111111111
5.258046646951199e-07,365.22222222222223
2.658163441384515e-07,365.3333333333333
1.21282446792994e-07,365.4444444444444
1.6802206547536716e-07,365.55555555555554
1.627534025179266e-07,365.66666666666663
2.6892400294628235e-07,365.77777777777777
5.517690664562272e-07,365.88888888888886
7.33388882677901e-07,366.0
1.464476051275291e-07,366.1111111111111
6.765034899576667e-07,366.22222222222223
2.159307183736894e-07,366.3333333333333
6.254526981896076e-07,366.4444444444444
4.3434702189153925e-07,366.55555555555554
3.0812790887955465e-07,366.66666666666663
3.784023461876578e-07,366.77777777777777
4.85691329760999e-07,366.88888888888886
5.164790075794276e-07,367.0
3.403091858027443e-07,367.1111111111111
3.339001553728979e-07,367.22222222222223
2.866127130893206e-07,367.3333333333333
3.0688467234069196e-07,367.4444444444444
4.902402722505426e-07,367.55555555555554
1.3775455002041785e-07,367.66666666666663
6.260320758427129e-07,367.77777777777777
4.1408248543265207e-07,367.88888888888886
2.695278540598748e-07,368.0
3.4718502737994366e-07,368.1111111111111
5.222705408346751e-07,368.22222222222223
9.949674153654853e-08,368.3333333333333
2.3825125824202888e-07,368.4444444444444
4.3264958128988794e-07,368.55555555555554
4.005608233140688e-07,368.66666666666663
4.7514055677094626e-07,368.77777777777777
5.812142004892734e-07,368.88888888888886
6.826717947711566e-07,369.0
1.1363906960701694e-07,369.1111111111111
5.107180753947669e-07,369.22222222222223
3.2159413192145513e-07,369.3333333333333
6.547554849937843e-07,369.4444444444444
2.2530606703069017e-07,369.55555555555554
7.114052461062438e-08,369.66666666666663
4.768448650693942e-07,369.77777777777777
4.2385234961918556e-07,369.88888888888886
2.4711687429309086e-07,370.0
1.2089907298686525e-07,370.1111111111111
1.3900760663938053e-08,370.22222222222223
1.2782868288807798e-07,370.3333333333333
3.6606634718337626e-07,370.4444444444444
6.806435441998786e-07,370.55555555555554
8.046657253465127e-08,370.66666666666663
5.906341271445012e-07,370.77777777777777
2.7165103186248935e-07,370.88888888888886
5.157949653071049e-07,371.0
3.752291508252968e-07,371.1111111111111
3.507242664563103e-07,371.22222222222223
2.624742759919728e-07,371.3333333333333
4.278386088217079e-07,371.4444444444444
4.4732233925977407e-07,371.55555555555554
3.6192832822658977e-07,371.66666666666663
3.601022425004365e-07,371.77777777777777
3.3932397690610266e-07,371.88888888888886
4.5944125827825096e-07,372.0
3.584408884585462e-07,372.1111111111111
3.0825635607417674e-07,372.22222222222223
3.9548258337564364e-07,372.3333333333333
4.937765566741039e-07,372.4444444444444
2.4293490319924546e-07,372.55555555555554
1.8442654307309592e-07,372.66666666666663
3.916109500580993e-07,372.77777777777777
3.083031569604045e-07,372.88888888888886
1.704619439804627e-07,373.0
2.848761627584837e-07,373.1111111111111
2.1134183965398872e-07,373.22222222222223
3.1326547448086393e-07,373.3333333333333
3.775233648089322e-07,373.4444444444444
6.158528459812098e-07,373.55555555555554
2.3329549763102629e-07,373.66666666666663
4.17570382242332e-07,373.77777777777777
3.206989872217851e-07,373.88888888888886
5.058460600032994e-07,374.0
2.7272909779850584e-07,374.1111111111111
2.078317022667406e-07,374.22222222222223
3.267519078205241e-07,374.3333333333333
3.8601535113768265e-07,374.4444444444444
2.6347360976736646e-07,374.55555555555554
2.8763556285900194e-07,374.66666666666663
1.9388992224996313e-07,374.77777777777777
2.7420518607332227e-07,374.88888888888886
4.166129521931101e-07,375.0
5.124842393952001e-07,375.1111111111111
2.601331047241467e-07,375.22222222222223
3.703534260686417e-07,375.3333333333333
3.9715943480017826e-07,375.4444444444444
4.43523737232847e-07,375.55555555555554
1.7647918552776252e-07,375.66666666666663
2.2353225193109896e-07,375.77777777777777
4.142268970252681e-07,375.88888888888886
3.137704817622439e-07,376.0
2.5923847221202976e-07,376.1111111111111
1.7424224463924435e-07,376.22222222222223
1.9928572124226947e-07,376.3333333333333
2.1524494969006611e-07,376.4444444444444
4.930972244266565e-07,376.55555555555554
5.013828067024078e-07,376.66666666666663
2.461175814055547e-07,376.77777777777777
4.2769922559093046e-07,376.88888888888886
3.522321344383468e-07,377.0
4.558725589262478e-07,377.1111111111111
2.8291522310396914e-07,377.22222222222223
1.9680064885752036e-07,377.3333333333333
4.317148155252781e-07,377.4444444444444
3.953743326554984e-07,377.55555555555554
4.2846155350165345e-07,377.66666666666663
2.826489813477271e-07,377.77777777777777
3.7347026727818186e-07,377.88888888888886
3.307385713490823e-07,378.0
4.064353807420444e-07,378.1111111111111
4.265828172781681e-07,378.22222222222223
2.6070424023083297e-07,378.3333333333333
4.543241314288846e-07,378.4444444444444
3.9520111990874626e-07,378.55555555555554
2.0633296591996646e-07,378.66666666666663
2.89300692068035e-07,378.77777777777777
4.380170937441657e-07,378.88888888888886
2.290707904404704e-07,379.0
1.7559333145453226e-07,379.1111111111111
3.181114857523316e-07,379.22222222222223
2.6372587656680397e-07,379.3333333333333
4.279120441570325e-07,379.4444444444444
5.489752665861232e-07,379.55555555555554
6.184548683296741e-07,379.66666666666663
2.4911515341143015e-07,379.77777777777777
4.90220458571621e-07,379.88888888888886
3.32526287496424e-07,380.0
6.223213611296939e-07,380.1111111111111
2.1839051862657598e-07,380.22222222222223
6.248191106756786e-08,380.3333333333333
5.95046780227831e-07,380.4444444444444
4.863525511461852e-07,380.55555555555554
3.453067524005471e-07,380.66666666666663
1.438127510832601e-07,380.77777777777777
1.856864587264578e-07,380.88888888888886
3.04110158451081e-08,381.0
3.16814853553915e-07,381.1111111111111
6.510051987108673e-07,381.22222222222223
1.3430154234702804e-07,381.3333333333333
5.315758589489064e-07,381.4444444444444
1.9010305758168618e-07,381.55555555555554
5.019637528403006e-07,381.66666666666663
4.008018550763113e-07,381.77777777777777
2.76043316033401e-07,381.88888888888886
3.63517740152992e-07,382.0
4.851496078256626e-07,382.1111111111111
5.281761515081951e-07,382.22222222222223
4.1125374007077166e-07,382.3333333333333
5.426704268122773e-07,382.4444444444444
4.5754783085542655e-07,382.55555555555554
4.605986099097381e-07,382.66666666666663
3.950894675234198e-07,382.77777777777777
4.5592375067183415e-07,382.88888888888886
3.712978752953742e-07,383.0
5.387947009368708e-07,383.1111111111111
5.9325501254926425e-08,383.22222222222223
2.5813686213789385e-07,383.3333333333333
5.677432167301807e-07,383.4444444444444
3.178783129787288e-07,383.55555555555554
4.77084342686924e-08,383.66666666666663
1.832350713857338e-07,383.77777777777777
1.411539328192328e-07,383.88888888888886
3.747662165193302e-07,384.0
4.5050266450397544e-07,384.1111111111111
7.131892806425423e-07,384.22222222222223
1.2830889026250426e-07,384.3333333333333
5.696593028326075e-07,384.4444444444444
1.3828632067307723e-07,384.55555555555554
6.416770641435254e-07,384.66666666666663
3.15028482014342e-07,384.77777777777777
4.4251949379441927e-08,384.88888888888886
5.505985339082617e-07,385.0
5.84044908983436e-07,385.1111111111111
4.4101313698289983e-07,385.22222222222223
2.684970745770545e-07,385.3333333333333
3.4864314962494686e-07,385.4444444444444
1.3437257909737334e-07,385.55555555555554
2.3199198025722274e-07,385.66666666666663
5.51249069203501e-07,385.77777777777777
3.5039418215203323e-07,385.88888888888886
3.80591324587443e-07,386.0
3.158198794493719e-07,386.1111111111111
3.440480015154828e-07,386.22222222222223
3.2325011557403606e-07,386.3333333333333
3.416356425877526e-07,386.4444444444444
3.052641196748314e-07,386.55555555555554
3.5973109932548784e-07,386.66666666666663
3.9621106432845393e-07,386.77777777777777
2.970107117371676e-07,386.88888888888886
4.876128214479015e-07,387.0
3.796009698676226e-07,387.1111111111111
5.436840900660105e-07,387.22222222222223
2.8811301803651913e-07,387.3333333333333
5.154376978443936e-07,387.4444444444444
1.6219602095876742e-07,387.55555555555554
5.294737297250853e-07,387.66666666666663
1.756290150829977e-07,387.77777777777777
1.2287753734067317e-07,387.88888888888886
4.842262936314268e-07,388.0
4.6660586398255975e-07,388.1111111111111
2.1234240073262149e-07,388.22222222222223
1.425260581060781e-07,388.3333333333333
1.3648413607699025e-07,388.4444444444444
2.59137098901341e-07,388.55555555555554
2.6020838092253955e-07,388.66666666666663
5.540998110264529e-07,388.77777777777777
3.3008192880533463e-07,388.88888888888886
4.050498153043236e-07,389.0
2.109665665609889e-07,389.1111111111111
4.4346661694619546e-07,389.22222222222223
2.3696690736815306e-07,389.3333333333333
1.5625096988369643e-07,389.4444444444444
4.4066877994035386e-07,389.55555555555554
4.5106248335203994e-07,389.66666666666663
3.2414924571542887e-07,389.77777777777777
2.0122864335889867e-07,389.88888888888886
3.3557340928002683e-07,390.0
2.314205749812327e-07,390.1111111111111
3.716519935687595e-07,390.22222222222223
4.3320818973487715e-07,390.3333333333333
4.199069672755668e-07,390.4444444444444
2.7727926878226806e-07,390.55555555555554
3.4055065235376754e-07,390.66666666666663
3.521746455843311e-07,390.77777777777777
1.3643571143370345e-07,390.88888888888886
2.713585985451495e-07,391.0
5.143275588358716e-07,391.1111111111111
3.5804725491109114e-07,391.22222222222223
2.8498401614281654e-07,391.3333333333333
1.7207953968875043e-07,391.4444444444444
3.32143839081331e-07,391.55555555555554
1.5025634564807579e-07,391.66666666666663
3.901209668868872e-07,391.77777777777777
4.697226354869248e-07,391.88888888888886
3.618357771595388e-07,392.0
2.820813640008457e-07,392.1111111111111
3.097764075250085e-07,392.22222222222223
2.9898777441942565e-07,392.3333333333333
2.2274611641019672e-07,392.4444444444444
3.253439439578884e-07,392.55555555555554
4.333470104159287e-07,392.66666666666663
3.298156471960832e-07,392.77777777777777
3.159379430052309e-07,392.88888888888886
3.131763748271125e-07,393.0
4.339216594596358e-07,393.1111111111111
3.583226230035249e-07,393.22222222222223
4.095498634804364e-07,393.3333333333333
4.5755408120337886e-07,393.4444444444444
4.3127143603363313e-07,393.55555555555554
3.015140499826687e-07,393.66666666666663
4.2359801800697724e-07,393.77777777777777
5.576571987282005e-08,393.88888888888886
2.9494612998349955e-07,394.0
5.980852192689837e-07,394.1111111111111
3.602016547475445e-07,394.22222222222223
1.434118170844864e-07,394.3333333333333
2.207353320993389e-08,394.4444444444444
1.654326080789e-07,394.55555555555554
2.602392487161108e-07,394.66666666666663
3.548698532057165e-07,394.77777777777777
5.858929041842695e-07,394.88888888888886
2.8524371514499077e-07,395.0
4.7254884750663643e-07,395.1111111111111
1.746367619652265e-07,395.22222222222223
5.056085510428412e-07,395.3333333333333
2.1969344881376048e-07,395.4444444444444
1.295883433915099e-07,395.55555555555554
6.338235568228243e-07,395.66666666666663
5.484813393777985e-07,395.77777777777777
4.4253668626267644e-07,395.88888888888886
3.502625061309701e-07,396.0
4.60247082901093e-07,396.1111111111111
1.8850226885405596e-07,396.22222222222223
1.9955246771093028e-07,396.3333333333333
5.860533463850391e-07,396.4444444444444
4.295437202282643e-07,396.55555555555554
3.372977028687725e-07,396.66666666666663
2.785835773871046e-07,396.77777777777777
2.6964079711491903e-07,396.88888888888886
3.729798830650495e-07,397.0
4.24671472215137e-07,397.1111111111111
2.8542645167762675e-07,397.22222222222223
2.813122797214079e-07,397.3333333333333
3.3364497310774243e-07,397.4444444444444
2.921591208339287e-07,397.55555555555554
5.507938774256197e-07,397.66666666666663
4.1146966384755664e-07,397.77777777777777
5.324542578984303e-07,397.88888888888886
3.6300912423020134e-07,398.0
6.279613732965093e-07,398.1111111111111
1.9915828932780943e-07,398.2222222222222
5.456944936994187e-07,398.3333333333333
9.463460625682644e-08,398.4444444444444
3.056628870654614e-07,398.55555555555554
7.283344515561334e-07,398.66666666666663
5.153749945119759e-07,398.77777777777777
2.597218050794528e-07,398.88888888888886
1.4811576603344303e-07,399.0
2.167177949618618e-07,399.1111111111111
1.6971767184853393e-07,399.2222222222222
1.6511398920052257e-07,399.3333333333333
6.305656277332007e-07,399.4444444444444
3.090232045987014e-07,399.55555555555554
4.6763354373747405e-07,399.66666666666663
7.379528390594986e-08,399.77777777777777
4.4464666309992984e-07,399.88888888888886
2.951402280788356e-07,400.0
1.1518849904524431e-07,400.1111111111111
5.359941971753055e-07,400.2222222222222
5.49188911940935e-07,400.3333333333333
4.6298950568982125e-07,400.4444444444444
3.564333772758747e-07,400.55555555555554
5.671292550690996e-07,400.66666666666663
2.422528722814164e-07,400.77777777777777
3.1035886111877994e-07,400.88888888888886
4.6567169623106643e-07,401.0
6.060773885653183e-07,401.1111111111111
1.6574245225029607e-07,401.2222222222222
3.873958900670034e-07,401.3333333333333
1.1008045830631881e-07,401.4444444444444
3.4152320405491514e-07,401.55555555555554
5.341739957470566e-07,401.66666666666663
3.627632465018913e-07,401.77777777777777
1.438327896904933e-07,401.88888888888886
1.7547961156481782e-07,402.0
1.3163850252486711e-07,402.1111111111111
4.396505280847959e-07,402.2222222222222
2.472774067577408e-07,402.3333333333333
5.153410074434596e-07,402.4444444444444
3.1301310435326113e-07,402.55555555555554
5.824377141800408e-07,402.66666666666663
2.546358142541166e-08,402.77777777777777
4.3599954932588607e-07,402.88888888888886
1.3070998176407554e-07,403.0
1.8832030051740577e-07,403.1111111111111
6.248861447087776e-07,403.2222222222222
5.451517486852904e-07,403.3333333333333
3.0837269665564727e-07,403.4444444444444
1.5979692775727492e-07,403.55555555555554
3.5818675157308293e-07,403.66666666666663
1.4554203191035186e-07,403.77777777777777
1.19959455237939e-07,403.88888888888886
4.4400359032311936e-07,404.0
4.950815744339185e-07,404.1111111111111
3.197302573918531e-07,404.2222222222222
2.027911619115983e-07,404.3333333333333
2.3719495592455395e-07,404.4444444444444
2.0079821436573268e-07,404.55555555555554
2.9243066455495725e-07,404.66666666666663
5.010127254785705e-07,404.77777777777777
3.770201288745194e-07,404.88888888888886
2.7700000991293347e-07,405.0
1.7012889759085453e-07,405.1111111111111
4.407504292956795e-07,405.2222222222222
1.4801739095995793e-07,405.3333333333333
3.0314256973918543e-07,405.4444444444444
3.9189247360612706e-07,405.55555555555554
5.445599987190368e-07,405.66666666666663
2.0593740228090715e-07,405.77777777777777
2.7001606954843463e-07,405.88888888888886
1.6104383533383303e-07,406.0
1.7671818558715513e-07,406.1111111111111
4.4705622619438236e-07,406.2222222222222
5.293656589821862e-07,406.3333333333333
2.850332886313655e-07,406.4444444444444
1.91380488800873e-07,406.55555555555554
2.7974224385515914e-07,406.66666666666663
3.717361965082774e-07,406.77777777777777
9.157532896915498e-08,406.88888888888886
2.8545612893161914e-07,407.0
5.091634064923999e-07,407.1111111111111
4.5631536793356486e-07,407.2222222222222
1.955500207043919e-07,407.3333333333333
2.2173349767684486e-07,407.4444444444444
1.4845534250143052e-07,407.55555555555554
3.090143153571275e-07,407.66666666666663
5.203318948594382e-07,407.77777777777777
3.749945686396746e-07,407.88888888888886
1.8375331360382532e-07,408.0
8.328347012769497e-08,408.1111111111111
3.135572393757474e-07,408.2222222222222
3.525485017815255e-07,408.3333333333333
2.2845955642302916e-07,408.4444444444444
3.709302247497311e-07,408.55555555555554
4.863789081195438e-07,408.66666666666663
4.772248043138053e-07,408.77777777777777
1.579837281714911e-07,408.88888888888886
3.0230872630575634e-07,409.0
4.024408919132079e-08,409.1111111111111
3.8482471166213557e-07,409.2222222222222
6.9983202003942e-07,409.3333333333333
4.1574927956413583e-07,409.4444444444444
2.5203507771856437e-07,409.55555555555554
2.5283335946893086e-07,409.66666666666663
3.2899401508039353e-07,409.77777777777777
1.1875573456822036e-07,409.88888888888886
1.0080181544025846e-07,410.0
5.586505747687994e-07,410.1111111111111
4.006167849314097e-07,410.2222222222222
3.7420265451657145e-07,410.3333333333333
9.115299413552412e-08,410.4444444444444
2.789647265643469e-07,410.55555555555554
2.4280914997626124e-07,410.66666666666663
2.8614814627269585e-07,410.77777777777777
5.145525444838477e-07,410.88888888888886
4.0178550629726087e-07,411.0
3.421877641484524e-07,411.1111111111111
3.878212807451489e-07,411.2222222222222
5.541385695186449e-07,411.3333333333333
2.1529771645050988e-07,411.4444444444444
2.548652960951975e-07,411.55555555555554
5.596114944355523e-07,411.66666666666663
6.161808382489697e-07,411.77777777777777
1.893106271495305e-07,411.88888888888886
3.3990756486132375e-07,412.0
2.0207837456142881e-07,412.1111111111111
4.7545079948865127e-07,412.2222222222222
6.707724869120701e-07,412.3333333333333
2.980387782195881e-07,412.4444444444444
1.8474668121539456e-08,412.55555555555554
1.3274570273433852e-07,412.66666666666663
1.4636644844143028e-07,412.77777777777777
4.2147494668563317e-07,412.88888888888886
1.885075169408259e-07,413.0
4.984824776876566e-07,413.1111111111111
3.264952124114415e-07,413.2222222222222
6.125303291136086e-07,413.3333333333333
5.2614256430603723e-08,413.4444444444444
3.643148840301385e-07,413.55555555555554
9.530561932248916e-08,413.66666666666663
3.0954480584350253e-07,413.77777777777777
7.643589402179537e-07,413.88888888888886
5.493644836142119e-07,414.0
3.885594821950164e-07,414.1111111111111
3.699766132414817e-07,414.2222222222222
4.834116826247177e-07,414.3333333333333
1.0175445406944675e-07,414.4444444444444
1.2661176304396015e-07,414.55555555555554
5.735558241617432e-07,414.66666666666663
5.300410485719053e-07,414.77777777777777
3.112341578890258e-07,414.88888888888886
2.762252571758105e-07,415.0
2.433961667465151e-07,415.1111111111111
3.576350977331144e-07,415.2222222222222
3.7558623842966445e-07,415.3333333333333
3.754626903396034e-07,415.4444444444444
3.15868028704e-07,415.55555555555554
2.9820628821360673e-07,415.66666666666663
2.727749470862417e-07,415.77777777777777
5.9339249208167e-07,415.88888888888886
1.7803277131632123e-07,416.0
3.525212508187313e-07,416.1111111111111
4.0597332634004627e-07,416.2222222222222
7.094774709280915e-07,416.3333333333333
1.1677368166716139e-08,416.4444444444444
3.610162209063488e-07,416.55555555555554
1.5753931719704636e-07,416.66666666666663
4.302213278305825e-07,416.77777777777777
7.373451078199106e-07,416.88888888888886
4.3644226273962674e-07,417.0
1.5534033783707032e-07,417.1111111111111
1.4031024988501946e-07,417.2222222222222
2.483973022373169e-07,417.3333333333333
3.006353403388565e-07,417.4444444444444
9.693206637975662e-08,417.55555555555554
4.2945432790164926e-07,417.66666666666663
3.912408890729294e-07,417.77777777777777
5.011156422619339e-07,417.88888888888886
1.894513934295535e-07,418.0
1.9320084552729493e-07,418.1111111111111
1.007565328208661e-07,418.2222222222222
2.410155578103085e-07,418.3333333333333
6.211473521373987e-07,418.4444444444444
4.6736367239981226e-07,418.55555555555554
3.183469303924078e-07,418.66666666666663
2.553793636885448e-07,418.77777777777777
5.1393816499642e-07,418.88888888888886
6.334948381708909e-08,419.0
1.9279983544799675e-07,419.1111111111111
3.831290587747078e-07,419.2222222222222
6.142068390600569e-07,419.3333333333333
2.2718076077115807e-07,419.4444444444444
2.740890326460405e-07,419.55555555555554
9.182641305974485e-08,419.66666666666663
2.900142578772025e-07,419.77777777777777
4.924819507843548e-07,419.88888888888886
4.5629634640832924e-07,420.0
1.7784601665454992e-07,420.1111111111111
1.195756385774466e-07,420.2222222222222
2.0108558038807952e-07,420.3333333333333
4.2858443078808906e-07,420.4444444444444
8.942747160238704e-08,420.55555555555554
2.1578305547202807e-07,420.66666666666663
3.973883003688966e-07,420.77777777777777
5.588945164181388e-07,420.88888888888886
2.1842213524774788e-07,421.0
1.667911628157756e-07,421.1111111111111
6.612402652999539e-08,421.2222222222222
2.8484478672561517e-07,421.3333333333333
5.810296309018778e-07,421.4444444444444
4.471570418630367e-07,421.55555555555554
1.7861130940771427e-07,421.66666666666663
6.662034467961552e-08,421.77777777777777
3.647898114596332e-07,421.88888888888886
3.1470579037787973e-07,422.0
1.0142010776293042e-07,422.1111111111111
1.9797319166931895e-07,422.2222222222222
5.30313099243136e-07,422.3333333333333
4.4742344251203243e-07,422.4444444444444
2.025729816884676e-07,422.55555555555554
1.1353365098462742e-07,422.66666666666663
1.7327293261247564e-07,422.77777777777777
4.270602202873777e-07,422.88888888888886
6.118908175652264e-07,423.0
2.768218244883274e-07,423.1111111111111
1.206448350622881e-07,423.2222222222222
1.5089651645751174e-07,423.3333333333333
3.3806622450884935e-07,423.4444444444444
2.7113754567203104e-07,423.55555555555554
4.8978027376174316e-08,423.66666666666663
3.5690129490599566e-07,423.77777777777777
4.64945193058092e-07,423.88888888888886
4.344272902547068e-07,424.0
1.2206251025287758e-07,424.1111111111111
6.705480819955839e-08,424.2222222222222
1.019026994051503e-07,424.3333333333333
4.245105946588021e-07,424.4444444444444
6.243750058431472e-07,424.55555555555554
3.210270159492276e-07,424.66666666666663
2.4206438301967303e-07,424.77777777777777
3.8340069646177366e-07,424.88888888888886
4.2602717052211615e-07,425.0
1.7097414087413867e-07,425.1111111111111
1.0346255882411727e-07,425.2222222222222
5.537951177970338e-07,425.3333333333333
4.872977833325454e-07,425.4444444444444
3.0889865448726815e-07,425.55555555555554
2.8846034346925716e-07,425.66666666666663
2.6063718329312193e-07,425.77777777777777
3.9799522584809156e-07,425.88888888888886
4.914212451364652e-07,426.0
2.894998370431038e-07,426.1111111111111
1.3185757099746482e-07,426.2222222222222
1.369735508358251e-07,426.3333333333333
2.8711383269862114e-07,426.4444444444444
5.056209905892206e-07,426.55555555555554
5.855343464023544e-08,426.66666666666663
2.5436031313347496e-07,426.77777777777777
4.594577812695918e-07,426.88888888888886
6.28347887315147e-07,427.0
6.315684100546476e-08,427.1111111111111
2.647795867181336e-07,427.2222222222222
2.501828567781769e-07,427.3333333333333
5.177859478039451e-07,427.4444444444444
7.820697103636574e-07,427.55555555555554
3.4885354710976886e-07,427.66666666666663
2.458366744165803e-07,427.77777777777777
3.2466644282339524e-07,427.88888888888886
2.968898165846807e-07,428.0
3.4404582042434e-07,428.1111111111111
1.8331052999922598e-07,428.2222222222222
4.777035412497094e-07,428.3333333333333
3.421595774956894e-07,428.4444444444444
5.104514531630579e-07,428.55555555555554
3.058963270947458e-07,428.66666666666663
1.60144590604407e-07,428.77777777777777
1.390537086111637e-07,428.88888888888886
2.6567507603706e-07,429.0
5.898712475253956e-07,429.1111111111111
3.868862215868281e-07,429.2222222222222
3.265783921865432e-07,429.3333333333333
3.93405507848823e-07,429.4444444444444
5.796596383874457e-07,429.55555555555554
1.1435991548139827e-07,429.66666666666663
2.895449238384837e-07,429.77777777777777
5.143412058365673e-07,429.88888888888886
6.320151947535003e-07,430.0
2.0594741175339443e-07,430.1111111111111
4.33170437317816e-07,430.2222222222222
3.6512352605631425e-07,430.3333333333333
4.959783250027896e-07,430.4444444444444
6.299642669384263e-07,430.55555555555554
2.1159585980680352e-07,430.66666666666663
9.626031150958317e-08,430.77777777777777
1.692763573276596e-07,430.88888888888886
1.3657070640024817e-07,431.0
5.084488101735847e-07,431.1111111111111
1.4034730374803824e-07,431.2222222222222
3.0667789747910787e-07,431.3333333333333
2.863897938303832e-07,431.4444444444444
6.431138098511992e-07,431.55555555555554
1.953343387734595e-07,431.66666666666663
1.7736596717049896e-07,431.77777777777777
1.8355339671402798e-07,431.88888888888886
3.9626786037879817e-07,432.0
7.656630193609766e-07,432.1111111111111
4.2278786913961717e-07,432.2222222222222
2.9928132751977225e-07,432.3333333333333
3.2223199703812483e-07,432.4444444444444
4.391462867892194e-07,432.55555555555554
2.3301943203582482e-07,432.66666666666663
3.1011743906231256e-07,432.77777777777777
3.8858668219128354e-07,432.88888888888886
4.6691685718001984e-07,433.0
3.783528556399807e-07,433.1111111111111
4.2345151536527225e-07,433.2222222222222
2.0708539603031341e-07,433.3333333333333
2.2031573610421088e-07,433.4444444444444
3.487920402548087e-07,433.55555555555554
4.464492125420594e-07,433.66666666666663
2.5090083108713004e-07,433.77777777777777
1.9840737945968688e-07,433.88888888888886
2.2209666091509315e-07,434.0
5.270209861565014e-07,434.1111111111111
1.148923564034183e-07,434.2222222222222
2.472487655880518e-07,434.3333333333333
3.1919352769408164e-07,434.4444444444444
6.019314430304727e-07,434.55555555555554
2.1880783765901818e-07,434.66666666666663
3.3849754216045816e-07,434.77777777777777
2.8723571629975204e-07,434.88888888888886
3.727701631047425e-07,435.0
6.337116318057686e-07,435.1111111111111
3.59760172950755e-07,435.2222222222222
7.55943478393161e-08,435.3333333333333
7.948712404884862e-08,435.4444444444444
2.793923613081037e-07,435.55555555555554
3.5169412611680016e-07,435.66666666666663
2.5623084051428356e-07,435.77777777777777
1.2764640177123062e-07,435.88888888888886
3.6947760412669997e-07,436.0
4.609429056009536e-07,436.1111111111111
3.392184088929639e-07,436.2222222222222
1.7917537682747856e-07,436.3333333333333
1.5965940474554844e-07,436.4444444444444
3.277447939081947e-07,436.55555555555554
5.845608865327386e-07,436.66666666666663
2.9495161574839984e-07,436.77777777777777
1.4157673695214994e-07,436.88888888888886
1.3911443117572023e-07,437.0
3.971598308875619e-07,437.1111111111111
2.825311967639329e-07,437.2222222222222
2.3147784817275055e-07,437.3333333333333
1.6841772199804978e-07,437.4444444444444
4.671058370771305e-07,437.55555555555554
3.8542884175547875e-07,437.66666666666663
3.2186892929984743e-07,437.77777777777777
2.1395728550341854e-07,437.88888888888886
2.0853959549678858e-07,438.0
4.7080498421473406e-07,438.1111111111111
5.463274159581024e-07,438.2222222222222
1.3635985147002798e-07,438.3333333333333
1.252790690710693e-07,438.4444444444444
2.8534466885083293e-07,438.55555555555554
3.404969146313572e-07,438.66666666666663
3.239361831740573e-07,438.77777777777777
1.5063962830882e-07,438.88888888888886
3.5614148360853694e-07,439.0
3.8452237335635993e-07,439.1111111111111
4.236461837985065e-07,439.2222222222222
3.475214832985029e-07,439.3333333333333
2.0347366661762746e-07,439.4444444444444
2.1204535121630222e-07,439.55555555555554
4.412603430518665e-07,439.66666666666663
4.079102129228025e-07,439.77777777777777
1.1875659609688818e-07,439.88888888888886
1.0460310392712495e-07,440.0
3.5742688257356117e-07,440.1111111111111
4.2117440473125195e-07,440.2222222222222
2.2586497591477277e-07,440.3333333333333
1.613715603261389e-07,440.4444444444444
4.5676228650478865e-07,440.55555555555554
4.5894545499214027e-07,440.66666666666663
3.042706515586864e-07,440.77777777777777
4.132948374467598e-07,440.88888888888886
3.7238249927165005e-07,441.0
4.874172551402888e-07,441.1111111111111
6.146889865152678e-07,441.2222222222222
1.1008944115007765e-07,441.3333333333333
1.404783891090389e-07,441.4444444444444
2.1985774050626947e-07,441.55555555555554
2.0220299674730918e-07,441.66666666666663
4.77160204370642e-07,441.77777777777777
1.7939466678748378e-07,441.88888888888886
2.49991429376344e-07,442.0
2.699842503387883e-07,442.1111111111111
5.597695054166384e-07,442.2222222222222
2.8727038619835603e-07,442.3333333333333
1.2527919756463176e-07,442.4444444444444
1.5808022216586616e-07,442.55555555555554
3.996135354909585e-07,442.66666666666663
6.794863207984305e-07,442.77777777777777
2.7890831613222405e-07,442.88888888888886
2.940300064676391e-07,443.0
4.159669943898332e-07,443.1111111111111
4.123659492096423e-07,443.2222222222222
3.581546429136083e-07,443.3333333333333
3.686475066326932e-07,443.4444444444444
4.493474964292986e-07,443.55555555555554
3.646012910687467e-07,443.66666666666663
4.558679556638591e-07,443.77777777777777
5.700395496064037e-07,443.88888888888886
3.7673594958022693e-07,444.0
3.20986809821871e-07,444.1111111111111
3.8894623432926706e-07,444.2222222222222
2.8852785106421186e-07,444.3333333333333
1.75733032322261e-07,444.4444444444444
1.8133407175776477e-07,444.55555555555554
2.3774245384287742e-07,444.66666666666663
5.59990504957127e-07,444.77777777777777
1.1256573900053741e-07,444.88888888888886
2.977015415355745e-07,445.0
3.3509273380132396e-07,445.1111111111111
5.763440881841391e-07,445.2222222222222
1.8639369131581082e-07,445.3333333333333
4.3911796401892023e-07,445.4444444444444
4.5280636163822045e-07,445.55555555555554
5.007881816398263e-07,445.66666666666663
7.375746558947009e-07,445.77777777777777
2.1198912553648334e-07,445.88888888888886
2.809705532061799e-07,446.0
3.220012515680663e-07,446.1111111111111
2.49166356949326e-07,446.2222222222222
4.699064172193896e-07,446.3333333333333
3.774287250268326e-07,446.4444444444444
2.835485339555988e-07,446.55555555555554
1.7954565715196172e-07,446.66666666666663
5.437940584956554e-07,446.77777777777777
4.770478689055671e-07,446.88888888888886
1.5522753860709836e-07,447.0
5.276129752539564e-08,447.1111111111111
2.3433668991090286e-07,447.2222222222222
5.85786806429388e-07,447.3333333333333
2.8373732914885765e-07,447.4444444444444
2.721224735145608e-07,447.55555555555554
3.2173117238673076e-07,447.66666666666663
5.04198761718917e-07,447.77777777777777
2.3438621694576147e-07,447.88888888888886
4.3589925242064357e-07,448.0
3.2151793669490187e-07,448.1111111111111
4.4739471178420764e-07,448.2222222222222
3.2627603459146166e-07,448.3333333333333
5.973701763864678e-07,448.4444444444444
4.684930291824767e-07,448.55555555555554
3.402872813808778e-07,448.66666666666663
5.142939189665843e-07,448.77777777777777
2.0579445209479225e-07,448.88888888888886
1.4898991688230589e-07,449.0
1.1789498859008967e-07,449.1111111111111
1.3805247150362285e-07,449.2222222222222
4.7325437705496754e-07,449.3333333333333
2.8793274680357044e-07,449.4444444444444
2.0141155530836746e-07,449.55555555555554
1.5862726321865447e-07,449.66666666666663
4.785082308896845e-07,449.77777777777777
3.331708583808224e-07,449.88888888888886
3.435375573557798e-07,450.0
3.438360269095374e-07,450.1111111111111
3.1543462808832946e-07,450.2222222222222
6.342644579642457e-07,450.3333333333333
2.544694929301206e-07,450.4444444444444
2.1180287309356829e-07,450.55555555555554
2.0709419151485012e-07,450.66666666666663
3.497283547769156e-07,450.77777777777777
3.2760594521177953e-07,450.88888888888886
4.2529245245409676e-07,451.0
9.999318263561516e-08,451.1111111111111
2.8431693122966396e-07,451.2222222222222
3.6974138852217726e-07,451.3333333333333
5.152078094291541e-07,451.4444444444444
3.6046153614986946e-07,451.55555555555554
1.6161268622201968e-07,451.66666666666663
3.275965502138689e-07,451.77777777777777
4.4904207138478213e-07,451.88888888888886
1.231299546183137e-07,452.0
9.859613439690221e-08,452.1111111111111
1.8118881193237768e-07,452.2222222222222
3.687605917053581e-07,452.3333333333333
3.4688232882034375e-07,452.4444444444444
3.0306592251361823e-07,452.55555555555554
1.3083121863115295e-07,452.66666666666663
3.1580743735525895e-07,452.77777777777777
3.8981021955725426e-07,452.88888888888886
4.663384287805016e-07,453.0
3.6643085277656727e-07,453.1111111111111
1.7429436599678058e-07,453.2222222222222
4.612526373391777e-07,453.3333333333333
3.704461556766999e-07,453.4444444444444
3.8243015571389635e-08,453.55555555555554
6.430991523174988e-08,453.66666666666663
3.0086286167617704e-07,453.77777777777777
3.177202683668626e-07,453.88888888888886
4.069097316147427e-07,454.0
2.025539086298249e-07,454.1111111111111
2.651712097929317e-07,454.2222222222222
2.5657542450102116e-07,454.3333333333333
4.7417227641894373e-07,454.4444444444444
5.146317911676408e-07,454.55555555555554
3.4534460334164684e-07,454.66666666666663
2.8400630746413224e-07,454.77777777777777
4.532528120887772e-07,454.88888888888886
1.7341642784758922e-07,455.0
7.998554284489847e-08,455.1111111111111
9.736870119597119e-08,455.2222222222222
2.531530486888867e-07,455.3333333333333
4.370065981075808e-07,455.4444444444444
2.8392523500286107e-07,455.55555555555554
1.5606210203216037e-07,455.66666666666663
2.3385440691967017e-07,455.77777777777777
3.982717228283544e-07,455.88888888888886
3.688607355244822e-07,456.0
4.276790703212815e-07,456.1111111111111
3.3346065528756416e-07,456.2222222222222
4.200418836314427e-07,456.3333333333333
5.78903586900357e-07,456.4444444444444
8.18687160186122e-08,456.55555555555554
2.402202561651184e-07,456.66666666666663
3.38947829442994e-07,456.77777777777777
2.209852171449365e-07,456.88888888888886
5.134313567531197e-07,457.0
3.563687079959582e-07,457.1111111111111
2.5569030148263764e-07,457.2222222222222
7.871412401484505e-08,457.3333333333333
5.628807965169316e-07,457.4444444444444
5.599321641690107e-07,457.55555555555554
2.78004913950682e-07,457.66666666666663
4.062965426031252e-08,457.77777777777777
2.55238722778779e-07,457.88888888888886
4.325686910186766e-07,458.0
1.253465174013658e-07,458.1111111111111
1.8680176704023524e-07,458.2222222222222
3.185253249500685e-07,458.3333333333333
4.39780951212617e-07,458.4444444444444
3.235476141597646e-07,458.55555555555554
4.0996213220770905e-07,458.66666666666663
2.9038653891756266e-07,458.77777777777777
2.898954456014978e-07,458.88888888888886
4.22413685515064e-07,459.0
6.783954936971501e-07,459.1111111111111
5.34679265821406e-07,459.2222222222222
4.0240776120714026e-07,459.3333333333333
5.459589709143898e-07,459.4444444444444
5.011321753843408e-08,459.55555555555554
2.639780520089819e-07,459.66666666666663
2.6095396170378235e-07,459.77777777777777
7.543823983867767e-08,459.88888888888886
5.664600228999689e-07,460.0
2.968476754734659e-07,460.1111111111111
2.6549007762523583e-07,460.2222222222222
8.0592112513433e-08,460.3333333333333
5.134538114619686e-07,460.4444444444444
3.6132894274346283e-07,460.55555555555554
3.243810777269416e-07,460.66666666666663
3.5595608524206545e-07,460.77777777777777
3.0423807462080514e-07,460.88888888888886
6.441382400528361e-07,461.0
1.836822198858537e-07,461.1111111111111
3.2728195812437155e-07,461.2222222222222
3.701086202518681e-07,461.3333333333333
3.549652700877799e-07,461.4444444444444
4.564230255535062e-07,461.55555555555554
5.270287627920532e-07,461.66666666666663
2.4712428601257197e-07,461.77777777777777
1.7916745010721653e-07,461.88888888888886
5.415655779785447e-07,462.0
7.126463382278319e-07,462.1111111111111
4.3432402473723135e-07,462.2222222222222
1.3448614694194432e-07,462.3333333333333
2.851194415510798e-07,462.4444444444444
3.0227977091819265e-07,462.55555555555554
2.0062605803452396e-07,462.66666666666663
1.695388477483343e-07,462.77777777777777
1.541964560589236e-07,462.88888888888886
4.985405146032131e-07,463.0
2.4194000244376995e-07,463.1111111111111
4.141061948417694e-07,463.2222222222222
1.3526892356013694e-07,463.3333333333333
3.220295569531784e-07,463.4444444444444
3.1277490636554593e-07,463.55555555555554
6.044995795604662e-07,463.66666666666663
5.604978960860104e-07,463.77777777777777
3.1703481147044655e-07,463.88888888888886
6.013820936597652e-07,464.0
8.369742206284537e-08,464.1111111111111
2.96791516639372e-07,464.2222222222222
2.4467096769708e-07,464.3333333333333
2.1091035584545576e-07,464.4444444444444
4.6351857962681385e-07,464.55555555555554
4.588742964501424e-07,464.66666666666663
1.5441072325406948e-07,464.77777777777777
9.617612784466046e-08,464.88888888888886
4.333094854008206e-07,465.0
5.177575255057719e-07,465.1111111111111
3.582925403063309e-07,465.2222222222222
2.3892046258077556e-07,465.3333333333333
1.495002029505172e-07,465.4444444444444
4.824249791829266e-07,465.55555555555554
1.5312092933620722e-07,465.66666666666663
1.9994422572006785e-07,465.77777777777777
1.967871378421038e-07,465.88888888888886
3.612357960334567e-07,466.0
3.395741002983982e-07,466.1111111111111
4.79221761041812e-07,466.2222222222222
4.226121297204588e-08,466.3333333333333
1.4630369092677294e-07,466.4444444444444
3.9298636597439454e-07,466.55555555555554
6.347821743175132e-07,466.66666666666663
5.091897294898749e-07,466.77777777777777
1.0559906947449488e-07,466.88888888888886
3.8346104607918567e-07,467.0
2.4837700371926013e-07,467.1111111111111
1.5594950132460527e-07,467.2222222222222
1.1430782310517087e-08,467.3333333333333
1.7213597642734193e-07,467.4444444444444
3.3459450175938664e-07,467.55555555555554
4.1953809645731514e-07,467.66666666666663
2.7633011096372663e-07,467.77777777777777
7.318527849725812e-08,467.88888888888886
1.68960821759411e-07,468.0
4.540773311848034e-07,468.1111111111111
5.312547149528604e-07,468.2222222222222
4.099892581019121e-07,468.3333333333333
1.0103550409055468e-07,468.4444444444444
4.2691872577644826e-07,468.55555555555554
1.9235302858101542e-07,468.66666666666663
1.4054025445352535e-07,468.77777777777777
5.965131633151971e-08,468.88888888888886
2.516798219701731e-07,469.0
3.426019269568854e-07,469.1111111111111
4.3195478462345e-07,469.2222222222222
1.933667369261941e-07,469.3333333333333
7.655587748497392e-08,469.4444444444444
2.3491516978902732e-07,469.55555555555554
5.157367486545132e-07,469.66666666666663
5.573959070364994e-07,469.77777777777777
3.24633657629906e-07,469.88888888888886
2.882145984403541e-07,470.0
4.1206959146633876e-07,470.1111111111111
9.646454029885058e-08,470.2222222222222
1.6360769667671688e-07,470.3333333333333
2.1851400969740974e-07,470.4444444444444
1.7251622859495458e-07,470.55555555555554
4.94978026571655e-07,470.66666666666663
3.238448685357435e-07,470.77777777777777
2.0451203991896768e-07,470.88888888888886
7.9000059282532e-08,471.0
4.604132173637946e-07,471.1111111111111
4.848944350521076e-07,471.2222222222222
3.900294821911387e-07,471.3333333333333
1.8356851515290743e-07,471.4444444444444
2.737923775073121e-07,471.55555555555554
4.173116875407199e-07,471.66666666666663
2.6578692938137188e-08,471.77777777777777
1.731361783303411e-07,471.88888888888886
3.058635663484988e-07,472.0
2.538285442311058e-07,472.1111111111111
4.844633408141833e-07,472.2222222222222
3.955020834687363e-07,472.3333333333333
1.6321503912551681e-07,472.4444444444444
7.724115170428365e-08,472.55555555555554
5.882409129439676e-07,472.66666666666663
7.014710685364723e-07,472.77777777777777
4.2476845447358625e-07,472.88888888888886
2.1875843237600905e-07,473.0
3.3869939401732575e-07,473.1111111111111
2.236462287579802e-07,473.2222222222222
1.878648734604405e-07,473.3333333333333
1.8438743790643732e-07,473.4444444444444
1.2607316034446142e-07,473.55555555555554
4.911815695138845e-07,473.66666666666663
2.6109407709071753e-07,473.77777777777777
3.838782814870263e-07,473.88888888888886
1.0790701596180106e-07,474.0
2.495256382973853e-07,474.1111111111111
3.557969153920528e-07,474.2222222222222
5.824098851518821e-07,474.3333333333333
4.986437321088984e-07,474.4444444444444
3.0534859205404864e-07,474.55555555555554
5.644983241075859e-07,474.66666666666663
1.027960545489712e-07,474.77777777777777
3.3357592193263794e-07,474.88888888888886
3.536143549759309e-07,475.0
1.7204360602705341e-07,475.1111111111111
5.79091197326227e-07,475.2222222222222
4.320916560766901e-07,475.3333333333333
2.775424966430501e-07,475.4444444444444
2.740236488600419e-07,475.55555555555554
5.96642261976327e-07,475.66666666666663
5.825734531407716e-07,475.77777777777777
2.932997413903617e-07,475.88888888888886
2.3121487795922355e-07,476.0
1.1405850710514084e-07,476.1111111111111
4.2750322080269195e-07,476.2222222222222
1.333578233498969e-07,476.3333333333333
2.3060192501219464e-07,476.4444444444444
2.427212876604807e-07,476.55555555555554
3.976309515605648e-07,476.66666666666663
3.446187627931591e-07,476.77777777777777
5.200813215694417e-07,476.88888888888886
6.824864987096265e-08,477.0
1.120177059821703e-07,477.1111111111111
5.203744143682419e-07,477.2222222222222
7.630547389808246e-07,477.3333333333333
5.738366474792826e-07,477.4444444444444
2.387625694197338e-07,477.55555555555554
4.866597103081252e-07,477.66666666666663
1.2117748530426094e-07,477.77777777777777
3.2241160718689125e-07,477.88888888888886
2.54279989744424e-07,478.0
6.688199056465732e-08,478.1111111111111
5.281184068492016e-07,478.2222222222222
3.2222159909955444e-07,478.3333333333333
3.661378405708809e-07,478.4444444444444
2.518794061021417e-07,478.55555555555554
3.3842275286135846e-07,478.66666666666663
3.3884652021925164e-07,478.77777777777777
4.4214932647229966e-07,478.88888888888886
4.740775352799374e-07,479.0
1.237748474693705e-07,479.1111111111111
5.369303085514204e-07,479.2222222222222
7.984433495284764e-08,479.3333333333333
3.0797957535677676e-07,479.4444444444444
2.6889503465654494e-07,479.55555555555554
2.874842695278598e-07,479.66666666666663
4.361028902798463e-07,479.77777777777777
5.17245625051819e-07,479.88888888888886
1.517642455386163e-07,480.0
2.8586630048407486e-07,480.1111111111111
5.372632888384081e-07,480.2222222222222
6.520089989307152e-07,480.3333333333333
4.367278856015902e-07,480.4444444444444
1.267366517218795e-07,480.55555555555554
2.735698171068442e-07,480.66666666666663
2.6012645844395363e-07,480.77777777777777
1.9680007807703614e-07,480.88888888888886
1.111634282091793e-07,481.0
7.938141431008044e-08,481.1111111111111
3.611537626926628e-07,481.2222222222222
3.1593436259801775e-07,481.3333333333333
4.1263507055661233e-07,481.4444444444444
1.4467975512145667e-07,481.55555555555554
5.668417492837464e-08,481.66666666666663
4.081546056619144e-07,481.77777777777777
6.018737937713936e-07,481.88888888888886
5.31817825595319e-07,482.0
5.241330949996567e-08,482.1111111111111
4.518133612079272e-07,482.2222222222222
9.675705928838678e-08,482.3333333333333
2.5226865323640325e-07,482.4444444444444
1.2582140544715768e-07,482.55555555555554
1.9316871040665012e-07,482.66666666666663
3.53022461907001e-07,482.77777777777777
4.373620064310383e-07,482.88888888888886
2.347334184355658e-07,483.0
2.6143696352622736e-07,483.1111111111111
3.069377487569224e-07,483.2222222222222
4.868413388006011e-07,483.3333333333333
4.865314914519185e-07,483.4444444444444
3.3026292362971813e-07,483.55555555555554
1.753086485505022e-07,483.66666666666663
3.53045853122848e-07,483.77777777777777
1.3506438214252386e-07,483.88888888888886
1.3980497393260872e-07,484.0
1.3057988031687705e-07,484.1111111111111
2.03379402260994e-07,484.2222222222222
3.8413541595328464e-07,484.3333333333333
3.7391233778949887e-07,484.4444444444444
2.514927104807694e-07,484.55555555555554
2.012113707229927e-07,484.66666666666663
3.7310331140523064e-07,484.77777777777777
5.001170915634705e-07,484.88888888888886
4.936966225324923e-07,485.0
2.1775118368879084e-07,485.1111111111111
3.0133729918055584e-07,485.2222222222222
3.079137104154547e-07,485.3333333333333
1.417357288188896e-07,485.4444444444444
1.0760681239131842e-07,485.55555555555554
2.4047580887475113e-07,485.66666666666663
1.6579101047603452e-07,485.77777777777777
4.809771321574952e-07,485.88888888888886
2.879475350288579e-07,486.0
2.8633169426764383e-07,486.1111111111111
3.023845481249083e-07,486.2222222222222
5.408734206205621e-07,486.3333333333333
5.40472232576063e-07,486.4444444444444
3.4704778966382284e-07,486.55555555555554
2.1703471269717903e-07,486.66666666666663
2.7000740966740663e-07,486.77777777777777
2.611069862607826e-07,486.88888888888886
1.0060497410519901e-07,487.0
1.1011303251984949e-07,487.1111111111111
1.7783968818362593e-07,487.2222222222222
3.340089358824667e-07,487.3333333333333
3.4565888411644603e-07,487.4444444444444
3.715942587276142e-07,487.55555555555554
1.4125435432798115e-07,487.66666666666663
1.926578906749837e-07,487.77777777777777
5.026962631851007e-07,487.88888888888886
6.388940780898065e-07,488.0
4.243530966396893e-07,488.1111111111111
2.968089846580021e-07,488.2222222222222
4.3471660068466834e-07,488.3333333333333
1.8130176153513434e-07,488.4444444444444
2.6664922525390794e-07,488.55555555555554
3.0282716057336167e-07,488.66666666666663
3.660124194157967e-08,488.77777777777777
5.474627808915127e-07,488.88888888888886
2.4886711370876603e-07,489.0
4.292186753274252e-07,489.1111111111111
3.974624318938843e-07,489.2222222222222
4.286797925759734e-07,489.3333333333333
3.372018833269526e-07,489.4444444444444
3.5762910805477333e-07,489.55555555555554
3.9739568825071765e-07,489.66666666666663
1.4183601854000517e-07,489.77777777777777
4.5086860893030306e-07,489.88888888888886
2.999433627919203e-08,490.0
2.478374117733101e-07,490.1111111111111
2.937072340226991e-07,490.2222222222222
2.458065050953266e-07,490.3333333333333
4.6398205201260865e-07,490.4444444444444
4.2545761034843707e-07,490.55555555555554
2.451991055265679e-07,490.66666666666663
4.289589656325626e-07,490.77777777777777
6.57319406037522e-07,490.88888888888886
6.679136366847736e-07,491.0
3.7820876297996583e-07,491.1111111111111
3.171599023126624e-07,491.2222222222222
3.733568096428222e-07,491.3333333333333
2.63667693289322e-07,491.4444444444444
2.594188916195727e-07,491.55555555555554
2.509059995901213e-07,491.66666666666663
5.0719933639076845e-08,491.77777777777777
4.792982208510104e-07,491.88888888888886
1.7789349830199302e-07,492.0
4.797609908551156e-07,492.1111111111111
2.5551459224076946e-07,492.2222222222222
1.246178569519702e-07,492.3333333333333
3.6399434213888767e-07,492.4444444444444
5.834171003567065e-07,492.55555555555554
5.426246590001982e-07,492.66666666666663
1.9795547784193906e-07,492.77777777777777
5.517806316505681e-07,492.88888888888886
1.0141390821065623e-07,493.0
3.548050736008714e-07,493.1111111111111
3.3073027941713117e-07,493.2222222222222
1.996054477369585e-07,493.3333333333333
5.269552495542974e-07,493.4444444444444
3.820163943270617e-07,493.55555555555554
3.917914083505179e-07,493.66666666666663
5.392459208587078e-07,493.77777777777777
5.477119727529238e-07,493.88888888888886
4.2025681470535363e-07,494.0
2.51203990595543e-07,494.1111111111111
3.806350064434045e-07,494.2222222222222
2.0526193758795983e-07,494.3333333333333
3.732210519046912e-07,494.4444444444444
1.4228059844370699e-07,494.55555555555554
2.0643938568863928e-07,494.66666666666663
1.5018303138152182e-07,494.77777777777777
3.346631135690276e-07,494.88888888888886
2.8900329788821866e-07,495.0
4.43140905850203e-07,495.1111111111111
1.7329925248679262e-07,495.2222222222222
3.588905662775274e-07,495.3333333333333
5.660707888117326e-07,495.4444444444444
6.213217938498258e-07,495.55555555555554
4.784537209664816e-07,495.66666666666663
2.0547177977514353e-07,495.77777777777777
4.8226657742019e-07,495.88888888888886
1.0586346295535649e-07,496.0
3.0538462306881067e-07,496.1111111111111
2.0153366340283966e-07,496.2222222222222
1.1629155928051775e-07,496.3333333333333
4.1440901470885364e-07,496.4444444444444
2.985303303987985e-07,496.55555555555554
3.6521891402129824e-07,496.66666666666663
4.123703488410034e-07,496.77777777777777
2.978506238834559e-07,496.88888888888886
3.2614708850476283e-07,497.0
4.038676514437425e-07,497.1111111111111
4.4022866738430785e-07,497.2222222222222
1.6422750827388198e-07,497.3333333333333
4.326855500517914e-07,497.4444444444444
7.604210261806742e-08,497.55555555555554
2.2388891097775138e-07,497.66666666666663
1.64322338025731e-07,497.77777777777777
2.155182815984428e-07,497.88888888888886
3.491038806029698e-07,498.0
3.680673908827401e-07,498.1111111111111
2.8238939520085163e-07,498.2222222222222
4.5825637398602354e-07,498.3333333333333
4.899554322900601e-07,498.4444444444444
4.435488880321854e-07,498.55555555555554
3.8298581802800486e-07,498.66666666666663
2.460691850358307e-07,498.77777777777777
3.538986477827084e-07,498.88888888888886
2.4471686377770763e-07,499.0
1.8980995787810056e-07,499.1111111111111
3.722959928121943e-08,499.2222222222222
1.5422095185970442e-07,499.3333333333333
2.120228245030256e-07,499.4444444444444
3.61843342678351e-07,499.55555555555554
2.5099703890556913e-07,499.66666666666663
3.751752597163276e-07,499.77777777777777
3.9704577145427355e-07,499.88888888888886
4.4444444444444486e-07,500.0
