Amplitude,Frequency
0.05480000000000003,0.0
0.0002689670222140163,0.1111111111111111
0.0001695754664388535,0.2222222222222222
0.00015245085324049894,0.3333333333333333
0.00032220946370575625,0.4444444444444444
9.198172169706806e-05,0.5555555555555556
3.457098688323239e-05,0.6666666666666666
0.00037053120742778627,0.7777777777777777
0.00010282385733441329,0.8888888888888888
4.481940502832342e-05,1.0
0.00011506182836929338,1.1111111111111112
4.242298648083532e-05,1.222222222222222
3.7342345514694854e-05,1.3333333333333333
4.262773916235606e-05,1.4444444444444444
3.6982187548651976e-05,1.5555555555555554
3.092860531968586e-05,1.6666666666666665
2.99126989772139e-05,1.7777777777777777
5.687202898329528e-05,1.8888888888888888
5.2960635537852326e-05,2.0
4.567102396753441e-05,2.111111111111111
6.204042262856532e-05,2.2222222222222223
9.989586874666233e-05,2.333333333333333
6.757174226305902e-05,2.444444444444444
6.603468368589414e-05,2.5555555555555554
1.879451242713391e-05,2.6666666666666665
3.406264896948986e-05,2.7777777777777777
2.0204226520113232e-05,2.888888888888889
9.558065081352505e-06,3.0
5.2953954901075364e-06,3.1111111111111107
1.182488637074413e-05,3.222222222222222
2.8640112051131472e-05,3.333333333333333
1.9244814800510724e-05,3.444444444444444
3.0205116736424638e-05,3.5555555555555554
4.078736119739546e-05,3.6666666666666665
8.442695698221525e-05,3.7777777777777777
1.2465508125752337e-05,3.888888888888889
1.3512623804648941e-05,4.0
3.300256652507999e-05,4.111111111111111
2.623947945999895e-05,4.222222222222222
1.713120277431789e-05,4.333333333333333
1.2994028002395224e-05,4.444444444444445
1.449138853757415e-05,4.555555555555555
1.7209657509389983e-05,4.666666666666666
1.3605155310301696e-05,4.777777777777778
1.2874203107625529e-05,4.888888888888888
2.848786753086671e-05,5.0
1.4753757037778057e-05,5.111111111111111
1.0206565446883615e-05,5.222222222222222
5.8539451890625176e-05,5.333333333333333
1.8448082933674014e-05,5.444444444444444
1.3038952144131496e-05,5.555555555555555
1.921628103263554e-05,5.666666666666666
1.1256453332464422e-05,5.777777777777778
1.1229951034928425e-06,5.888888888888888
2.7566776396823868e-06,6.0
7.928332077232728e-07,6.111111111111111
5.845659317021734e-06,6.222222222222221
1.053486213462944e-05,6.333333333333333
7.2747780732844936e-06,6.444444444444444
2.366632548728563e-05,6.555555555555555
1.874393149823214e-05,6.666666666666666
2.3080624565471873e-05,6.777777777777778
2.8178571650444354e-05,6.888888888888888
1.4761755630627563e-05,7.0
1.3970408260500308e-05,7.111111111111111
1.4854243147504782e-05,7.222222222222221
3.554584155640793e-06,7.333333333333333
3.86384014722668e-06,7.444444444444444
5.0811269722054855e-06,7.555555555555555
6.414621470134025e-06,7.666666666666666
6.653294210256101e-06,7.777777777777778
4.900129285680365e-06,7.888888888888888
1.541386200955952e-05,8.0
7.045353688066847e-06,8.11111111111111
1.0349075772184219e-05,8.222222222222221
2.7605825366794585e-05,8.333333333333332
1.224318208626337e-05,8.444444444444445
1.3116860142634696e-05,8.555555555555555
2.135289040473048e-05,8.666666666666666
6.753885765186495e-06,8.777777777777777
8.990490851452656e-06,8.88888888888889
7.08560546963151e-06,9.0
4.461634860498115e-06,9.11111111111111
2.5274973612620987e-06,9.222222222222221
2.595741496319265e-06,9.333333333333332
9.593443889823098e-06,9.444444444444445
1.0318158658169642e-05,9.555555555555555
3.522309445177097e-06,9.666666666666666
6.758761200488108e-06,9.777777777777777
3.317746414950949e-05,9.888888888888888
9.603993510632297e-06,10.0
3.7069875993044167e-06,10.11111111111111
1.1913369119004513e-05,10.222222222222221
1.0641970685206573e-05,10.333333333333332
9.025646360078983e-06,10.444444444444445
5.54169549123683e-06,10.555555555555555
6.4010579300727644e-06,10.666666666666666
8.997848600088298e-06,10.777777777777777
6.802342071703973e-06,10.888888888888888
6.607280900673121e-06,11.0
1.1374920919960373e-05,11.11111111111111
1.0296839447782e-05,11.222222222222221
9.697764774846235e-06,11.333333333333332
2.280194855218858e-05,11.444444444444445
1.3200500481756692e-05,11.555555555555555
1.418690501432749e-05,11.666666666666666
7.672302375451472e-06,11.777777777777777
6.608986253703253e-06,11.888888888888888
3.7195929224426144e-06,12.0
2.634399239341608e-06,12.11111111111111
1.921627416446457e-06,12.222222222222221
3.2823205924115814e-06,12.333333333333332
6.563379390830322e-06,12.444444444444443
4.194984140417048e-06,12.555555555555555
1.1135340347201342e-05,12.666666666666666
1.1420410029772255e-05,12.777777777777777
2.079540960349268e-05,12.888888888888888
5.071591456969141e-06,13.0
4.431935973196558e-06,13.11111111111111
1.0153527424418268e-05,13.222222222222221
8.819683865572535e-06,13.333333333333332
3.52044102088482e-06,13.444444444444443
2.863312501146678e-07,13.555555555555555
2.3156006118993983e-06,13.666666666666666
4.1057284765078995e-06,13.777777777777777
3.841145746554279e-06,13.888888888888888
2.279170150672467e-06,14.0
1.0110161412953753e-05,14.11111111111111
5.243415125813852e-06,14.222222222222221
2.417124162051393e-06,14.333333333333332
1.8579724189092113e-05,14.444444444444443
1.458711449366326e-06,14.555555555555555
4.428110318130702e-06,14.666666666666666
1.0398797756837716e-05,14.777777777777777
3.9165090702543926e-06,14.888888888888888
4.074622585260022e-06,15.0
2.8294620578884428e-06,15.11111111111111
2.4335563164371412e-06,15.222222222222221
2.796302991354416e-06,15.333333333333332
1.3805957819505628e-06,15.444444444444443
5.716007376251726e-06,15.555555555555555
8.302273329985742e-06,15.666666666666666
3.627578162782178e-06,15.777777777777777
3.535027463968233e-06,15.888888888888888
1.6125532772127053e-05,16.0
8.02056540351541e-06,16.11111111111111
6.8732230056974054e-06,16.22222222222222
5.275509694214442e-06,16.333333333333332
4.681497453382988e-06,16.444444444444443
5.938115990097867e-06,16.555555555555554
2.83380721406349e-06,16.666666666666664
3.060321422263202e-06,16.77777777777778
6.39067077691412e-06,16.88888888888889
4.878744750023243e-06,17.0
5.606119205958422e-06,17.11111111111111
5.276921508419642e-06,17.22222222222222
6.241461882305732e-06,17.333333333333332
1.0718592622883797e-05,17.444444444444443
9.103625646183223e-06,17.555555555555554
7.360652229555912e-06,17.666666666666664
1.1851483733629168e-05,17.77777777777778
6.321749532015849e-06,17.88888888888889
5.204279541037841e-06,18.0
3.4295063139964803e-06,18.11111111111111
3.3369261390248353e-06,18.22222222222222
3.1107960436361333e-06,18.333333333333332
2.1679865406097436e-06,18.444444444444443
5.048705716656515e-06,18.555555555555554
3.5786805156273946e-06,18.666666666666664
5.979249732491758e-06,18.777777777777775
5.670687833417614e-06,18.88888888888889
1.657437334099889e-05,19.0
3.2404399253830264e-06,19.11111111111111
2.3022334524550523e-06,19.22222222222222
6.145513916743439e-06,19.333333333333332
6.8432424098739855e-06,19.444444444444443
5.242725393172949e-06,19.555555555555554
1.5800194250818056e-06,19.666666666666664
2.4804253639489545e-06,19.777777777777775
4.630912832955495e-06,19.88888888888889
2.8170176683891206e-06,20.0
1.5448566937902739e-06,20.11111111111111
7.2914381559797535e-06,20.22222222222222
5.710844432818947e-06,20.333333333333332
3.833393324816197e-06,20.444444444444443
1.1812211893633993e-05,20.555555555555554
4.66815450491555e-06,20.666666666666664
6.903503980198403e-06,20.777777777777775
5.566774145752946e-06,20.88888888888889
1.6375252622079736e-06,21.0
2.4871591328073635e-06,21.11111111111111
6.995410617662254e-07,21.22222222222222
7.699178622388538e-07,21.333333333333332
2.636088283153015e-06,21.444444444444443
1.4651842885954776e-06,21.555555555555554
3.814629186101636e-06,21.666666666666664
7.077272276813775e-06,21.777777777777775
4.2609805196338565e-06,21.88888888888889
7.74104305612863e-06,22.0
6.196178713802082e-06,22.11111111111111
4.632992490341022e-06,22.22222222222222
6.755995990314857e-06,22.333333333333332
4.0625707281379025e-06,22.444444444444443
8.680011975269852e-07,22.555555555555554
3.274280591673933e-06,22.666666666666664
1.2188968586084548e-06,22.777777777777775
3.944703640103963e-07,22.88888888888889
4.2515343884297656e-06,23.0
3.965921728090301e-06,23.11111111111111
5.492704790264113e-06,23.22222222222222
3.220968057841776e-06,23.333333333333332
2.309326972378198e-06,23.444444444444443
9.46676593893931e-06,23.555555555555554
2.3173351769656188e-06,23.666666666666664
2.983797213177422e-06,23.777777777777775
8.022023493975397e-06,23.88888888888889
5.129109815478065e-06,24.0
4.641430857080678e-06,24.11111111111111
2.0135239295731234e-06,24.22222222222222
2.78491649014005e-06,24.333333333333332
3.8381728967949225e-06,24.444444444444443
1.1941864028449539e-06,24.555555555555554
4.2413123910087e-06,24.666666666666664
4.07947128784837e-06,24.777777777777775
3.1692655800464627e-06,24.888888888888886
1.1836606505516846e-06,25.0
1.1385677799506148e-05,25.11111111111111
5.014344111024479e-06,25.22222222222222
5.088648353970711e-06,25.333333333333332
2.6802151745463015e-06,25.444444444444443
4.404423976329894e-06,25.555555555555554
5.308787301196414e-06,25.666666666666664
2.509099496943735e-06,25.777777777777775
2.249505107606178e-06,25.888888888888886
4.9358670143514175e-06,26.0
3.1310662228176566e-06,26.11111111111111
1.7865672135531565e-06,26.22222222222222
5.19998075963416e-06,26.333333333333332
4.6270929599786234e-06,26.444444444444443
5.6780881615742795e-06,26.555555555555554
6.484458761116585e-06,26.666666666666664
3.8462227376293306e-06,26.777777777777775
7.752376423587263e-06,26.888888888888886
5.050193932028579e-06,27.0
2.2890880532383047e-06,27.11111111111111
1.5309939388344355e-06,27.22222222222222
1.8678388269772521e-06,27.333333333333332
2.0751650865799773e-06,27.444444444444443
1.883478221595683e-06,27.555555555555554
2.137113824230097e-06,27.666666666666664
2.5608452216246116e-06,27.777777777777775
5.777986250333739e-06,27.888888888888886
3.3704045939812813e-06,28.0
8.600880679985195e-06,28.11111111111111
4.1446658157360104e-07,28.22222222222222
2.6747339695535787e-06,28.333333333333332
4.708741656844563e-06,28.444444444444443
4.185896282403035e-06,28.555555555555554
2.668759961493104e-06,28.666666666666664
1.2520562195101817e-06,28.777777777777775
1.1519007887668305e-07,28.888888888888886
1.737780763154882e-06,29.0
1.985532635034799e-06,29.11111111111111
2.9139623137132428e-06,29.22222222222222
5.367670810391544e-06,29.333333333333332
3.074520295762063e-06,29.444444444444443
8.139246255728765e-07,29.555555555555554
6.977505309412218e-06,29.666666666666664
1.2989333777984486e-06,29.777777777777775
3.5924376819904897e-06,29.888888888888886
4.491901482973126e-06,30.0
2.8186972690354292e-06,30.11111111111111
3.850226920383619e-06,30.22222222222222
5.653420112261143e-07,30.333333333333332
1.2323931291469429e-06,30.444444444444443
3.721692295104836e-06,30.555555555555554
1.0600619997911242e-06,30.666666666666664
3.37927393699622e-06,30.777777777777775
4.663290893971784e-06,30.888888888888886
1.546205764147978e-06,31.0
2.0212755045163493e-06,31.11111111111111
6.383575340865863e-06,31.22222222222222
4.095199409098079e-06,31.333333333333332
5.690010973151629e-06,31.444444444444443
1.959690869292407e-06,31.555555555555554
1.6499259572042562e-06,31.666666666666664
3.98184210536553e-06,31.777777777777775
2.562049681325794e-06,31.888888888888886
1.9138426258336555e-06,32.0
4.287843580059154e-06,32.11111111111111
3.646136052997562e-06,32.22222222222222
2.808118938571553e-06,32.33333333333333
3.598426111047378e-06,32.44444444444444
2.7597399126384388e-06,32.55555555555556
5.716952794779539e-06,32.666666666666664
2.98661359885003e-06,32.77777777777778
1.8043059156358365e-06,32.888888888888886
6.353602600486382e-06,33.0
5.057203950890132e-06,33.11111111111111
3.811639030617554e-06,33.22222222222222
6.253945859520848e-07,33.33333333333333
2.1753972735116525e-06,33.44444444444444
3.50585220075115e-06,33.55555555555556
1.1543292322937392e-06,33.666666666666664
2.457217441364081e-06,33.77777777777778
2.504423241171458e-06,33.888888888888886
4.179559039917581e-06,34.0
2.0146495306080134e-06,34.11111111111111
7.4334276910140705e-06,34.22222222222222
2.274329524825081e-06,34.33333333333333
3.962678392339965e-06,34.44444444444444
2.129719629528186e-06,34.55555555555556
3.2399622708079335e-06,34.666666666666664
3.851262383415734e-06,34.77777777777778
2.0001431131808218e-06,34.888888888888886
1.1742478012499626e-06,35.0
2.9938912558745513e-06,35.11111111111111
8.461506917050605e-07,35.22222222222222
1.445890040369828e-06,35.33333333333333
4.9396477384908135e-06,35.44444444444444
2.8066561467136233e-06,35.55555555555556
2.6636395983650196e-06,35.666666666666664
4.354558223750122e-06,35.77777777777778
1.5514595560112595e-06,35.888888888888886
4.925580042816481e-06,36.0
3.3515314403496515e-06,36.11111111111111
3.475522624104631e-07,36.22222222222222
2.4432864067282844e-06,36.33333333333333
9.391108514121236e-07,36.44444444444444
7.318435874099111e-07,36.55555555555555
2.7392202987592987e-06,36.666666666666664
1.5373846628841043e-06,36.77777777777778
2.536208550541441e-06,36.888888888888886
4.633848140822306e-06,37.0
1.075695357762141e-06,37.11111111111111
3.571434036180136e-06,37.22222222222222
2.4693189400268233e-06,37.33333333333333
2.7140210212676507e-06,37.44444444444444
4.493353340382498e-06,37.55555555555555
2.6589196715124756e-06,37.666666666666664
1.2638511744273133e-06,37.77777777777778
2.049881305345209e-06,37.888888888888886
1.6768358249096487e-06,38.0
2.0140151530945546e-06,38.11111111111111
2.84651645708283e-06,38.22222222222222
3.4300547659939425e-06,38.33333333333333
3.8094783060465012e-06,38.44444444444444
2.3367069104825283e-06,38.55555555555555
9.345112404036254e-07,38.666666666666664
4.58100797111811e-06,38.77777777777778
1.531906911395057e-06,38.888888888888886
1.7901739116526545e-06,39.0
3.9209377610166875e-06,39.11111111111111
3.823790216050277e-06,39.22222222222222
4.21603844413311e-06,39.33333333333333
1.117629058567663e-06,39.44444444444444
1.502426153865638e-06,39.55555555555555
3.98384436347942e-06,39.666666666666664
1.5990448459507555e-06,39.77777777777778
2.313464007848514e-06,39.888888888888886
3.106883156126982e-06,40.0
2.4529982337696373e-06,40.11111111111111
8.100863310643988e-07,40.22222222222222
5.3572607422758876e-06,40.33333333333333
2.697187274986952e-06,40.44444444444444
4.813254228521041e-06,40.55555555555555
1.276852531333934e-06,40.666666666666664
1.514584095436843e-06,40.77777777777778
3.491716228864686e-06,40.888888888888886
2.8280332698455923e-06,41.0
2.28905570172325e-06,41.11111111111111
3.3025210273567286e-06,41.22222222222222
2.1239371018987476e-06,41.33333333333333
9.552089130984623e-07,41.44444444444444
4.092049786623015e-06,41.55555555555555
2.1732262518944463e-06,41.666666666666664
3.2732467527324485e-06,41.77777777777778
2.469184728138178e-06,41.888888888888886
8.24624188993224e-07,42.0
4.697039005035517e-06,42.11111111111111
3.816201483862998e-06,42.22222222222222
2.372215369519007e-06,42.33333333333333
8.746555871216191e-07,42.44444444444444
1.2434122438803424e-06,42.55555555555555
2.4253286003151194e-06,42.666666666666664
1.3707223333973822e-06,42.77777777777778
1.5679066983323217e-06,42.888888888888886
2.267249200795768e-06,43.0
3.90759247592643e-06,43.11111111111111
1.2341989229283135e-06,43.22222222222222
3.958326421318301e-06,43.33333333333333
7.579854325754908e-08,43.44444444444444
2.933816063432123e-06,43.55555555555555
2.4562744662591883e-06,43.666666666666664
2.272570792114776e-06,43.77777777777778
2.533402514320144e-06,43.888888888888886
1.4645455083220735e-06,44.0
2.542594293053999e-07,44.11111111111111
2.2106151492236115e-06,44.22222222222222
1.2023527156048779e-06,44.33333333333333
2.3582854279698994e-06,44.44444444444444
4.2618253055319615e-06,44.55555555555555
1.3977222726564045e-06,44.666666666666664
5.731721543295991e-07,44.77777777777778
3.06898340703706e-06,44.888888888888886
1.1519360021079288e-06,45.0
2.9266010297263573e-06,45.11111111111111
2.066881632402536e-06,45.22222222222222
1.777345375073902e-06,45.33333333333333
3.402833342698514e-06,45.44444444444444
1.610959830941469e-06,45.55555555555555
9.225229008539283e-07,45.666666666666664
3.4184267434111437e-06,45.77777777777778
2.1706626100628434e-06,45.888888888888886
2.13446795542927e-06,46.0
3.3313658762598564e-06,46.11111111111111
9.54009649594574e-07,46.22222222222222
6.769047814727666e-07,46.33333333333333
3.2468048360342156e-06,46.44444444444444
2.1154929674381226e-06,46.55555555555555
4.303232489177505e-06,46.666666666666664
2.1270975058011963e-06,46.77777777777778
8.938409450578836e-07,46.888888888888886
2.10719980656573e-06,47.0
2.5058961920351033e-06,47.11111111111111
2.98400213914033e-06,47.22222222222222
2.911567251556243e-06,47.33333333333333
2.7014667980059372e-06,47.44444444444444
2.3331724815032887e-06,47.55555555555555
2.9145353939721145e-06,47.666666666666664
1.4674412006672613e-06,47.77777777777778
2.990353898115578e-06,47.888888888888886
1.6520102576381422e-06,48.0
1.0779661652700727e-06,48.11111111111111
3.32611994909658e-06,48.22222222222222
3.5218323181258217e-06,48.33333333333333
3.5848803843717646e-06,48.44444444444444
1.4205660123166825e-06,48.55555555555555
1.094231810102412e-06,48.666666666666664
3.3302959973110854e-06,48.77777777777778
1.2447107312198298e-06,48.888888888888886
1.2001460610365642e-06,49.0
2.4593376593214132e-06,49.11111111111111
2.784651647774986e-06,49.22222222222222
1.0930804584058766e-06,49.33333333333333
3.619492425863961e-06,49.44444444444444
9.465513697908325e-07,49.55555555555555
3.682699363291703e-06,49.666666666666664
1.060972677952035e-06,49.77777777777777
9.862652052816612e-07,49.888888888888886
2.6183458616934636e-06,50.0
2.41331269358955e-06,50.11111111111111
1.6961737604676065e-06,50.22222222222222
2.180870711838901e-06,50.33333333333333
8.160188675811462e-07,50.44444444444444
8.857029123028352e-07,50.55555555555555
3.995778627295292e-06,50.666666666666664
9.822771297797352e-07,50.77777777777777
1.2704033727064355e-06,50.888888888888886
1.8602100105803627e-06,51.0
8.95502633308833e-07,51.11111111111111
3.1466475413172423e-06,51.22222222222222
2.1312299813868622e-06,51.33333333333333
1.1814639650139073e-06,51.44444444444444
1.980682791145151e-06,51.55555555555555
1.310010403968136e-06,51.666666666666664
1.7535932057158572e-06,51.77777777777777
2.182095073712989e-06,51.888888888888886
2.0447625244605935e-06,52.0
2.27311295594867e-06,52.11111111111111
2.970752294997101e-06,52.22222222222222
2.9028270813786067e-08,52.33333333333333
1.366176306424651e-06,52.44444444444444
1.6194565365171856e-06,52.55555555555555
1.94854158290126e-06,52.666666666666664
2.8729243508706077e-06,52.77777777777777
2.0587565770439437e-06,52.888888888888886
1.8733359543876062e-06,53.0
1.0100660921739752e-06,53.11111111111111
1.1770711139324398e-06,53.22222222222222
2.9538891407984228e-06,53.33333333333333
2.293146483562268e-06,53.44444444444444
2.3324132078522833e-06,53.55555555555555
3.2467898043373015e-06,53.666666666666664
1.6760459177512618e-06,53.77777777777777
9.481007120556615e-07,53.888888888888886
2.308892658051557e-06,54.0
1.3681834475108274e-06,54.11111111111111
1.8152992858341331e-06,54.22222222222222
1.6621841711954e-06,54.33333333333333
2.2782968276061722e-06,54.44444444444444
3.4807688544380135e-06,54.55555555555555
2.2718592772361674e-06,54.666666666666664
1.4159993211045462e-06,54.77777777777777
3.290177892755751e-06,54.888888888888886
2.0846302339976377e-06,55.0
1.3088885717787962e-06,55.11111111111111
2.451588812143748e-06,55.22222222222222
1.6807321773712704e-06,55.33333333333333
6.104647953992572e-07,55.44444444444444
2.958262032291161e-06,55.55555555555555
1.055869925039983e-06,55.666666666666664
3.675734791371115e-06,55.77777777777777
1.6331091385730544e-06,55.888888888888886
5.728209743757494e-07,56.0
1.6950823455878477e-06,56.11111111111111
2.5811967140073824e-06,56.22222222222222
2.9915488711264667e-06,56.33333333333333
2.162167242009304e-06,56.44444444444444
1.443070431004282e-06,56.55555555555555
1.1218943236225568e-06,56.666666666666664
3.1818414697823918e-06,56.77777777777777
1.043730860062523e-06,56.888888888888886
1.542026799672443e-06,57.0
1.285088274818795e-06,57.11111111111111
1.0894213718926474e-06,57.22222222222222
2.5238849560668497e-06,57.33333333333333
2.3656743790430513e-06,57.44444444444444
2.451187838275253e-06,57.55555555555555
1.6033785280457197e-06,57.666666666666664
4.0275763888527664e-07,57.77777777777777
2.4647408550646756e-06,57.888888888888886
1.2408460506656093e-06,58.0
1.1997699412222964e-06,58.11111111111111
2.418543998036194e-06,58.22222222222222
2.271492364399441e-06,58.33333333333333
4.611054694379151e-07,58.44444444444444
1.8702063765538252e-06,58.55555555555555
6.245228710528347e-07,58.666666666666664
2.4084378020523854e-06,58.77777777777777
1.3512493506885016e-06,58.888888888888886
1.1568794756529522e-06,59.0
2.029504171308872e-06,59.11111111111111
1.7492891222534615e-06,59.22222222222222
6.887096385587716e-07,59.33333333333333
2.222388177570336e-06,59.44444444444444
1.787935461908597e-06,59.55555555555555
1.389388074696741e-06,59.666666666666664
3.3640716421001192e-06,59.77777777777777
6.541259400310395e-07,59.888888888888886
8.215574484143384e-07,60.0
1.6417384624047181e-06,60.11111111111111
1.1799153989355202e-06,60.22222222222222
2.016347247214076e-06,60.33333333333333
7.65841741058231e-07,60.44444444444444
9.918405293996546e-07,60.55555555555555
2.4449401700300763e-06,60.666666666666664
2.1450616374577875e-06,60.77777777777777
2.083491621606472e-06,60.888888888888886
2.5769067101071393e-06,61.0
2.2644426975631563e-06,61.11111111111111
1.9761796691799963e-06,61.22222222222222
2.0517203752870545e-06,61.33333333333333
8.676133566610489e-07,61.44444444444444
4.2080098766515384e-07,61.55555555555555
2.24420563802574e-06,61.666666666666664
1.0170429693772626e-06,61.77777777777777
2.9045414289123775e-06,61.888888888888886
1.8886625908346392e-06,62.0
1.593504019334178e-06,62.11111111111111
6.549849997161016e-07,62.22222222222222
1.709063107376837e-06,62.33333333333333
3.401738613852339e-06,62.44444444444444
2.37814153676597e-06,62.55555555555555
1.5167098350434e-06,62.666666666666664
2.1216585315752035e-06,62.77777777777777
2.2068346824037357e-06,62.888888888888886
1.230941343241208e-06,63.0
1.5655008603483768e-06,63.11111111111111
1.1183283127633649e-06,63.22222222222222
1.3945196231044905e-06,63.33333333333333
1.5342215906581476e-06,63.44444444444444
1.852807832591075e-06,63.55555555555555
2.8341914200750845e-06,63.666666666666664
2.422107237733992e-06,63.77777777777777
1.21017825200282e-06,63.888888888888886
2.55631519848353e-06,64.0
1.5961892482603045e-06,64.11111111111111
4.057639744050212e-07,64.22222222222221
2.1979367608396855e-06,64.33333333333333
1.5871321423553919e-06,64.44444444444444
6.203076033942561e-07,64.55555555555556
2.0925244882934387e-06,64.66666666666666
1.3790919995835394e-07,64.77777777777777
2.6441281166613457e-06,64.88888888888889
9.292876611795408e-07,65.0
5.834601838409872e-07,65.11111111111111
1.3401085718979663e-06,65.22222222222221
2.1866382921986364e-06,65.33333333333333
2.2611839938899736e-06,65.44444444444444
1.4150594982890788e-06,65.55555555555556
1.3011572227087728e-06,65.66666666666666
8.223770748502724e-07,65.77777777777777
2.8466783622588103e-06,65.88888888888889
1.365089969730964e-07,66.0
9.95015996515683e-07,66.11111111111111
1.1786092482824896e-06,66.22222222222221
1.1357297780597552e-06,66.33333333333333
1.722599977052575e-06,66.44444444444444
9.815156944072198e-07,66.55555555555556
1.3757599467404427e-06,66.66666666666666
1.6238837445412275e-06,66.77777777777777
1.0879061984324665e-06,66.88888888888889
2.354706327146034e-06,67.0
1.8300477716842426e-06,67.11111111111111
1.6281640687926604e-06,67.22222222222221
2.367050915144154e-06,67.33333333333333
1.4715253783823966e-06,67.44444444444444
4.235841053541235e-07,67.55555555555556
8.778851435591782e-07,67.66666666666666
1.6132215747270014e-06,67.77777777777777
1.2571606564155747e-06,67.88888888888889
1.8118718810209125e-06,68.0
1.4584489779194811e-06,68.11111111111111
1.8153822919764486e-06,68.22222222222221
1.272868145731826e-06,68.33333333333333
2.1746388363021866e-07,68.44444444444444
2.833604850598745e-06,68.55555555555556
2.5022950702040467e-06,68.66666666666666
1.2428574804015795e-06,68.77777777777777
2.439665074908034e-06,68.88888888888889
1.4025971497908182e-06,69.0
1.4651870271338081e-06,69.11111111111111
1.4875200322640138e-06,69.22222222222221
1.036308583367136e-06,69.33333333333333
1.4214507816041907e-06,69.44444444444444
6.519919107667333e-07,69.55555555555556
9.68808054866077e-07,69.66666666666666
2.258790133925003e-06,69.77777777777777
2.633624268295329e-06,69.88888888888889
2.309689022720343e-06,70.0
2.2504850362051385e-06,70.11111111111111
1.9111095782085116e-06,70.22222222222221
1.3765917818017758e-06,70.33333333333333
1.6184033535001272e-06,70.44444444444444
1.1247533058232482e-06,70.55555555555556
7.992219032534341e-07,70.66666666666666
2.0778008494994456e-06,70.77777777777777
1.709561567436512e-07,70.88888888888889
2.4221639127924733e-06,71.0
1.2474898362009972e-06,71.11111111111111
1.3251908356079038e-06,71.22222222222221
5.762352822512661e-07,71.33333333333333
1.7291408377432042e-06,71.44444444444444
3.094285579541209e-06,71.55555555555556
1.7328091675832657e-06,71.66666666666666
6.73808480698952e-07,71.77777777777777
1.280164791051874e-06,71.88888888888889
2.119719453952434e-06,72.0
7.729392631987248e-07,72.1111111111111
1.1637970247429967e-06,72.22222222222221
8.969472514761822e-07,72.33333333333333
1.1430480026843238e-06,72.44444444444444
1.2287191674188323e-06,72.55555555555556
9.138313955205171e-07,72.66666666666666
1.8810236728262419e-06,72.77777777777777
2.102785913073888e-06,72.88888888888889
4.991153736898616e-07,73.0
2.0335232738836956e-06,73.1111111111111
1.624715258915879e-06,73.22222222222221
4.854682917422333e-07,73.33333333333333
2.183315201336876e-06,73.44444444444444
1.0121684710119526e-06,73.55555555555556
6.020568860695211e-07,73.66666666666666
1.2431124757687432e-06,73.77777777777777
1.0749166977880549e-06,73.88888888888889
1.5153993437675156e-06,74.0
9.001382290240118e-07,74.1111111111111
9.903944260035766e-07,74.22222222222221
1.2979186872220935e-06,74.33333333333333
1.7641660074168489e-06,74.44444444444444
1.3472045646982474e-06,74.55555555555556
1.6391514797319817e-06,74.66666666666666
2.149356692085397e-06,74.77777777777777
1.1251989016562762e-06,74.88888888888889
2.122297742551353e-06,75.0
7.449679598734111e-07,75.1111111111111
1.6375920426600258e-06,75.22222222222221
1.3691774017609545e-06,75.33333333333333
9.62314866902204e-07,75.44444444444444
1.2002760797411105e-06,75.55555555555556
1.4481780418792307e-07,75.66666666666666
7.184862753133612e-07,75.77777777777777
1.3960681683272031e-06,75.88888888888889
1.897914303300141e-06,76.0
2.7310425878550063e-06,76.1111111111111
2.040376497765644e-06,76.22222222222221
1.5595020517240431e-06,76.33333333333333
2.0317143117891034e-06,76.44444444444444
9.732001585875266e-07,76.55555555555556
9.577305266930588e-07,76.66666666666666
9.130705672843662e-07,76.77777777777777
1.8994092666608821e-06,76.88888888888889
4.4074525733376177e-07,77.0
1.9239400525759226e-06,77.1111111111111
1.2019442992963797e-06,77.22222222222221
1.6120236337773912e-06,77.33333333333333
1.1830540627282842e-06,77.44444444444444
7.037311789848994e-07,77.55555555555556
2.9566906253985233e-06,77.66666666666666
2.409493853917885e-06,77.77777777777777
5.796248440904204e-07,77.88888888888889
1.5279677332794986e-06,78.0
1.5718622292022355e-06,78.1111111111111
1.4282444366478637e-06,78.22222222222221
1.2704530052487834e-06,78.33333333333333
7.047314582490319e-07,78.44444444444444
1.0531705614863375e-06,78.55555555555556
8.255699114646586e-07,78.66666666666666
5.267336937229648e-07,78.77777777777777
1.6579469765757122e-06,78.88888888888889
2.5584669911283987e-06,79.0
1.9201951629136147e-06,79.1111111111111
1.5075825026462197e-06,79.22222222222221
1.5860269504250986e-06,79.33333333333333
7.023846193477332e-07,79.44444444444444
1.5503450564879346e-06,79.55555555555556
8.208087220054996e-07,79.66666666666666
9.568503157788186e-07,79.77777777777777
1.4793000572451731e-06,79.88888888888889
5.511859660349946e-07,80.0
1.6086741959135134e-06,80.1111111111111
5.086317053636145e-07,80.22222222222221
1.167841858145371e-06,80.33333333333333
7.192716585839548e-07,80.44444444444444
1.5046093361024393e-06,80.55555555555556
2.342469890345126e-06,80.66666666666666
1.0150979100647807e-06,80.77777777777777
1.2817323550906769e-06,80.88888888888889
1.1808777512706987e-06,81.0
1.5424326823096041e-06,81.1111111111111
1.5080577171451456e-07,81.22222222222221
1.5860049957241727e-06,81.33333333333333
1.190099766941595e-06,81.44444444444444
8.687546158353615e-07,81.55555555555556
9.270273594825363e-07,81.66666666666666
4.675838195504514e-08,81.77777777777777
1.0514492938788765e-06,81.88888888888889
1.476762075491625e-06,82.0
5.601338787104774e-07,82.1111111111111
2.312047931717048e-06,82.22222222222221
2.0437622573837305e-06,82.33333333333333
7.119652308718224e-07,82.44444444444444
2.0180759936088624e-06,82.55555555555556
5.712070291736455e-07,82.66666666666666
1.1287732696446e-06,82.77777777777777
8.658970756288634e-07,82.88888888888889
1.5579716218160748e-06,83.0
7.086674777003773e-07,83.1111111111111
1.4089756458833216e-06,83.22222222222221
1.027818133636455e-06,83.33333333333333
1.2668140728817222e-06,83.44444444444444
1.6356085958951304e-06,83.55555555555556
8.462091723970768e-07,83.66666666666666
2.0426960291285345e-06,83.77777777777777
2.501765864634418e-06,83.88888888888889
1.160621428753937e-06,84.0
1.3032002897931294e-06,84.1111111111111
1.172879454108367e-06,84.22222222222221
1.902454890600365e-06,84.33333333333333
1.3907805178510858e-06,84.44444444444444
5.840533927733962e-07,84.55555555555556
8.925272870266838e-07,84.66666666666666
6.43259645693914e-07,84.77777777777777
3.832710597075315e-07,84.88888888888889
9.648946900378826e-07,85.0
2.2419158491817333e-06,85.1111111111111
2.717778373155842e-06,85.22222222222221
1.6050187819511989e-06,85.33333333333333
1.1975194733794229e-06,85.44444444444444
1.4663410364848472e-06,85.55555555555556
8.742944746522126e-07,85.66666666666666
9.755135766442352e-07,85.77777777777777
1.0669431153716056e-06,85.88888888888889
1.611598923863647e-06,86.0
8.936169406350576e-08,86.1111111111111
1.5792746714616852e-06,86.22222222222221
4.525746493504e-07,86.33333333333333
1.3537278723949022e-06,86.44444444444444
1.177118233166372e-06,86.55555555555556
7.58747019406913e-07,86.66666666666666
2.524034795966414e-06,86.77777777777777
1.7816271670471456e-06,86.88888888888889
3.3977063486845674e-07,87.0
1.0379537183077841e-06,87.1111111111111
1.1507291845243086e-06,87.22222222222221
9.0220277497702e-07,87.33333333333333
1.343193247715779e-06,87.44444444444444
8.647997320710798e-07,87.55555555555556
7.506431813261182e-07,87.66666666666666
7.710855832542318e-07,87.77777777777777
1.8499380993312505e-07,87.88888888888889
1.0056660771094852e-06,88.0
2.016883551219986e-06,88.1111111111111
1.057917628729018e-06,88.22222222222221
1.2940120229012287e-06,88.33333333333333
1.870284286958149e-06,88.44444444444444
2.6620238469819767e-07,88.55555555555556
1.4604467150649892e-06,88.66666666666666
3.737982286359118e-07,88.77777777777777
1.3716986741609227e-06,88.88888888888889
8.602261001845132e-07,89.0
1.0111795514368646e-06,89.1111111111111
8.957166763046705e-07,89.22222222222221
1.0135608447208877e-06,89.33333333333333
1.0957661734717226e-06,89.44444444444444
7.34370772748025e-07,89.55555555555556
1.4317911733702841e-06,89.66666666666666
1.6824610094822016e-06,89.77777777777777
1.0032656991054427e-06,89.88888888888889
1.9137308159552864e-06,90.0
1.409874385668404e-06,90.1111111111111
8.283505601124245e-07,90.22222222222221
7.176342832397773e-07,90.33333333333333
1.9782003205491144e-06,90.44444444444444
1.4612955044208344e-06,90.55555555555556
6.30690368295388e-07,90.66666666666666
7.814214455766291e-07,90.77777777777777
6.335469482147044e-07,90.88888888888889
5.78829523795645e-07,91.0
7.371735431401427e-07,91.1111111111111
1.2458382271277515e-06,91.22222222222221
2.6380470929835833e-06,91.33333333333333
2.0898573184676105e-06,91.44444444444444
4.969772366476844e-07,91.55555555555556
1.6147560657788813e-06,91.66666666666666
6.040954160616202e-07,91.77777777777777
1.3991301002462452e-06,91.88888888888889
8.465125083750689e-07,92.0
1.537991125474226e-06,92.1111111111111
5.028039889970023e-07,92.22222222222221
1.541143991829268e-06,92.33333333333333
5.380479942450825e-07,92.44444444444444
1.1164849543424998e-06,92.55555555555556
1.6272655190740961e-06,92.66666666666666
7.298991602846332e-07,92.77777777777777
1.9802786955985726e-06,92.88888888888889
2.235269356019755e-06,93.0
9.598302047190708e-07,93.1111111111111
6.498914869126844e-07,93.22222222222221
1.030683558812928e-06,93.33333333333333
1.6080584344445226e-06,93.44444444444444
1.2348525730343673e-06,93.55555555555556
3.5832024833182213e-07,93.66666666666666
6.409622563784822e-07,93.77777777777777
7.705638960433644e-07,93.88888888888889
3.426155309677373e-07,94.0
5.651760089542334e-07,94.1111111111111
2.0632389127013193e-06,94.22222222222221
2.105129147818805e-06,94.33333333333333
7.636958906721195e-07,94.44444444444444
1.3051920451428193e-06,94.55555555555556
9.06960477418778e-07,94.66666666666666
7.536445097416787e-07,94.77777777777777
5.979224698923166e-07,94.88888888888889
1.3655341496446018e-06,95.0
1.0520170993855323e-06,95.1111111111111
3.073036840511496e-07,95.22222222222221
1.013454978056388e-06,95.33333333333333
6.834290738313167e-07,95.44444444444444
1.2019503396808898e-06,95.55555555555556
9.712279882172968e-07,95.66666666666666
7.350326458605024e-07,95.77777777777777
1.932160027217682e-06,95.88888888888889
1.1494947386655866e-06,96.0
1.0181123798702916e-06,96.1111111111111
1.1454785011229188e-06,96.22222222222221
4.579182532178708e-07,96.33333333333333
6.558789526110925e-07,96.44444444444444
1.6279806329402017e-06,96.55555555555556
1.280301006140777e-06,96.66666666666666
7.791647472059338e-07,96.77777777777777
8.022779467907375e-07,96.88888888888889
6.715100675089219e-07,97.0
6.192968515126311e-07,97.1111111111111
1.249610590799096e-06,97.22222222222221
1.5644357435039404e-07,97.33333333333333
1.7882398613058983e-06,97.44444444444444
2.2113317743279264e-06,97.55555555555556
2.8005591372275255e-07,97.66666666666666
1.2201911367728682e-06,97.77777777777777
4.599374940841601e-07,97.88888888888889
1.7525844363316973e-06,98.0
5.060067888351289e-07,98.1111111111111
1.1533089908681158e-06,98.22222222222221
7.585308579163709e-07,98.33333333333333
1.5338730723047432e-06,98.44444444444444
8.107454750812166e-07,98.55555555555556
5.9536331009981e-07,98.66666666666666
1.5375416284527282e-06,98.77777777777777
1.3665132852711035e-06,98.88888888888889
1.1599640326739567e-06,99.0
2.006172274834807e-06,99.1111111111111
1.441193689078091e-06,99.22222222222221
3.405677264946498e-07,99.33333333333333
9.577346631465113e-07,99.44444444444444
1.9043546073775576e-06,99.55555555555554
1.3994996499899558e-06,99.66666666666666
4.001741098520458e-07,99.77777777777777
6.215539047185521e-07,99.88888888888889
8.453835700598866e-07,100.0
4.393161203756769e-07,100.1111111111111
6.557309829772688e-08,100.22222222222221
1.5315798101173265e-06,100.33333333333333
2.4283161782082246e-06,100.44444444444444
1.5810410353376416e-06,100.55555555555554
5.199610416733424e-07,100.66666666666666
1.0829828357277605e-06,100.77777777777777
4.927053113114607e-07,100.88888888888889
1.2290639966678222e-06,101.0
1.0119150942080943e-06,101.1111111111111
1.1699312608755277e-06,101.22222222222221
3.986148557825821e-07,101.33333333333333
1.2081271520954578e-06,101.44444444444444
3.028141268463402e-07,101.55555555555554
1.069837871174796e-06,101.66666666666666
1.4287326288825634e-06,101.77777777777777
4.516909746962286e-07,101.88888888888889
1.5838527430461607e-06,102.0
1.673588996242152e-06,102.1111111111111
8.104715979269687e-07,102.22222222222221
4.986416804554041e-07,102.33333333333333
4.7450479922308737e-07,102.44444444444444
1.1702641115748476e-06,102.55555555555554
1.1451294259543918e-06,102.66666666666666
7.343259411987585e-07,102.77777777777777
8.00407489818783e-07,102.88888888888889
9.244080230782786e-07,103.0
6.493075993889652e-07,103.1111111111111
5.162432018978174e-07,103.22222222222221
1.5146705667000355e-06,103.33333333333333
1.125632567178699e-06,103.44444444444444
5.683189707443745e-07,103.55555555555554
1.8026769788759568e-06,103.66666666666666
6.889934783593311e-07,103.77777777777777
5.724944658049313e-07,103.88888888888889
2.0921020040353898e-07,104.0
1.7590661134230722e-06,104.1111111111111
5.685941020779935e-07,104.22222222222221
5.184542402893465e-07,104.33333333333333
7.192934084656372e-07,104.44444444444444
1.4530784286646767e-06,104.55555555555554
1.075171770517563e-06,104.66666666666666
5.25982804046652e-07,104.77777777777777
9.707325178748398e-07,104.88888888888889
1.5766712423506737e-06,105.0
9.211135519043464e-07,105.1111111111111
1.3339567849369982e-06,105.22222222222221
1.3186329365175583e-06,105.33333333333333
3.85089506896921e-07,105.44444444444444
9.965658006288732e-07,105.55555555555554
1.69466665017689e-06,105.66666666666666
1.4399452513234617e-06,105.77777777777777
9.60602990385633e-07,105.88888888888889
8.199633039763374e-07,106.0
8.76716120278856e-07,106.1111111111111
5.196522373265464e-07,106.22222222222221
5.571833887917325e-07,106.33333333333333
6.79095497091813e-07,106.44444444444444
2.0139477052915327e-06,106.55555555555554
2.094157053777533e-06,106.66666666666666
4.367661312173193e-07,106.77777777777777
8.538703352510396e-07,106.88888888888889
5.161590297085893e-07,107.0
1.7670794766188233e-06,107.1111111111111
4.798739909138634e-07,107.22222222222221
9.970591302429537e-07,107.33333333333333
8.24407857640384e-07,107.44444444444444
1.525669027763219e-06,107.55555555555554
2.3731865260871633e-07,107.66666666666666
6.880505140892385e-07,107.77777777777777
1.5101492405523488e-06,107.88888888888889
1.0666207895340524e-06,108.0
9.784942230896599e-07,108.1111111111111
1.6907734069382553e-06,108.22222222222221
1.2370502287623039e-06,108.33333333333333
2.303748446288667e-07,108.44444444444444
7.535349771270333e-07,108.55555555555554
1.503906836911367e-06,108.66666666666666
1.0703747918824257e-06,108.77777777777777
8.814440267837905e-08,108.88888888888889
6.211694631891903e-07,109.0
1.0192583840472868e-06,109.1111111111111
5.802628821653325e-07,109.22222222222221
4.082272459104949e-07,109.33333333333333
1.3808189762036729e-06,109.44444444444444
1.6960846120489596e-06,109.55555555555554
7.306118033292455e-07,109.66666666666666
1.1222088731075689e-06,109.77777777777777
6.919989020560259e-07,109.88888888888889
8.057440967360435e-08,110.0
7.987156753177959e-07,110.1111111111111
1.3508827656561464e-06,110.22222222222221
7.526745259184526e-07,110.33333333333333
3.394195228996635e-07,110.44444444444444
6.67631707562208e-07,110.55555555555554
1.1528536504319178e-06,110.66666666666666
1.1798516018161923e-06,110.77777777777777
9.644395263745288e-07,110.88888888888889
2.3945583016015817e-07,111.0
1.2753456249908215e-06,111.1111111111111
1.2493667487554728e-06,111.22222222222221
8.186896196754834e-07,111.33333333333333
7.128605202676201e-07,111.44444444444444
3.045653047664986e-07,111.55555555555554
1.1799317588404442e-06,111.66666666666666
1.1395305431238038e-06,111.77777777777777
1.0643544868739531e-06,111.88888888888889
1.2252952185847593e-06,112.0
1.1473481022681653e-06,112.1111111111111
8.120589735062709e-07,112.22222222222221
6.090767130091822e-07,112.33333333333333
8.643081427079439e-07,112.44444444444444
1.9142607922653457e-07,112.55555555555554
1.1200497583254505e-06,112.66666666666666
2.0183260319637633e-06,112.77777777777777
7.98895848634155e-07,112.88888888888889
5.26024661167488e-07,113.0
2.7953443323188046e-07,113.1111111111111
1.9186168633930805e-06,113.22222222222221
3.9322758321188513e-07,113.33333333333333
6.444476516979016e-07,113.44444444444444
8.210726299044504e-07,113.55555555555554
1.7628790741780364e-06,113.66666666666666
7.480649280657658e-07,113.77777777777777
1.9965765292279637e-07,113.88888888888889
1.1974966767809904e-06,114.0
1.345857628022334e-06,114.1111111111111
7.861468653051881e-07,114.22222222222221
1.2744398819231867e-06,114.33333333333333
1.2691779227230816e-06,114.44444444444444
7.088037604290661e-07,114.55555555555554
1.1314525335594953e-06,114.66666666666666
1.4264499266843396e-06,114.77777777777777
1.2452730238064936e-06,114.88888888888889
9.145641739508153e-07,115.0
6.377714552693424e-07,115.1111111111111
9.612798068516982e-07,115.22222222222221
5.973876045796607e-07,115.33333333333333
3.636354996878931e-07,115.44444444444444
9.869019126211366e-07,115.55555555555554
1.6894682678618984e-06,115.66666666666666
1.4972090112253915e-06,115.77777777777777
7.718500579809606e-07,115.88888888888889
4.380037322438998e-07,116.0
2.391496810350723e-07,116.1111111111111
1.4235472670617475e-06,116.22222222222221
7.053656205159133e-07,116.33333333333333
6.842786521738961e-07,116.44444444444444
8.011471028774174e-07,116.55555555555554
1.0709494118064806e-06,116.66666666666666
5.900794728683891e-07,116.77777777777777
1.0671362328187753e-06,116.88888888888889
1.2040831268437683e-06,117.0
5.346683175685867e-07,117.1111111111111
6.906087504993829e-07,117.22222222222221
1.324833620594989e-06,117.33333333333333
9.334246494351863e-07,117.44444444444444
1.1605627570338264e-07,117.55555555555554
4.066322787006002e-07,117.66666666666666
1.2561162536411393e-06,117.77777777777777
6.999730829282571e-07,117.88888888888889
3.014676284966782e-07,118.0
1.0447422956169497e-06,118.1111111111111
1.3592524037407766e-06,118.22222222222221
7.48502070539139e-07,118.33333333333333
6.179709334815255e-07,118.44444444444444
9.604457881571778e-07,118.55555555555554
7.516686958791448e-07,118.66666666666666
1.3200164911398431e-07,118.77777777777777
1.5543165575101359e-06,118.88888888888889
7.184164598300569e-07,119.0
4.413341885651784e-07,119.1111111111111
4.6188626688038283e-07,119.22222222222221
1.6017492063424976e-06,119.33333333333333
5.954690480525505e-07,119.44444444444444
6.630888942376054e-07,119.55555555555554
4.1457801746470695e-07,119.66666666666666
1.6875030263934401e-06,119.77777777777777
1.1671739257117484e-06,119.88888888888889
3.415683544110469e-07,120.0
6.695861219266949e-07,120.1111111111111
1.1799376076164677e-06,120.22222222222221
1.0473868163193032e-06,120.33333333333333
7.988122160106705e-07,120.44444444444444
8.297357233097067e-07,120.55555555555554
7.718081694360605e-07,120.66666666666666
1.4062306181138311e-06,120.77777777777777
1.00332019671461e-06,120.88888888888889
1.1247468333645231e-06,121.0
1.439730229292676e-06,121.1111111111111
1.132231053566662e-06,121.22222222222221
7.607339700442113e-07,121.33333333333333
6.802040063371137e-07,121.44444444444444
4.023895059449629e-07,121.55555555555554
5.329599757662292e-07,121.66666666666666
1.247843902646898e-06,121.77777777777777
1.7432627671800977e-06,121.88888888888889
9.16288803865067e-07,122.0
5.205184029971388e-07,122.1111111111111
1.7968719683159713e-07,122.22222222222221
1.711556065513565e-06,122.33333333333333
3.782878102413877e-07,122.44444444444444
6.060003894638551e-07,122.55555555555554
8.904260567796198e-07,122.66666666666666
1.5674562500370178e-06,122.77777777777777
2.3042892934946055e-07,122.88888888888889
7.476966352419427e-07,123.0
1.170433458718312e-06,123.1111111111111
9.079787219609767e-07,123.22222222222221
4.2915378571337953e-07,123.33333333333333
1.0724632883950635e-06,123.44444444444444
1.0152820413680327e-06,123.55555555555554
6.89459491588595e-07,123.66666666666666
9.473298597004288e-07,123.77777777777777
1.0704545431163304e-06,123.88888888888889
7.992032568945141e-07,124.0
6.071349063579262e-07,124.1111111111111
5.700262830960381e-07,124.22222222222221
1.2691888719558716e-06,124.33333333333333
8.103354894300929e-07,124.44444444444444
4.822279190048446e-07,124.55555555555554
9.052610195055996e-07,124.66666666666666
9.742399480342932e-07,124.77777777777777
6.741720881689044e-07,124.88888888888889
1.1180606776665098e-06,125.0
2.5277010413193424e-07,125.1111111111111
3.910623678876234e-07,125.22222222222221
9.849010324294595e-07,125.33333333333333
9.6665862422957e-07,125.44444444444444
4.814478986087614e-07,125.55555555555554
9.641322341730717e-07,125.66666666666666
4.6026211811430755e-07,125.77777777777777
1.2156766995034448e-06,125.88888888888889
1.3346768375217302e-06,126.0
7.066504777388442e-07,126.1111111111111
1.4759124838778933e-07,126.22222222222221
7.11925705806008e-07,126.33333333333333
1.1426722891020675e-06,126.44444444444444
6.693983708217608e-07,126.55555555555554
1.582752512541021e-07,126.66666666666666
5.524983380373558e-07,126.77777777777777
1.3875423014643222e-06,126.88888888888889
4.777103219872067e-07,127.0
6.34605504292076e-07,127.1111111111111
1.449259385076991e-06,127.22222222222221
1.5767697284510516e-06,127.33333333333333
6.978540656773089e-07,127.44444444444444
6.533952319377063e-07,127.55555555555554
5.20149521637963e-07,127.66666666666666
1.8712020015925102e-07,127.77777777777777
6.251972545559924e-07,127.88888888888889
1.5734282807823522e-06,128.0
8.717858735605448e-07,128.11111111111111
8.086070175641839e-07,128.22222222222223
4.1218280525066785e-07,128.33333333333331
1.5523773027617242e-06,128.44444444444443
5.923957730078383e-07,128.55555555555554
9.334319091009767e-07,128.66666666666666
5.419114243841887e-07,128.77777777777777
1.7577053057753113e-06,128.88888888888889
8.832604989095656e-07,129.0
3.2489810504198257e-07,129.11111111111111
9.524637765030122e-07,129.22222222222223
9.506433872118406e-07,129.33333333333331
7.629540625150198e-07,129.44444444444443
7.226164300412282e-07,129.55555555555554
7.616893492296316e-07,129.66666666666666
9.117272523477176e-07,129.77777777777777
1.3923312533616682e-06,129.88888888888889
6.920279775141334e-07,130.0
9.058112165847701e-07,130.11111111111111
1.3069230810301244e-06,130.22222222222223
7.704147234295574e-07,130.33333333333331
8.518917056886196e-07,130.44444444444443
8.77046106319112e-07,130.55555555555554
2.749064338433772e-07,130.66666666666666
7.555026004284059e-07,130.77777777777777
9.087481548595263e-07,130.88888888888889
1.095255754757708e-06,131.0
9.889324996974194e-07,131.11111111111111
3.7970525821777064e-07,131.22222222222223
2.2273115821318462e-07,131.33333333333331
1.2763043094051408e-06,131.44444444444443
4.0388781888128005e-07,131.55555555555554
4.255517064995676e-07,131.66666666666666
9.949617618102375e-07,131.77777777777777
1.09758771127626e-06,131.88888888888889
4.713456127990544e-07,132.0
1.183063008445102e-06,132.11111111111111
9.111387468002625e-07,132.22222222222223
2.3743525867749988e-07,132.33333333333331
1.702135751212655e-07,132.44444444444443
9.913529041948584e-07,132.55555555555554
6.87446199741325e-07,132.66666666666666
4.424141501237398e-07,132.77777777777777
6.903709082708328e-07,132.88888888888889
1.0317932311503508e-06,133.0
2.936943359201343e-07,133.11111111111111
4.3570258752560584e-07,133.22222222222223
9.411290143814331e-07,133.33333333333331
1.6452004088759449e-06,133.44444444444443
9.384599040426482e-07,133.55555555555554
4.5000823452819375e-07,133.66666666666666
6.233674422894176e-07,133.77777777777777
1.9545539354410802e-07,133.88888888888889
7.48586274225337e-08,134.0
1.258494559199443e-06,134.11111111111111
4.809703128781525e-07,134.22222222222223
8.65195062490619e-07,134.33333333333331
7.691855034386819e-07,134.44444444444443
1.048249780991923e-06,134.55555555555554
5.179233816871567e-07,134.66666666666666
1.275479391558468e-06,134.77777777777777
1.4946628182989245e-07,134.88888888888889
1.501399761674968e-06,135.0
1.305825991063388e-06,135.11111111111111
3.252822744258513e-07,135.22222222222223
6.779788253544589e-07,135.33333333333331
7.548535342880818e-07,135.44444444444443
9.585316858209923e-07,135.55555555555554
5.205152569325938e-07,135.66666666666666
3.4200390202840275e-07,135.77777777777777
7.741523920354298e-07,135.88888888888889
1.4879240574784803e-06,136.0
3.3754167600450964e-07,136.11111111111111
8.007577075436572e-07,136.22222222222223
1.5468668877986492e-06,136.33333333333331
1.4205854413223678e-06,136.44444444444443
4.419933504889211e-07,136.55555555555554
7.653907792034415e-07,136.66666666666666
2.5821826039654327e-07,136.77777777777777
5.601349329479652e-07,136.88888888888889
6.921110273044782e-07,137.0
1.187596043095503e-06,137.11111111111111
9.069175077746568e-07,137.22222222222223
8.71569311869298e-07,137.33333333333331
4.4511538061321774e-07,137.44444444444443
1.2125569293974842e-06,137.55555555555554
4.758757729649509e-07,137.66666666666666
9.55127615606995e-07,137.77777777777777
6.489121624686866e-07,137.88888888888889
1.4679081359086147e-06,138.0
4.4314235758691184e-07,138.11111111111111
7.969434644297727e-07,138.22222222222223
9.591513517002556e-07,138.33333333333331
4.258136616676822e-07,138.44444444444443
2.9334178984024677e-07,138.55555555555554
7.436424197851337e-07,138.66666666666666
5.565844828282653e-07,138.77777777777777
7.518835830458992e-07,138.88888888888889
1.122987184753171e-06,139.0
4.771386150714462e-07,139.11111111111111
5.085933680959678e-07,139.22222222222223
1.0001843497127226e-06,139.33333333333331
3.0610473877919736e-07,139.44444444444443
1.248173936316206e-06,139.55555555555554
1.1269084255996378e-06,139.66666666666666
1.6340978484911465e-07,139.77777777777777
6.499811839604288e-07,139.88888888888889
3.297891587275395e-07,140.0
3.5286239656124616e-07,140.11111111111111
1.025818917378238e-06,140.22222222222223
1.483159904233296e-07,140.33333333333331
7.088332566091591e-07,140.44444444444443
9.237865139216588e-07,140.55555555555554
4.608218331832282e-07,140.66666666666666
2.835935375455403e-07,140.77777777777777
1.2806684706057385e-06,140.88888888888889
7.567237400882319e-07,141.0
8.923870306669195e-07,141.11111111111111
1.3359098139879584e-06,141.22222222222223
6.430875495825458e-07,141.33333333333331
4.5458341740696767e-07,141.44444444444443
4.7287179616168507e-07,141.55555555555554
9.461862767750927e-07,141.66666666666666
4.342052557465719e-07,141.77777777777777
3.3291192175238926e-07,141.88888888888889
6.213632269011568e-07,142.0
1.179819648133147e-06,142.11111111111111
1.5647065377719946e-07,142.22222222222223
7.673152770303642e-07,142.33333333333331
1.2552499802890778e-06,142.44444444444443
1.7432980573779022e-06,142.55555555555554
8.09863889292731e-07,142.66666666666666
4.486789738284487e-07,142.77777777777777
3.7909477361218527e-07,142.88888888888889
3.7730562533038117e-07,143.0
4.472383309150016e-07,143.11111111111111
1.1016664679409153e-06,143.2222222222222
6.275988357653089e-07,143.33333333333331
1.0810590130995092e-06,143.44444444444443
7.592407527612496e-07,143.55555555555554
8.686623581862741e-07,143.66666666666666
5.216096573664172e-07,143.77777777777777
1.4289618765887559e-06,143.88888888888889
2.533844783270632e-07,144.0
1.4110945973553383e-06,144.11111111111111
1.010871988001638e-06,144.2222222222222
4.934673988539849e-07,144.33333333333331
9.27795075094624e-07,144.44444444444443
4.88277944072634e-07,144.55555555555554
5.682014439493659e-07,144.66666666666666
5.327926253340301e-07,144.77777777777777
3.961118382900199e-07,144.88888888888889
7.483331469330809e-07,145.0
1.3236649941028628e-06,145.11111111111111
1.4805125859772713e-07,145.2222222222222
7.531425175212558e-07,145.33333333333331
1.3362971356212808e-06,145.44444444444443
8.928847926082588e-07,145.55555555555554
5.243559972217475e-07,145.66666666666666
1.0347196251817074e-06,145.77777777777777
1.8659405562603535e-07,145.88888888888889
6.325352366108442e-07,146.0
4.1160104121868545e-07,146.11111111111111
5.783899519022401e-07,146.2222222222222
8.620317130164533e-07,146.33333333333331
6.366288098468703e-07,146.44444444444443
6.45797497220353e-07,146.55555555555554
8.002604202184515e-07,146.66666666666666
2.4047439723612975e-07,146.77777777777777
7.715643686234673e-07,146.88888888888889
8.85292702536755e-07,147.0
1.1417091851156742e-06,147.11111111111111
3.5176695085155185e-07,147.2222222222222
1.0273654762133088e-06,147.33333333333331
8.06240703169695e-07,147.44444444444443
3.1219593876285406e-07,147.55555555555554
2.2155284888502804e-07,147.66666666666666
8.227978711493867e-07,147.77777777777777
3.2935203556012483e-07,147.88888888888889
5.58930020898639e-07,148.0
8.046515526493649e-07,148.11111111111111
6.048428602732942e-07,148.2222222222222
1.0319138071710107e-07,148.33333333333331
9.663521506054668e-07,148.44444444444443
5.72137758911172e-07,148.55555555555554
1.5558861185036204e-06,148.66666666666666
1.2092990640170527e-06,148.77777777777777
1.1246881240470938e-07,148.88888888888889
4.566873253100481e-07,149.0
2.2964567741172811e-07,149.11111111111111
2.2952229452589702e-07,149.2222222222222
9.731347183396776e-07,149.33333333333331
2.0927208193071752e-07,149.44444444444443
1.034810302531582e-06,149.55555555555554
8.342935779608606e-07,149.66666666666666
4.429048372706237e-07,149.77777777777777
3.6088311051056043e-07,149.88888888888889
1.534613493173019e-06,150.0
6.905051079632052e-07,150.11111111111111
1.0043455278298303e-06,150.2222222222222
1.1989838606779514e-06,150.33333333333331
6.002515770604942e-07,150.44444444444443
9.126496248150622e-07,150.55555555555554
5.102890407725544e-07,150.66666666666666
7.045897838555482e-07,150.77777777777777
3.5846737988659344e-07,150.88888888888889
4.4931887244401593e-07,151.0
6.192855973301824e-07,151.11111111111111
1.1504938843041027e-06,151.2222222222222
3.560295386578378e-07,151.33333333333331
1.0368738843193821e-06,151.44444444444443
1.2624028762773605e-06,151.55555555555554
1.433540861767544e-06,151.66666666666666
4.2926988333833125e-07,151.77777777777777
6.882608281117543e-07,151.88888888888889
3.087086282962926e-07,152.0
6.134840834616242e-07,152.11111111111111
4.5720106755802334e-07,152.2222222222222
7.05479142198227e-07,152.33333333333331
6.465570632760167e-07,152.44444444444443
9.416411188321113e-07,152.55555555555554
7.900724392278278e-07,152.66666666666666
5.104367329598467e-07,152.77777777777777
3.6452828699404925e-07,152.88888888888889
1.314897166419025e-06,153.0
2.9592620529600506e-07,153.11111111111111
1.1454055720346877e-06,153.2222222222222
6.724180857365612e-07,153.33333333333331
6.608785262925537e-07,153.44444444444443
8.740847582872003e-07,153.55555555555554
1.9939337564523743e-07,153.66666666666666
9.658309246644696e-08,153.77777777777777
6.57234933334032e-07,153.88888888888889
3.231011428801162e-07,154.0
6.134786016895274e-07,154.11111111111111
9.829107410514177e-07,154.2222222222222
9.456024206054597e-08,154.33333333333331
5.391391475270024e-07,154.44444444444443
1.1092272167054122e-06,154.55555555555554
2.2476855236705366e-07,154.66666666666666
9.339983412456284e-07,154.77777777777777
1.2477020138879943e-06,154.88888888888889
3.1563569379070624e-07,155.0
5.584981058829146e-07,155.11111111111111
9.674381826155996e-08,155.2222222222222
5.034348049807757e-08,155.33333333333331
8.356817108786225e-07,155.44444444444443
2.4505036545047456e-07,155.55555555555554
9.267654863700243e-07,155.66666666666666
6.127699482740091e-07,155.77777777777777
1.2954339157971136e-07,155.88888888888889
6.091193404777896e-07,156.0
1.2101838095189672e-06,156.11111111111111
1.0337047113031067e-06,156.2222222222222
5.733078815464834e-07,156.33333333333331
9.957677986258489e-07,156.44444444444443
7.051254807165849e-07,156.55555555555554
8.91601770237558e-07,156.66666666666666
5.2582400617943e-07,156.77777777777777
7.560772409720241e-07,156.88888888888889
2.073091885236726e-07,157.0
5.662992671414571e-07,157.11111111111111
6.19419443013007e-07,157.2222222222222
6.937817489558169e-07,157.33333333333331
2.5381466949748057e-07,157.44444444444443
1.236576100039755e-06,157.55555555555554
8.699854652825463e-07,157.66666666666666
1.5108999574462495e-06,157.77777777777777
1.016569784364222e-06,157.88888888888889
4.034173188488602e-07,158.0
3.831097736786916e-07,158.11111111111111
5.373508840757425e-07,158.2222222222222
4.6307277918284365e-07,158.33333333333331
7.884419721721665e-07,158.44444444444443
3.7349918227126537e-07,158.55555555555554
1.033262904192531e-06,158.66666666666666
8.284883964600177e-07,158.77777777777777
3.2484770772916397e-07,158.88888888888889
4.319808661342155e-07,159.0
1.543669717049143e-06,159.11111111111111
5.488186875857734e-07,159.2222222222222
8.472597507501448e-07,159.33333333333331
9.08474580355431e-07,159.44444444444443
6.248985384509697e-07,159.55555555555554
1.0087676723656434e-06,159.66666666666666
2.6005602798564147e-07,159.77777777777777
2.5221271175476585e-07,159.88888888888889
4.644998350873786e-07,160.0
4.4905154716417956e-07,160.11111111111111
5.768927469800842e-07,160.2222222222222
9.027169510517569e-07,160.33333333333331
3.8073383051337774e-07,160.44444444444443
1.042685647904791e-06,160.55555555555554
1.0398023986246588e-06,160.66666666666666
8.426320446188955e-07,160.77777777777777
1.7195911279914802e-07,160.88888888888889
9.512285955960987e-07,161.0
4.089540398159813e-07,161.11111111111111
6.745756960036502e-07,161.2222222222222
2.1986131136661243e-07,161.33333333333331
2.3369474038800603e-07,161.44444444444443
6.690052736871464e-07,161.55555555555554
5.321833407202883e-07,161.66666666666666
8.99194790455242e-07,161.77777777777777
2.0703220563987802e-07,161.88888888888889
1.1437175840506748e-07,162.0
1.0616153438281712e-06,162.11111111111111
6.014671835244581e-07,162.2222222222222
1.0087875105346584e-06,162.33333333333331
5.964149965547376e-07,162.44444444444443
6.273467273456929e-07,162.55555555555554
6.722559334589037e-07,162.66666666666666
7.395040467793131e-07,162.77777777777777
4.901775601881915e-07,162.88888888888889
7.440218519642527e-07,163.0
2.1150052879275652e-07,163.11111111111111
6.138512546052777e-07,163.2222222222222
6.794928798453204e-07,163.33333333333331
2.0132359819651115e-07,163.44444444444443
2.776546565870346e-07,163.55555555555554
1.2062657347867555e-06,163.66666666666666
4.409423817652482e-07,163.77777777777777
1.1408076187543212e-06,163.88888888888889
1.2311041411536732e-06,164.0
5.447297360610576e-07,164.11111111111111
5.802199855920215e-07,164.2222222222222
3.29605685483963e-07,164.33333333333331
3.7353286594312725e-07,164.44444444444443
8.24991455159509e-07,164.55555555555554
1.2275684387001714e-07,164.66666666666666
1.0283096048178978e-06,164.77777777777777
6.132190067309518e-07,164.88888888888889
3.2289150936861944e-07,165.0
6.556103876622154e-07,165.11111111111111
1.3755872844986994e-06,165.2222222222222
9.532495764017777e-07,165.33333333333331
5.761315905973669e-07,165.44444444444443
7.853496914710805e-07,165.55555555555554
6.86887376050517e-07,165.66666666666666
1.1698189894171355e-06,165.77777777777777
5.237232695812339e-07,165.88888888888889
4.753639235446955e-07,166.0
2.7419461207631835e-07,166.11111111111111
5.58512386553268e-07,166.2222222222222
5.644799933408056e-07,166.33333333333331
5.866240495138829e-07,166.44444444444443
3.895131154335502e-07,166.55555555555554
1.387777332988071e-06,166.66666666666666
8.455250804754734e-07,166.77777777777777
1.102840066881405e-06,166.88888888888889
6.039241493838056e-07,167.0
6.304913122630863e-07,167.11111111111111
3.890050940008712e-07,167.2222222222222
6.681535229028666e-07,167.33333333333331
4.151585357087093e-07,167.44444444444443
5.088660144468269e-07,167.55555555555554
4.831038043646185e-07,167.66666666666666
7.032861158033734e-07,167.77777777777777
8.417552567840511e-07,167.88888888888889
2.3914569741910595e-07,168.0
3.884832488963862e-07,168.11111111111111
1.313802267111178e-06,168.2222222222222
2.7930283969129773e-07,168.33333333333331
6.745388210874411e-07,168.44444444444443
7.169693599219295e-07,168.55555555555554
5.191395865779643e-07,168.66666666666666
7.837788687693917e-07,168.77777777777777
4.1088021046953927e-07,168.88888888888889
3.46057395218906e-07,169.0
6.665216793673e-07,169.11111111111111
3.0094923040058784e-07,169.2222222222222
6.263499449013601e-07,169.33333333333331
6.144638788962588e-07,169.44444444444443
2.7405134567991695e-07,169.55555555555554
8.133521513917758e-07,169.66666666666666
9.382528963444972e-07,169.77777777777777
4.276306124893123e-07,169.88888888888889
5.27928890385864e-07,170.0
1.0478338947772254e-06,170.11111111111111
6.221466733547076e-07,170.2222222222222
7.981102080487081e-07,170.33333333333331
7.290268786455683e-08,170.44444444444443
1.3456095300210236e-07,170.55555555555554
7.780778542335902e-07,170.66666666666666
5.940992723249073e-08,170.77777777777777
1.01341957309197e-06,170.88888888888889
2.2343179772294497e-07,171.0
2.2909487984099666e-07,171.11111111111111
9.33963618040439e-07,171.2222222222222
9.169562685993668e-07,171.33333333333331
9.927482066632592e-07,171.44444444444443
6.513863337350308e-07,171.55555555555554
4.5057746309021717e-07,171.66666666666666
5.354202503692422e-07,171.77777777777777
1.1542316405984568e-06,171.88888888888889
7.390783406594809e-07,172.0
6.987173535921495e-07,172.11111111111111
1.5932216012138382e-07,172.2222222222222
6.364066232208569e-07,172.33333333333331
5.523284955704305e-07,172.44444444444443
1.919543868195947e-07,172.55555555555554
1.423547188812271e-07,172.66666666666666
1.4172941641374296e-06,172.77777777777777
7.139294199495392e-07,172.88888888888889
9.964659276557279e-07,173.0
9.55568404261443e-07,173.11111111111111
6.908331736887218e-07,173.2222222222222
6.058805524108162e-07,173.33333333333331
4.6151551332001444e-07,173.44444444444443
4.714777958183383e-07,173.55555555555554
7.589740579884746e-07,173.66666666666666
3.374549628091077e-07,173.77777777777777
8.328783695054972e-07,173.88888888888889
6.204894080424368e-07,174.0
4.619250348799039e-07,174.11111111111111
7.296267841381755e-07,174.2222222222222
1.2686902411947482e-06,174.33333333333331
6.83774040675721e-07,174.44444444444443
3.742225763409238e-07,174.55555555555554
5.836790461277417e-07,174.66666666666666
6.051650501939625e-07,174.77777777777777
1.0778803640582217e-06,174.88888888888889
2.942605237429616e-07,175.0
2.3059700742188766e-07,175.11111111111111
5.221991723153193e-07,175.2222222222222
3.6452209463391206e-07,175.33333333333331
6.249815455641254e-07,175.44444444444443
4.251445848742552e-07,175.55555555555554
3.520574161109583e-07,175.66666666666666
1.2585561481317791e-06,175.77777777777777
6.368682284962233e-07,175.88888888888889
5.690147671034299e-07,176.0
2.0936799826664464e-07,176.11111111111111
7.110669018574201e-07,176.2222222222222
4.706010570816946e-07,176.33333333333331
8.329431116424098e-07,176.44444444444443
3.2541712200555246e-07,176.55555555555554
2.3669046012837283e-07,176.66666666666666
6.241527565908306e-07,176.77777777777777
2.100010737753037e-07,176.88888888888889
9.438660672901451e-07,177.0
2.439765654688904e-07,177.11111111111111
3.032116693564986e-07,177.2222222222222
1.0638124513734099e-06,177.33333333333331
4.331739284086712e-07,177.44444444444443
6.888682515238018e-07,177.55555555555554
7.243949176231791e-07,177.66666666666666
3.221895577005566e-07,177.77777777777777
4.145764680933978e-07,177.88888888888889
8.509739632703186e-07,178.0
7.52946982330848e-07,178.11111111111111
8.527101044010072e-07,178.2222222222222
1.177729054747347e-07,178.33333333333331
7.09334497840523e-07,178.44444444444443
4.938886935323169e-07,178.55555555555554
1.0839474427638126e-07,178.66666666666666
4.775302936878442e-07,178.77777777777777
1.1179117225554726e-06,178.88888888888889
6.535290114469142e-07,179.0
6.703511870960069e-07,179.11111111111111
9.146587869010504e-07,179.2222222222222
7.965673132024332e-07,179.33333333333331
9.266065802097489e-07,179.44444444444443
1.8055938274806748e-07,179.55555555555554
3.025554656926867e-07,179.66666666666666
8.793797733454637e-07,179.77777777777777
2.969047658258604e-07,179.88888888888889
9.548516083718728e-07,180.0
2.581866605457882e-07,180.11111111111111
4.349489240996773e-07,180.2222222222222
9.782626545939601e-07,180.33333333333331
1.0051179530740033e-06,180.44444444444443
8.365889241091722e-07,180.55555555555554
5.57741405090157e-07,180.66666666666666
2.7671289509158116e-07,180.77777777777777
4.818463060934825e-07,180.88888888888889
1.2386664798639833e-06,181.0
6.779395820926263e-07,181.11111111111111
5.476660018880536e-07,181.2222222222222
3.1132714251573065e-07,181.33333333333331
4.62753028551704e-07,181.44444444444443
5.866935552301688e-07,181.55555555555554
2.459543121905296e-07,181.66666666666666
1.610155551948517e-07,181.77777777777777
1.4171039253641885e-06,181.88888888888889
6.374016003524704e-07,182.0
5.704440606366789e-07,182.11111111111111
5.311216773949066e-07,182.2222222222222
6.625641012787888e-07,182.33333333333331
4.987061461288043e-07,182.44444444444443
5.955278013013651e-07,182.55555555555554
4.7019021051989646e-07,182.66666666666666
6.300759721582104e-07,182.77777777777777
4.2210532344520236e-07,182.88888888888889
4.1245994049906114e-07,183.0
7.536786781310485e-07,183.11111111111111
4.943710759221231e-07,183.2222222222222
6.696060629368708e-07,183.33333333333331
9.95465275305415e-07,183.44444444444443
3.781562674069946e-07,183.55555555555554
2.4350811893522977e-07,183.66666666666666
5.658354087141897e-07,183.77777777777777
4.518085221159018e-07,183.88888888888889
7.304708477539418e-07,184.0
3.480522147661908e-07,184.11111111111111
5.389590742896392e-07,184.2222222222222
8.521673500175299e-07,184.33333333333331
5.274048103021401e-08,184.44444444444443
7.511772269735087e-07,184.55555555555554
4.4222613588245186e-07,184.66666666666666
2.052910168243251e-07,184.77777777777777
9.160069169338677e-07,184.88888888888889
6.429749451721845e-07,185.0
5.009319462734422e-07,185.11111111111111
3.591818454923314e-07,185.2222222222222
6.269511993621868e-07,185.33333333333331
6.345598932211272e-07,185.44444444444443
1.0486075430808325e-06,185.55555555555554
3.8164641875507207e-07,185.66666666666666
7.689966654144016e-08,185.77777777777777
7.890542391537883e-07,185.88888888888889
2.945361283303438e-07,186.0
1.0225291910115324e-06,186.11111111111111
1.387080242899666e-07,186.2222222222222
3.103104859830887e-07,186.33333333333331
1.0133992957512346e-06,186.44444444444443
7.036608862086558e-07,186.55555555555554
6.736389764916691e-07,186.66666666666666
7.052920653941256e-07,186.77777777777777
2.4556161463482236e-07,186.88888888888889
1.4320561301621506e-07,187.0
1.0821541939183668e-06,187.11111111111111
8.970077400605225e-07,187.2222222222222
9.294399534266506e-07,187.33333333333331
5.8429551017188674e-08,187.44444444444443
6.150462717308732e-07,187.55555555555554
5.401317807971727e-07,187.66666666666666
1.90529814947271e-07,187.77777777777777
1.93709794943363e-07,187.88888888888889
1.2463461752152767e-06,188.0
7.676535887383064e-07,188.11111111111111
5.161019778024428e-07,188.2222222222222
5.928534710378543e-07,188.33333333333331
7.995641697577987e-07,188.44444444444443
8.72476902623014e-07,188.55555555555554
1.6951148201100353e-07,188.66666666666666
3.532114316808899e-07,188.77777777777777
8.907821763555816e-07,188.88888888888889
3.9335932008180744e-07,189.0
6.669297955077131e-07,189.11111111111111
4.640472014113438e-07,189.2222222222222
5.174868548995813e-07,189.33333333333331
9.614066717776277e-07,189.44444444444443
8.309970459076745e-07,189.55555555555554
5.049291791818139e-07,189.66666666666666
3.139280476699748e-07,189.77777777777777
2.8791991352911544e-07,189.88888888888889
3.935041951239929e-07,190.0
1.0208506939475756e-06,190.11111111111111
3.826592335545449e-07,190.2222222222222
4.5148109790720715e-07,190.33333333333331
6.432509203333753e-07,190.44444444444443
1.2377740418442247e-07,190.55555555555554
7.357583008163122e-07,190.66666666666666
4.3672082152166326e-07,190.77777777777777
1.1642271295192355e-07,190.88888888888889
1.1498551165990924e-06,191.0
3.918696959597696e-07,191.11111111111111
2.172394116398411e-07,191.2222222222222
2.5956266418009753e-07,191.33333333333331
4.676194301472876e-07,191.44444444444443
3.64638901162124e-07,191.55555555555554
8.464418887367441e-07,191.66666666666666
5.740247863258e-07,191.77777777777777
5.206046474702625e-07,191.88888888888889
5.008605790607904e-07,192.0
2.3331586087891065e-07,192.11111111111111
9.879548536536646e-07,192.2222222222222
3.9118134974535475e-07,192.33333333333331
4.944612694583739e-07,192.44444444444443
8.317854035653604e-07,192.55555555555554
5.116750807921797e-07,192.66666666666666
3.2843186942732403e-07,192.77777777777777
6.003203007262215e-07,192.88888888888889
4.019114355659691e-07,193.0
3.6863979714462516e-07,193.11111111111111
6.282570074160808e-07,193.2222222222222
7.953161269828202e-07,193.33333333333331
1.1263206976029519e-06,193.44444444444443
2.1522415547084706e-07,193.55555555555554
7.604538330968449e-07,193.66666666666666
5.513114797880948e-07,193.77777777777777
1.3403078867906625e-07,193.88888888888889
5.353280035562941e-07,194.0
8.471709774102116e-07,194.11111111111111
7.234757017294184e-07,194.2222222222222
4.840779178040065e-07,194.33333333333331
4.101631806845926e-07,194.44444444444443
7.281911358878682e-07,194.55555555555554
1.1194852561359502e-06,194.66666666666666
3.736611629179941e-07,194.77777777777777
8.645397682313024e-08,194.88888888888889
8.929080312431077e-07,195.0
5.285072136766986e-07,195.11111111111111
9.228823253819475e-07,195.2222222222222
1.8544995337416804e-07,195.33333333333331
3.6864989762838855e-07,195.44444444444443
1.0307345857494475e-06,195.55555555555554
7.264366413151058e-07,195.66666666666666
4.522321853307564e-07,195.77777777777777
5.299764350167563e-07,195.88888888888889
3.19926149070123e-07,196.0
1.342482691517342e-07,196.11111111111111
1.0227773751306512e-06,196.2222222222222
7.554536758562476e-07,196.33333333333331
8.591175232030887e-07,196.44444444444443
2.693125471038867e-07,196.55555555555554
3.0056766829979366e-07,196.66666666666666
6.98436361248517e-07,196.77777777777777
3.9955017800197683e-07,196.88888888888889
1.2705984325512173e-07,197.0
1.1215600424497458e-06,197.11111111111111
5.864246663056684e-07,197.2222222222222
1.7219481023154867e-07,197.33333333333331
2.2480967104835228e-07,197.44444444444443
5.976404555139976e-07,197.55555555555554
5.984026954215559e-07,197.66666666666666
3.6947393885933174e-07,197.77777777777777
4.929384500861608e-07,197.88888888888889
8.558451729049402e-07,198.0
2.720427347754365e-07,198.11111111111111
2.977970756487534e-07,198.2222222222222
8.429924503268368e-07,198.33333333333331
4.587083747103596e-07,198.44444444444443
7.719650798950684e-07,198.55555555555554
5.755848317313902e-07,198.66666666666666
3.874962346247722e-07,198.77777777777777
8.495031268285414e-08,198.88888888888889
3.5772340972194453e-07,199.0
3.421035555982769e-07,199.1111111111111
6.949735018538874e-07,199.2222222222222
9.177182154688436e-08,199.33333333333331
5.091896451062265e-07,199.44444444444443
1.014404317582419e-06,199.55555555555554
3.6366496351437057e-07,199.66666666666666
8.647154657345606e-07,199.77777777777777
5.798075154111356e-07,199.88888888888889
7.67123713738538e-17,200.0
7.446233175298524e-07,200.1111111111111
4.3009114293903885e-07,200.2222222222222
4.908443608936491e-07,200.33333333333331
4.076829929021803e-07,200.44444444444443
1.9048826399536798e-07,200.55555555555554
4.1073964848170264e-07,200.66666666666666
1.0388532471361375e-06,200.77777777777777
6.791771055842369e-07,200.88888888888889
5.03003050155011e-07,201.0
6.109830644117293e-07,201.1111111111111
5.399109383405246e-07,201.2222222222222
1.1097559963198926e-06,201.33333333333331
1.7465287253000374e-07,201.44444444444443
3.1466568438818955e-07,201.55555555555554
8.613078765042681e-07,201.66666666666666
6.962035648042422e-07,201.77777777777777
2.766860606192092e-07,201.88888888888889
5.084570112220989e-07,202.0
4.7006313399495523e-07,202.1111111111111
2.6631967091324497e-07,202.2222222222222
7.24191777310098e-07,202.33333333333331
8.129899450514427e-07,202.44444444444443
1.2288501837302799e-06,202.55555555555554
2.931339116584485e-07,202.66666666666666
5.31235409529702e-07,202.77777777777777
6.819148231947455e-07,202.88888888888889
2.7587864133356327e-07,203.0
3.0207750574498e-07,203.1111111111111
8.963182990263046e-07,203.2222222222222
6.967297074970616e-07,203.33333333333331
4.043733167140646e-07,203.44444444444443
1.302899639482198e-07,203.55555555555554
6.369931018509334e-07,203.66666666666666
9.345203909229702e-07,203.77777777777777
2.0003087815129023e-07,203.88888888888889
2.4213451489384843e-07,204.0
9.26109450710295e-07,204.1111111111111
4.989309100066438e-07,204.2222222222222
6.398626199047009e-07,204.33333333333331
6.068249203360694e-07,204.44444444444443
3.657173716971257e-07,204.55555555555554
8.946815782316186e-07,204.66666666666666
5.048360907533367e-07,204.77777777777777
2.2603245234182662e-07,204.88888888888889
2.5707541083839416e-07,205.0
3.230733096159515e-07,205.1111111111111
9.97527238873727e-08,205.2222222222222
7.736795628123338e-07,205.33333333333331
4.419037279551343e-07,205.44444444444443
6.68770924990022e-07,205.55555555555554
6.004314811113263e-07,205.66666666666666
3.1387949478998906e-07,205.77777777777777
9.250174367337759e-07,205.88888888888889
5.28640766338585e-07,206.0
1.4999485751477601e-07,206.1111111111111
7.844463849778578e-07,206.2222222222222
3.2924171045064203e-07,206.33333333333331
2.4676081793548846e-07,206.44444444444443
2.4205869958684277e-07,206.55555555555554
2.66769098400529e-07,206.66666666666666
2.2794442568506418e-07,206.77777777777777
6.435502104139593e-07,206.88888888888889
6.81555035921315e-07,207.0
8.740211961598206e-07,207.1111111111111
1.5121000379149636e-07,207.2222222222222
3.462990971710655e-07,207.33333333333331
1.152143061493363e-06,207.44444444444443
2.7176262216154726e-07,207.55555555555554
4.768549706185201e-07,207.66666666666666
5.470812156534093e-07,207.77777777777777
6.30542588368612e-07,207.88888888888889
1.28150053284284e-07,208.0
3.2610713980415095e-07,208.1111111111111
4.179811726232047e-07,208.2222222222222
5.140408751690621e-07,208.33333333333331
2.7334649397758553e-07,208.44444444444443
5.517758939220952e-07,208.55555555555554
1.278745654725653e-06,208.66666666666666
6.327437823831296e-07,208.77777777777777
8.106408838731983e-07,208.88888888888889
6.49696592390499e-07,209.0
1.2569346880821471e-07,209.1111111111111
3.95461369566373e-07,209.2222222222222
6.120095121458587e-07,209.33333333333331
6.239980391776976e-07,209.44444444444443
4.7374148248512227e-07,209.55555555555554
1.0084249195588676e-07,209.66666666666666
4.691972864744848e-07,209.77777777777777
1.0031316527541946e-06,209.88888888888889
6.277427815091438e-07,210.0
5.213664699548895e-07,210.1111111111111
6.897609270143824e-07,210.2222222222222
6.542106102991622e-07,210.33333333333331
1.0180533891055755e-06,210.44444444444443
3.1624852522310656e-07,210.55555555555554
2.3847102254668003e-07,210.66666666666666
8.228411738836646e-07,210.77777777777777
6.241676184554347e-07,210.88888888888889
4.1666500807291364e-08,211.0
2.8070025141690795e-07,211.1111111111111
4.5588052551862115e-07,211.2222222222222
2.533184004861843e-07,211.33333333333331
6.027423808352595e-07,211.44444444444443
6.227338741959175e-07,211.55555555555554
1.1171855313380591e-06,211.66666666666666
1.9694306429285056e-07,211.77777777777777
1.4710417211908294e-07,211.88888888888889
9.16792515017835e-07,212.0
3.7848649645698904e-07,212.1111111111111
2.3314426337345316e-07,212.2222222222222
7.068688217806704e-07,212.33333333333331
4.5763572716830457e-07,212.44444444444443
2.856417869404008e-07,212.55555555555554
1.4366442648877374e-07,212.66666666666666
3.6991125569666724e-07,212.77777777777777
5.447642050807305e-07,212.88888888888889
1.2310236853353652e-07,213.0
4.3958849806206717e-07,213.1111111111111
9.780184081262067e-07,213.2222222222222
3.323383237553613e-07,213.33333333333331
3.3845102592545817e-07,213.44444444444443
1.0036716432121248e-06,213.55555555555554
2.817050948709284e-07,213.66666666666666
5.948864882498703e-07,213.77777777777777
2.821681957419205e-07,213.88888888888889
4.965532942004331e-07,214.0
9.668243731448076e-08,214.1111111111111
2.1907796423020558e-07,214.2222222222222
1.7887311755211343e-07,214.33333333333331
5.543671293978442e-07,214.44444444444443
1.930379865634278e-07,214.55555555555554
4.2576963705524443e-07,214.66666666666666
9.462302005410831e-07,214.77777777777777
7.199751358750853e-07,214.88888888888889
1.065858054845182e-06,215.0
5.414698169066444e-07,215.1111111111111
1.3450282702734959e-07,215.2222222222222
4.0109088382536254e-07,215.33333333333331
4.1318466316476053e-07,215.44444444444443
4.6810880194206805e-07,215.55555555555554
3.9257772639268426e-07,215.66666666666666
1.141843947451414e-07,215.77777777777777
1.7538565377711892e-07,215.88888888888889
7.647870094214566e-07,216.0
7.514483452947273e-07,216.1111111111111
9.31623017561161e-07,216.2222222222222
2.649035116371621e-07,216.33333333333331
5.359240360027973e-07,216.44444444444443
1.2521597572568793e-06,216.55555555555554
3.578116072499007e-08,216.66666666666666
2.4801931467799494e-07,216.77777777777777
6.203209492663928e-07,216.88888888888889
7.098054198269319e-07,217.0
1.0524360968355451e-07,217.1111111111111
1.7581829837227065e-07,217.2222222222222
4.490412432432314e-07,217.33333333333331
4.6441240107707925e-07,217.44444444444443
3.3336260881276385e-07,217.55555555555554
4.685340289000946e-07,217.66666666666666
1.3327763728715868e-06,217.77777777777777
6.30832813619451e-07,217.88888888888889
5.139228721115217e-07,218.0
7.950271733410496e-07,218.1111111111111
2.0197817376980324e-07,218.2222222222222
2.150731967771108e-07,218.33333333333331
6.043933060367811e-07,218.44444444444443
5.068393504995353e-07,218.55555555555554
3.7334959133537046e-07,218.66666666666666
2.65229866161909e-07,218.77777777777777
3.6893350263126185e-07,218.88888888888889
7.183631383807929e-07,219.0
4.0948487473529875e-07,219.1111111111111
4.984115483312719e-07,219.2222222222222
7.612120645979967e-07,219.33333333333331
6.005384086410903e-07,219.44444444444443
7.756656073940135e-07,219.55555555555554
6.874435201873731e-07,219.66666666666666
2.3528785930036056e-07,219.77777777777777
5.955017673029034e-07,219.88888888888889
3.4596985162161753e-07,220.0
3.451125901846538e-07,220.1111111111111
5.091209966420842e-08,220.2222222222222
3.0110123782541625e-07,220.33333333333331
1.2118677117194483e-07,220.44444444444443
3.97090945420002e-07,220.55555555555554
3.7843397401651174e-07,220.66666666666666
8.413568846149447e-07,220.77777777777777
3.46679069219534e-07,220.88888888888889
4.6844255345553646e-07,221.0
1.1814033175269744e-06,221.1111111111111
3.6500867922519396e-07,221.2222222222222
1.65293798563467e-07,221.33333333333331
3.8283194857852834e-07,221.44444444444443
3.6066949680572086e-07,221.55555555555554
3.398389160233348e-07,221.66666666666666
3.042420288121442e-07,221.77777777777777
6.205470245468199e-08,221.88888888888889
1.1320094659143819e-07,222.0
3.36726576420082e-07,222.1111111111111
5.68469830907735e-07,222.2222222222222
1.089434214596884e-06,222.33333333333331
3.1821932124375297e-07,222.44444444444443
2.788690881127749e-07,222.55555555555554
1.234815695955952e-06,222.66666666666666
1.7057360661199748e-07,222.77777777777777
3.222658592258831e-07,222.88888888888889
3.889382632722376e-07,223.0
7.043480958115211e-07,223.1111111111111
1.6927678534551858e-07,223.2222222222222
5.823677860274771e-08,223.33333333333331
2.856898657949188e-07,223.44444444444443
4.754794777196403e-07,223.55555555555554
2.6193776395584223e-07,223.66666666666666
1.9896585409524643e-07,223.77777777777777
1.166616572774223e-06,223.88888888888889
9.206525779268751e-07,224.0
9.882770707976915e-07,224.1111111111111
5.534427619744013e-07,224.2222222222222
1.2268468750489055e-07,224.33333333333331
1.3363788884906084e-07,224.44444444444443
5.434200174815231e-07,224.55555555555554
4.74108214432412e-07,224.66666666666666
3.5921887756103716e-07,224.77777777777777
3.1054233818264745e-07,224.88888888888889
3.047249371170593e-07,225.0
6.526169533009828e-07,225.1111111111111
6.369998917505192e-07,225.2222222222222
9.129181414289256e-07,225.33333333333331
3.554640529426735e-07,225.44444444444443
5.66519176451065e-07,225.55555555555554
1.1434138033348992e-06,225.66666666666666
3.176616948411436e-07,225.77777777777777
2.3839913332574332e-07,225.88888888888889
5.259175785967603e-07,226.0
5.241464830305045e-07,226.1111111111111
2.1981115178661742e-07,226.2222222222222
4.6299932763887984e-08,226.33333333333331
3.2706366930932313e-07,226.44444444444443
3.329321120832518e-07,226.55555555555554
2.282909706179624e-07,226.66666666666666
2.977702256713257e-07,226.77777777777777
1.1671073405150214e-06,226.88888888888889
3.565205956902359e-07,227.0
6.307998620508647e-08,227.1111111111111
1.0744060148928744e-06,227.2222222222222
1.9628587049902509e-07,227.33333333333331
9.90029180724315e-08,227.44444444444443
4.0546319828307644e-07,227.55555555555554
3.7262253369959065e-07,227.66666666666666
2.53388405862448e-07,227.77777777777777
3.2872148430673157e-07,227.88888888888889
1.455355548935098e-07,228.0
3.0059355104455063e-07,228.1111111111111
1.2151628119250767e-07,228.2222222222222
4.226589025189477e-07,228.33333333333331
9.059515861694365e-07,228.44444444444443
6.008482719468076e-07,228.55555555555554
5.426424292467147e-07,228.66666666666666
9.661651572874824e-07,228.77777777777777
2.379326174799943e-07,228.88888888888889
3.4946291903910916e-07,229.0
2.316452975919753e-07,229.1111111111111
6.205151269563386e-07,229.2222222222222
2.0105909818655444e-07,229.33333333333331
7.471568911067592e-08,229.44444444444443
6.941531314694302e-08,229.55555555555554
2.933905093111144e-07,229.66666666666666
3.083234617931024e-07,229.77777777777777
5.3240793270488e-07,229.88888888888889
6.739566439300472e-07,230.0
8.361401814817583e-07,230.1111111111111
1.3004440227765303e-06,230.2222222222222
2.64245033696684e-07,230.33333333333331
1.3239972119671542e-07,230.44444444444443
9.176804031518382e-08,230.55555555555554
5.248103027716852e-07,230.66666666666666
3.926556651802314e-07,230.77777777777777
3.164405416220461e-07,230.88888888888889
2.336887426726844e-07,231.0
2.0160830487074548e-07,231.1111111111111
4.1410135412635976e-07,231.2222222222222
5.58158380917551e-07,231.33333333333331
1.157408305183937e-06,231.44444444444443
3.862781767463567e-07,231.55555555555554
2.9704555709860496e-07,231.66666666666666
1.2523057321288724e-06,231.77777777777777
1.7306973444320672e-07,231.88888888888889
3.519264472535472e-07,232.0
4.5902602267556195e-07,232.1111111111111
6.469220809602404e-07,232.2222222222222
1.5672869625698496e-07,232.33333333333331
1.1009115036071358e-07,232.44444444444443
2.569647803168258e-07,232.55555555555554
3.6971804232739485e-07,232.66666666666666
3.056341095181254e-07,232.77777777777777
3.984192501646993e-08,232.88888888888889
1.1769926185743822e-06,233.0
8.195323345243779e-07,233.1111111111111
6.815794513222459e-07,233.2222222222222
7.537106017171911e-07,233.33333333333331
1.213834586198613e-07,233.44444444444443
3.326075973646452e-08,233.55555555555554
4.805237980966176e-07,233.66666666666666
3.690872587113182e-07,233.77777777777777
1.8660203543083104e-07,233.88888888888889
3.512574560381869e-07,234.0
2.6260530575452854e-07,234.1111111111111
3.6903458910379207e-07,234.2222222222222
3.825733515130192e-07,234.33333333333331
7.484091684966461e-07,234.44444444444443
4.750902815335708e-07,234.55555555555554
5.937667966837777e-07,234.66666666666666
9.468908002667495e-07,234.77777777777777
5.669553485312382e-07,234.88888888888889
2.5696830389939207e-07,235.0
3.3579969188948054e-07,235.1111111111111
2.6179346732872596e-07,235.2222222222222
4.600648847639815e-07,235.33333333333331
2.38939253690217e-07,235.44444444444443
8.989399929733823e-08,235.55555555555554
1.0945610433350733e-07,235.66666666666666
7.545693221004628e-08,235.77777777777777
1.9791654116906588e-07,235.88888888888889
8.81193292932083e-07,236.0
8.885378813190387e-08,236.1111111111111
4.080775449516069e-07,236.2222222222222
1.3205188570603026e-06,236.33333333333331
1.0771702468293066e-07,236.44444444444443
1.747612543255746e-07,236.55555555555554
1.5101676902523914e-07,236.66666666666666
5.021010265738052e-07,236.77777777777777
2.73877594750345e-07,236.88888888888889
2.995124574521893e-07,237.0
1.4918177516997142e-07,237.1111111111111
7.251977823313737e-08,237.2222222222222
1.2972337779925269e-07,237.33333333333331
3.1950880022160094e-07,237.44444444444443
1.073416009279711e-06,237.55555555555554
6.95803692079303e-07,237.66666666666666
3.955980033721943e-07,237.77777777777777
1.0685300409425246e-06,237.88888888888889
2.480342627284941e-07,238.0
4.600514057330056e-07,238.1111111111111
4.272123041532913e-07,238.2222222222222
6.804300531539121e-07,238.33333333333331
2.3233115323683398e-07,238.44444444444443
1.2574059411225868e-07,238.55555555555554
1.578074534556405e-07,238.66666666666666
2.3719992786840277e-07,238.77777777777777
3.578383171904899e-07,238.88888888888889
3.670914747206674e-07,239.0
8.85539555984865e-07,239.1111111111111
9.366038292389472e-07,239.2222222222222
1.1741011277726032e-06,239.33333333333331
3.3191304824084075e-07,239.44444444444443
1.927239017710753e-07,239.55555555555554
9.90761280524696e-08,239.66666666666666
5.753178371843065e-07,239.77777777777777
3.326775184369551e-07,239.88888888888889
1.8259172059004338e-07,240.0
3.0723623077343576e-07,240.1111111111111
2.8917190604220397e-07,240.2222222222222
3.52972484287457e-07,240.33333333333331
4.1157919858226303e-07,240.44444444444443
1.0654402583985274e-06,240.55555555555554
3.229150585974106e-07,240.66666666666666
2.9378108923511867e-07,240.77777777777777
1.1279644166887194e-06,240.88888888888889
2.7121985963307463e-07,241.0
4.2435003970635035e-07,241.1111111111111
3.563436336156362e-07,241.2222222222222
3.9512764117861176e-07,241.33333333333331
2.34511350313503e-07,241.44444444444443
2.416835977900663e-07,241.55555555555554
9.934396810816044e-08,241.66666666666666
1.5268601106168704e-07,241.77777777777777
2.4791415790866136e-07,241.88888888888889
8.274020410781899e-08,242.0
1.0004262918748817e-06,242.1111111111111
5.062477194216828e-07,242.2222222222222
2.75152646618132e-07,242.33333333333331
1.04408880850985e-06,242.44444444444443
1.57271266723185e-07,242.55555555555554
2.6005505850789576e-07,242.66666666666666
2.8226140345877406e-07,242.77777777777777
4.252758447656575e-07,242.88888888888889
1.4055618192009592e-07,243.0
2.598681535477401e-07,243.1111111111111
1.887947338995218e-07,243.2222222222222
1.7832270392411581e-07,243.33333333333331
9.536932040515753e-08,243.44444444444443
4.5891306202352556e-07,243.55555555555554
7.021732383149408e-07,243.66666666666666
7.427014909037283e-07,243.77777777777777
7.88753940129299e-07,243.88888888888889
6.94210978604796e-07,244.0
2.1545758937324487e-07,244.1111111111111
4.601606293381915e-07,244.2222222222222
4.088075203440486e-07,244.33333333333331
6.006813481683701e-07,244.44444444444443
3.2428731227070346e-07,244.55555555555554
1.486274312755272e-07,244.66666666666666
1.0449868770591168e-07,244.77777777777777
2.3108742577232813e-08,244.88888888888889
2.4444924491681534e-07,245.0
6.467412590196632e-07,245.1111111111111
4.742194971318399e-07,245.2222222222222
6.841711061254108e-07,245.33333333333331
1.3674309428675255e-06,245.44444444444443
9.606532907847367e-08,245.55555555555554
3.7148273787865657e-07,245.66666666666666
6.085303523584136e-08,245.77777777777777
6.259345084551337e-07,245.88888888888889
2.9560951582954757e-07,246.0
2.0004952518565543e-07,246.1111111111111
2.621445801646127e-07,246.2222222222222
2.4938383765508445e-07,246.33333333333331
2.778548832919524e-07,246.44444444444443
2.3043985656605274e-07,246.55555555555554
1.1218512675836573e-06,246.66666666666666
6.821270687893985e-07,246.77777777777777
2.1936462418560683e-07,246.88888888888889
1.0166037676988157e-06,247.0
2.457328929532857e-07,247.1111111111111
6.397821774964669e-07,247.2222222222222
4.7080600243139327e-07,247.33333333333331
5.040360663860473e-07,247.44444444444443
9.845956746357442e-08,247.55555555555554
2.0976286686644314e-07,247.66666666666666
1.1912044211756621e-07,247.77777777777777
9.875524925825238e-08,247.88888888888889
3.357852119137428e-07,248.0
3.588745524936688e-07,248.1111111111111
8.959115707446709e-07,248.2222222222222
7.656290830235876e-07,248.33333333333331
8.32990637439885e-07,248.44444444444443
6.051755651289285e-07,248.55555555555554
2.3778795734316088e-07,248.66666666666666
2.876317388531354e-07,248.77777777777777
4.5553466445706664e-07,248.88888888888889
2.944185143710523e-07,249.0
3.729306110204347e-08,249.1111111111111
1.9207195855552074e-07,249.2222222222222
2.0217094843031467e-07,249.33333333333331
3.323320782613737e-07,249.44444444444443
2.013138092330901e-07,249.55555555555554
7.908027674263413e-07,249.66666666666666
3.054369233110794e-07,249.77777777777777
4.855706608016385e-07,249.88888888888889
9.938079898374505e-07,250.0
3.330107904974833e-07,250.1111111111111
3.596206574190249e-07,250.2222222222222
3.5154725409763043e-07,250.33333333333331
3.6397039995076295e-07,250.44444444444443
4.158619594674245e-07,250.55555555555554
3.162477191166579e-07,250.66666666666666
1.9506602269513454e-07,250.77777777777777
1.4760281890606236e-07,250.88888888888889
1.658424258922077e-07,251.0
1.1046436508011643e-07,251.1111111111111
7.650127938176212e-07,251.2222222222222
3.518553032686442e-07,251.33333333333331
2.2005596348992793e-07,251.44444444444443
1.219550711102268e-06,251.55555555555554
2.4271299536160736e-07,251.66666666666666
5.426338825797886e-07,251.77777777777777
1.1207125300675067e-07,251.88888888888889
5.674648680611581e-07,252.0
2.8723874829097396e-07,252.1111111111111
1.581798639528211e-07,252.2222222222222
2.4658973584953686e-07,252.33333333333331
3.033846263492032e-07,252.44444444444443
1.427356456131926e-07,252.55555555555554
1.262121888639521e-07,252.66666666666666
9.062989804915834e-07,252.77777777777777
8.408027296029958e-07,252.88888888888889
6.505570223875972e-07,253.0
6.906612366026594e-07,253.1111111111111
1.6424150081056774e-07,253.2222222222222
7.226542277329105e-07,253.33333333333331
6.013860467256573e-07,253.44444444444443
5.447241131317969e-07,253.55555555555554
2.501811308980331e-07,253.66666666666666
2.5771874149172295e-07,253.77777777777777
1.6380620388242955e-07,253.88888888888889
8.562711839933517e-08,254.0
2.575838430471078e-07,254.1111111111111
5.552325124329743e-07,254.2222222222222
6.979472065253949e-07,254.33333333333331
6.990743284092061e-07,254.44444444444443
1.166252589951298e-06,254.55555555555554
2.864763404049045e-07,254.66666666666666
4.811685341659783e-07,254.77777777777777
1.8081033919418223e-07,254.88888888888889
5.823431911641813e-07,255.0
2.411529511654258e-07,255.1111111111111
5.035256402158361e-08,255.2222222222222
1.9731432106260036e-07,255.33333333333331
1.8911432354990323e-07,255.44444444444443
3.7922728228482714e-07,255.55555555555554
2.0985819061931433e-07,255.66666666666666
9.693883530095018e-07,255.77777777777777
4.909896721534862e-07,255.88888888888889
1.0576851807872732e-07,256.0
9.205740612535593e-07,256.1111111111111
2.0152966850789963e-07,256.22222222222223
6.568127663030584e-07,256.3333333333333
3.5957428472166044e-07,256.44444444444446
2.895749343561134e-07,256.55555555555554
1.821041305288808e-07,256.66666666666663
1.98202271754613e-07,256.77777777777777
1.748425987869717e-07,256.88888888888886
2.43107959135017e-07,257.0
2.4440733820610517e-07,257.1111111111111
3.128522811245214e-07,257.22222222222223
7.51514484823991e-07,257.3333333333333
5.137870470081774e-07,257.44444444444446
4.136394523348872e-07,257.55555555555554
8.39217846884275e-07,257.66666666666663
2.6710383037207767e-07,257.77777777777777
5.848199777465863e-07,257.88888888888886
3.195141501118066e-07,258.0
3.9122705049047605e-07,258.1111111111111
2.5059308471565087e-07,258.22222222222223
7.145380919726281e-08,258.3333333333333
1.7530927551231207e-07,258.44444444444446
4.336201188863699e-07,258.55555555555554
7.139946198197862e-08,258.66666666666663
4.108451481609372e-07,258.77777777777777
5.543315570251628e-07,258.88888888888886
7.063118081414999e-07,259.0
8.925887879912093e-07,259.1111111111111
3.2478556971766704e-07,259.22222222222223
2.1475991730053228e-07,259.3333333333333
5.94639848953461e-07,259.44444444444446
6.249229194015666e-07,259.55555555555554
5.185686385097935e-07,259.66666666666663
3.0325872208933487e-07,259.77777777777777
3.558640810304458e-07,259.88888888888886
2.971293806639178e-07,260.0
1.3721555160871183e-07,260.1111111111111
8.639544433166881e-08,260.22222222222223
6.138737391945044e-07,260.3333333333333
5.686225522762009e-07,260.44444444444446
3.861795701385046e-07,260.55555555555554
1.1732502310784006e-06,260.66666666666663
3.221114472137344e-07,260.77777777777777
7.526292418561555e-07,260.88888888888886
5.786352135884694e-08,261.0
5.799656368124195e-07,261.1111111111111
3.383552874916057e-07,261.22222222222223
1.49491797666191e-07,261.3333333333333
2.5180724741567697e-07,261.44444444444446
3.135474472424413e-07,261.55555555555554
2.8810899422081207e-07,261.66666666666663
1.5669402437201536e-07,261.77777777777777
9.459005259252644e-07,261.88888888888886
7.365195074175356e-07,262.0
4.528701486482648e-07,262.1111111111111
6.305974737200963e-07,262.22222222222223
1.1763310253893284e-07,262.3333333333333
8.406821784611672e-07,262.44444444444446
5.871828986543526e-07,262.55555555555554
3.07590520426793e-07,262.66666666666663
4.639871812784067e-08,262.77777777777777
1.795363270393613e-07,262.88888888888886
8.264366812422084e-08,263.0
3.0555802445532655e-07,263.1111111111111
2.068976677461074e-07,263.22222222222223
4.806444763149176e-07,263.3333333333333
7.092234616461084e-07,263.44444444444446
5.276762482015977e-07,263.55555555555554
7.90892117501314e-07,263.66666666666663
4.647900222452696e-07,263.77777777777777
4.5660870643245074e-07,263.88888888888886
4.333395385422045e-07,264.0
4.675098428829917e-07,264.1111111111111
2.2677160599714874e-07,264.22222222222223
1.1829199111369355e-07,264.3333333333333
8.47715481360592e-08,264.44444444444446
3.5899360826497485e-08,264.55555555555554
4.809746492642211e-07,264.66666666666663
2.3336207514524657e-07,264.77777777777777
6.436747108014354e-07,264.88888888888886
3.585448912299766e-07,265.0
3.903666119426059e-07,265.1111111111111
8.630933106409901e-07,265.22222222222223
1.225716679957767e-07,265.3333333333333
5.520575268656704e-07,265.44444444444446
3.460642410436776e-07,265.55555555555554
4.6629200149350435e-07,265.66666666666663
4.3506855315701014e-07,265.77777777777777
2.093220527551335e-07,265.88888888888886
3.586382778949051e-07,266.0
4.603744132731215e-07,266.1111111111111
1.4210206742117495e-07,266.22222222222223
1.703004733447132e-07,266.3333333333333
5.895332605145869e-07,266.44444444444446
5.204966257382241e-07,266.55555555555554
1.0768459173701622e-07,266.66666666666663
9.129488850987823e-07,266.77777777777777
3.08082177035249e-07,266.88888888888886
8.760056654713977e-07,267.0
3.1659314837707036e-07,267.1111111111111
4.40529009746691e-07,267.22222222222223
3.7585638785819197e-07,267.3333333333333
2.661530290477014e-07,267.44444444444446
2.6418599175241397e-07,267.55555555555554
4.7396895792039265e-07,267.66666666666663
1.3742147776378664e-07,267.77777777777777
1.1716090023889424e-07,267.88888888888886
7.804888995710816e-07,268.0
7.491634731450873e-07,268.1111111111111
7.430847261635319e-07,268.22222222222223
2.800784593937906e-07,268.3333333333333
1.3204578314673766e-07,268.44444444444446
7.859813160676725e-07,268.55555555555554
7.502759204819462e-07,268.66666666666663
4.6926722213386075e-07,268.77777777777777
1.7960739191846481e-07,268.88888888888886
3.4865574084318515e-07,269.0
2.6441012214529457e-07,269.1111111111111
2.7154212622263477e-07,269.22222222222223
1.1169287223276872e-07,269.3333333333333
5.270928997617755e-07,269.44444444444446
6.944656231873925e-07,269.55555555555554
3.644449017721936e-07,269.66666666666663
9.161555677110147e-07,269.77777777777777
3.5650503108989474e-07,269.88888888888886
7.912912098158696e-07,270.0
1.5058581356805074e-07,270.1111111111111
4.7033360624194687e-07,270.22222222222223
3.119917222397676e-07,270.3333333333333
1.2446577046509328e-07,270.44444444444446
1.4992430375844535e-07,270.55555555555554
2.266940356887975e-07,270.66666666666663
3.8639594938372677e-07,270.77777777777777
3.1585755036058254e-07,270.88888888888886
7.79851370665712e-07,271.0
4.7606090195218746e-07,271.1111111111111
2.8479774792330624e-07,271.22222222222223
6.13641050876012e-07,271.3333333333333
5.0182791468297964e-08,271.44444444444446
8.023581563705807e-07,271.55555555555554
4.0451852344724347e-07,271.66666666666663
1.4660171844989468e-07,271.77777777777777
2.7877632863123117e-07,271.88888888888886
5.7005412589184265e-08,272.0
2.0369635522961887e-07,272.1111111111111
5.484264934567184e-07,272.22222222222223
1.4957597705759335e-07,272.3333333333333
3.1160509305611907e-07,272.44444444444446
5.919119838607404e-07,272.55555555555554
4.403206382997749e-07,272.66666666666663
3.901668063913858e-07,272.77777777777777
5.632923333410475e-07,272.88888888888886
3.3561979795721657e-07,273.0
7.579383845030992e-07,273.1111111111111
4.796126747586002e-07,273.22222222222223
2.9429326952994275e-07,273.3333333333333
2.5016191613843745e-07,273.44444444444446
3.2044356874246154e-07,273.55555555555554
2.7803050663304356e-07,273.66666666666663
5.330915762871603e-07,273.77777777777777
2.112461186324776e-07,273.88888888888886
2.590309912706333e-07,274.0
5.745915887385279e-07,274.1111111111111
5.719537404710634e-07,274.22222222222223
7.891887237564372e-07,274.3333333333333
6.360553176629571e-08,274.44444444444446
4.6398281697057636e-07,274.55555555555554
5.05089156300484e-07,274.66666666666663
6.890406591435649e-07,274.77777777777777
5.951714413695433e-07,274.88888888888886
2.713789782463593e-07,275.0
4.371981468647902e-07,275.1111111111111
5.207025065474743e-07,275.22222222222223
1.3403236183251237e-07,275.3333333333333
5.516850508690424e-08,275.44444444444446
4.99977557871548e-07,275.55555555555554
6.591106550425744e-07,275.66666666666663
1.269631607347488e-07,275.77777777777777
7.96437190006899e-07,275.88888888888886
3.2523849780370167e-07,276.0
1.0184925199397565e-06,276.1111111111111
3.0373781061820185e-07,276.22222222222223
3.4374755275760215e-07,276.3333333333333
3.936742026660481e-07,276.44444444444446
3.6241786160778485e-07,276.55555555555554
2.4247901095825456e-07,276.66666666666663
4.106656522616781e-07,276.77777777777777
1.9289790156135025e-07,276.88888888888886
2.587413775916498e-07,277.0
8.204169326544584e-07,277.1111111111111
5.675509581108838e-07,277.22222222222223
5.099328388436526e-07,277.3333333333333
2.8946721007150965e-07,277.44444444444446
1.5523968143605398e-07,277.55555555555554
8.263944925349734e-07,277.66666666666663
6.586165514697594e-07,277.77777777777777
2.906321412927552e-07,277.88888888888886
4.7432380380510413e-08,278.0
2.0670361829668098e-07,278.1111111111111
9.751350323580037e-08,278.22222222222223
4.927307187825707e-07,278.3333333333333
2.0076756921067108e-07,278.44444444444446
3.7838774489747705e-07,278.55555555555554
6.406476719647555e-07,278.66666666666663
2.9698617185199735e-07,278.77777777777777
5.538927007875962e-07,278.88888888888886
3.4768004869240366e-07,279.0
6.465057764400075e-07,279.1111111111111
4.3678092877322843e-07,279.22222222222223
4.452384922727272e-07,279.3333333333333
3.403564509170981e-07,279.44444444444446
3.221329000140886e-08,279.55555555555554
2.487789341845483e-07,279.66666666666663
3.5688674584044e-07,279.77777777777777
4.5056112216786306e-07,279.88888888888886
3.2782338897654184e-07,280.0
4.760791670634894e-07,280.1111111111111
4.141035596187795e-07,280.22222222222223
3.6593015861986976e-07,280.3333333333333
6.204013869603453e-07,280.44444444444446
6.594307224613336e-08,280.55555555555554
7.211340590329514e-07,280.66666666666663
2.3047015929704577e-07,280.77777777777777
3.8393709159091545e-07,280.88888888888886
5.522103956508472e-07,281.0
3.356769948938196e-07,281.1111111111111
3.808765811710851e-07,281.22222222222223
6.79539462700876e-07,281.3333333333333
8.942360178020104e-08,281.44444444444446
7.661051792970366e-08,281.55555555555554
4.924582913375668e-07,281.66666666666663
5.566932139426623e-07,281.77777777777777
1.1046168965422086e-07,281.88888888888886
5.465354549403858e-07,282.0
2.0927495835362377e-07,282.1111111111111
9.972900541090113e-07,282.22222222222223
5.503416580358937e-07,282.3333333333333
3.0213735812228205e-07,282.44444444444446
2.990346508761286e-07,282.55555555555554
5.035953915321336e-07,282.66666666666663
4.0246511537493796e-07,282.77777777777777
4.857203041950418e-07,282.88888888888886
1.0684148500297231e-07,283.0
7.240591785267421e-08,283.1111111111111
7.717847094693031e-07,283.22222222222223
5.399029002224932e-07,283.3333333333333
6.175608770682067e-07,283.44444444444446
9.811209787343726e-08,283.55555555555554
4.4854340649047754e-07,283.66666666666663
6.072735368415912e-07,283.77777777777777
7.224188095522174e-07,283.88888888888886
6.109436875640056e-07,284.0
2.7463287168618743e-07,284.1111111111111
3.4098004967551893e-07,284.22222222222223
4.041853174827497e-07,284.3333333333333
2.959797504525736e-07,284.44444444444446
2.1566013861106475e-07,284.55555555555554
4.1100763363843273e-07,284.66666666666663
6.597949500899836e-07,284.77777777777777
1.458452190144334e-07,284.88888888888886
5.440882216691875e-07,285.0
2.8210092243973496e-07,285.1111111111111
9.455435092702909e-07,285.22222222222223
2.4917599580353695e-07,285.3333333333333
2.118870706464759e-07,285.4444444444444
3.93922867748468e-07,285.55555555555554
3.3208999602505427e-07,285.66666666666663
1.3853585928219203e-07,285.77777777777777
4.2781141462711663e-07,285.88888888888886
2.688004611510324e-07,286.0
3.1864058636609363e-07,286.1111111111111
6.639442998522965e-07,286.22222222222223
3.3610896792166806e-07,286.3333333333333
3.3335842366085385e-07,286.4444444444444
3.574158668952124e-07,286.55555555555554
1.6137923199986852e-07,286.66666666666663
7.798073153247807e-07,286.77777777777777
4.2379561864121014e-07,286.88888888888886
8.792011223041048e-08,287.0
3.126836632451134e-07,287.1111111111111
3.398237610987501e-07,287.22222222222223
2.6705506155616733e-07,287.3333333333333
6.643030728652891e-07,287.4444444444444
2.4482744462121025e-07,287.55555555555554
1.5404115348197958e-07,287.66666666666663
5.252719295507681e-07,287.77777777777777
4.076688472812073e-07,287.88888888888886
2.2948081738666454e-07,288.0
3.2187109618565296e-07,288.1111111111111
3.8981964848972255e-07,288.22222222222223
7.255377724298926e-07,288.3333333333333
5.707687733443679e-07,288.4444444444444
4.4719288833704925e-07,288.55555555555554
7.089331474757624e-08,288.66666666666663
4.62827147714482e-07,288.77777777777777
5.546518589227803e-07,288.88888888888886
4.4164646562049756e-07,289.0
2.1232098286496741e-07,289.1111111111111
1.7823246653658722e-07,289.22222222222223
6.456535351445529e-07,289.3333333333333
4.5211153984555145e-07,289.4444444444444
5.531727486248613e-07,289.55555555555554
1.2344725628976257e-07,289.66666666666663
6.851320922920725e-07,289.77777777777777
2.5256535854313043e-07,289.88888888888886
5.175384260132076e-07,290.0
7.140418063768068e-07,290.1111111111111
5.334141651069096e-07,290.22222222222223
4.0689741010879365e-07,290.3333333333333
6.274185776231681e-07,290.4444444444444
3.39466990997984e-08,290.55555555555554
1.6101447047753984e-07,290.66666666666663
4.4949842807376133e-07,290.77777777777777
6.104832769891773e-07,290.88888888888886
6.119297725762357e-08,291.0
4.264988936563359e-07,291.1111111111111
1.4931533827361384e-07,291.22222222222223
1.037136973001307e-06,291.3333333333333
5.090865559199014e-07,291.4444444444444
2.0786033076082952e-07,291.55555555555554
2.824809899159516e-07,291.66666666666663
5.474363432741065e-07,291.77777777777777
3.5745105845351943e-07,291.88888888888886
4.183790161851888e-07,292.0
8.119597393320614e-08,292.1111111111111
1.95581338040903e-07,292.22222222222223
7.646767150869933e-07,292.3333333333333
3.298092430050389e-07,292.4444444444444
3.9948738352556215e-07,292.55555555555554
1.6015987020873537e-07,292.66666666666663
4.1587352752367146e-07,292.77777777777777
6.140328562979642e-07,292.88888888888886
5.744775000545958e-07,293.0
5.002910764558827e-07,293.1111111111111
1.9965756608515732e-07,293.22222222222223
2.553604290975874e-07,293.3333333333333
3.266440839474351e-07,293.4444444444444
4.795107013233613e-07,293.55555555555554
3.0891514492405117e-07,293.66666666666663
2.759113019115909e-07,293.77777777777777
5.440844182922188e-07,293.88888888888886
2.6840156171161175e-07,294.0
2.6932696669841985e-07,294.1111111111111
2.1396565030177227e-07,294.22222222222223
6.949639158754399e-07,294.3333333333333
3.693267948960261e-07,294.4444444444444
3.3792590908265013e-07,294.55555555555554
5.020530672423607e-07,294.66666666666663
2.9376378367270167e-07,294.77777777777777
2.5225718868693946e-07,294.88888888888886
6.002060391986801e-07,295.0
3.36293362039577e-07,295.1111111111111
2.188687831996065e-07,295.22222222222223
4.1000474114962364e-07,295.3333333333333
4.690197153489472e-07,295.4444444444444
3.852080157808613e-07,295.55555555555554
3.898439235553229e-07,295.66666666666663
1.469381235668931e-07,295.77777777777777
7.486419431308744e-07,295.88888888888886
1.8017432123388468e-07,296.0
1.2921603204673432e-07,296.1111111111111
5.415623867199118e-07,296.22222222222223
6.374554462700731e-07,296.3333333333333
4.605564425536274e-07,296.4444444444444
6.829710460150063e-07,296.55555555555554
1.8911403364554464e-07,296.66666666666663
1.5055713247136724e-07,296.77777777777777
4.805694377606561e-07,296.88888888888886
5.155292793662813e-07,297.0
7.300961248894694e-08,297.1111111111111
2.945821716844311e-07,297.22222222222223
1.3109723160057478e-07,297.3333333333333
8.770720267943118e-07,297.4444444444444
6.31708573142844e-07,297.55555555555554
5.218683484013939e-07,297.66666666666663
1.020338661904572e-07,297.77777777777777
5.707588625104504e-07,297.88888888888886
6.123652101271349e-07,298.0
3.5278984342963066e-07,298.1111111111111
3.939323786434188e-08,298.22222222222223
1.0679457197105366e-07,298.3333333333333
7.633635871988252e-07,298.4444444444444
3.678042660227169e-07,298.55555555555554
4.0942451209845877e-07,298.66666666666663
1.200945628245633e-07,298.77777777777777
6.406954415691604e-07,298.88888888888886
3.0399838228424496e-07,299.0
4.763962446684715e-07,299.1111111111111
7.264704150337654e-07,299.22222222222223
5.620993811057475e-07,299.3333333333333
2.450862288823109e-07,299.4444444444444
4.7340605141207605e-07,299.55555555555554
2.0899694546399227e-07,299.66666666666663
2.854835070996936e-07,299.77777777777777
3.865022788437562e-07,299.88888888888886
5.224757797469033e-07,300.0
1.816146790427315e-07,300.1111111111111
2.676219934390736e-07,300.22222222222223
1.4445074516113772e-07,300.3333333333333
8.625573947657968e-07,300.4444444444444
3.667089188336362e-07,300.55555555555554
1.370186361736228e-07,300.66666666666663
3.4436995766366276e-07,300.77777777777777
5.230339322202515e-07,300.88888888888886
2.3024442988413982e-07,301.0
4.962410631034244e-07,301.1111111111111
2.4639222653840474e-07,301.22222222222223
1.3876815601631753e-07,301.3333333333333
5.711915472988679e-07,301.4444444444444
2.8388336538424665e-07,301.55555555555554
3.6882353449941115e-07,301.66666666666663
2.2960545096146926e-07,301.77777777777777
3.204047317151212e-07,301.88888888888886
6.107317405057533e-07,302.0
3.5650799760528566e-07,302.1111111111111
3.325660528122984e-07,302.22222222222223
2.0276929851942308e-07,302.3333333333333
5.159852770418102e-07,302.4444444444444
5.148890521385244e-07,302.55555555555554
5.721271004186681e-07,302.66666666666663
2.8703421668426116e-07,302.77777777777777
2.5791187139974775e-07,302.88888888888886
4.788998297807661e-07,303.0
4.1910086882588085e-07,303.1111111111111
1.1959356765525844e-07,303.22222222222223
2.1726782748180125e-07,303.3333333333333
3.8467001499060256e-07,303.4444444444444
5.559512573772043e-07,303.55555555555554
4.928693269799543e-07,303.66666666666663
6.595598473744479e-07,303.77777777777777
3.567301021318713e-07,303.88888888888886
4.0155626429718416e-07,304.0
7.21700682583825e-07,304.1111111111111
3.275685053177295e-07,304.22222222222223
3.2856324197423485e-08,304.3333333333333
2.1481950605876974e-07,304.4444444444444
6.762658411054258e-07,304.55555555555554
4.296761210671951e-07,304.66666666666663
3.6061526597278524e-07,304.77777777777777
1.0709542373717695e-07,304.88888888888886
7.205274363565197e-07,305.0
4.096123147298297e-08,305.1111111111111
1.704312007212328e-07,305.22222222222223
6.61804676371578e-07,305.3333333333333
8.075438297614805e-07,305.4444444444444
4.6764814568310113e-07,305.55555555555554
5.357876168774786e-07,305.66666666666663
5.7051748861571294e-08,305.77777777777777
2.9509880775493326e-07,305.88888888888886
4.5683654559618104e-07,306.0
4.782744090952218e-07,306.1111111111111
1.609398219617698e-07,306.22222222222223
2.592337638888482e-07,306.3333333333333
8.676851211626156e-08,306.4444444444444
8.231031632133565e-07,306.55555555555554
5.356783347662209e-07,306.66666666666663
5.098372682019367e-07,306.77777777777777
1.9221926455009236e-08,306.88888888888886
5.681951671672403e-07,307.0
5.207199773769022e-07,307.1111111111111
3.007510476940136e-07,307.22222222222223
1.881607743848937e-07,307.3333333333333
1.1884635047909184e-07,307.4444444444444
6.574550739937809e-07,307.55555555555554
1.960648212130027e-07,307.66666666666663
3.6968941031115724e-07,307.77777777777777
1.292296419308305e-07,307.88888888888886
5.167995208079733e-07,308.0
3.3988426879278824e-07,308.1111111111111
3.2490588749383135e-07,308.22222222222223
6.200188049433098e-07,308.3333333333333
4.1717331915918496e-07,308.4444444444444
1.9650990473316054e-07,308.55555555555554
5.044720528561241e-07,308.66666666666663
3.740751834570146e-07,308.77777777777777
2.7484230144159806e-07,308.88888888888886
3.408180431627369e-07,309.0
4.3953051245649763e-07,309.1111111111111
3.575900766263272e-07,309.22222222222223
1.7161205016949827e-07,309.3333333333333
2.005515425993178e-07,309.4444444444444
5.595416815314441e-07,309.55555555555554
3.0642409715647875e-07,309.66666666666663
2.3178400897555046e-07,309.77777777777777
5.328380660907379e-07,309.88888888888886
5.790656976876651e-07,310.0
2.4002956925388456e-07,310.1111111111111
6.302339898669354e-07,310.22222222222223
3.4792400080379346e-07,310.3333333333333
7.075920574970882e-08,310.4444444444444
3.1143655259394885e-07,310.55555555555554
5.197852131342664e-07,310.66666666666663
4.903116972437626e-07,310.77777777777777
3.005164659378979e-07,310.88888888888886
1.9378680129437328e-07,311.0
6.239587745219999e-07,311.1111111111111
2.0049193334312615e-07,311.22222222222223
2.048805555342876e-07,311.3333333333333
3.363004739544225e-07,311.4444444444444
7.906475060598976e-07,311.55555555555554
6.725058317855891e-07,311.66666666666663
5.044882282580921e-07,311.77777777777777
1.5934937324376034e-07,311.88888888888886
3.780529665980166e-07,312.0
4.929499662824263e-07,312.1111111111111
4.501235984109263e-07,312.22222222222223
1.8010276150018155e-07,312.3333333333333
2.6261932990842876e-07,312.4444444444444
1.714175488219512e-07,312.55555555555554
6.198822957977574e-07,312.66666666666663
5.012523454171491e-07,312.77777777777777
7.446095525266251e-07,312.88888888888886
3.9285342554490086e-07,313.0
4.2869141619637565e-07,313.1111111111111
6.922290299925172e-07,313.22222222222223
2.3739781380313142e-07,313.3333333333333
1.808972979913277e-07,313.4444444444444
1.638349140376207e-07,313.55555555555554
6.813575812458864e-07,313.66666666666663
3.3157688305007805e-07,313.77777777777777
3.623833292986916e-07,313.88888888888886
5.268394264034675e-08,314.0
6.130879452204571e-07,314.1111111111111
7.362968737032653e-08,314.22222222222223
1.0730421430818037e-07,314.3333333333333
6.527770971490396e-07,314.4444444444444
7.720753589483843e-07,314.55555555555554
2.698091073616099e-07,314.66666666666663
3.966759561044404e-07,314.77777777777777
2.026889320268515e-07,314.88888888888886
3.0152621228134564e-07,315.0
3.7698342280965164e-07,315.1111111111111
3.735854786977455e-07,315.22222222222223
3.422715104484265e-07,315.3333333333333
2.1325136207744012e-07,315.4444444444444
1.976062024058533e-07,315.55555555555554
5.976028133712159e-07,315.66666666666663
3.5082245764203957e-07,315.77777777777777
4.1737179547818995e-07,315.88888888888886
1.8495882336632447e-07,316.0
6.015186678968111e-07,316.1111111111111
4.148912266248416e-07,316.22222222222223
3.84472792406106e-07,316.3333333333333
3.3075677588194725e-07,316.4444444444444
1.6598001122234233e-07,316.55555555555554
3.91663170248494e-07,316.66666666666663
3.1316794238909225e-07,316.77777777777777
5.113323775763479e-07,316.88888888888886
2.575880132448476e-07,317.0
3.3610203951564484e-07,317.1111111111111
4.0773261640315187e-07,317.22222222222223
1.877110673604059e-07,317.3333333333333
4.859004697032598e-07,317.4444444444444
1.7312152413509728e-07,317.55555555555554
5.033008528817214e-07,317.66666666666663
7.079417772492651e-07,317.77777777777777
4.4288502771853517e-07,317.88888888888886
1.4875666006850686e-07,318.0
4.0689526908267345e-07,318.1111111111111
4.904356160207919e-07,318.22222222222223
4.74114689105192e-07,318.3333333333333
1.8581099964372415e-07,318.4444444444444
2.7905913144931295e-07,318.55555555555554
2.682835222317401e-07,318.66666666666663
3.7899386580327694e-07,318.77777777777777
2.831320101587264e-07,318.88888888888886
7.089733080284901e-07,319.0
6.806791390336894e-07,319.1111111111111
2.891345139557047e-07,319.22222222222223
6.550919288829658e-07,319.3333333333333
3.4497818438939003e-07,319.4444444444444
2.7490800733041086e-07,319.55555555555554
1.3778619976597038e-07,319.66666666666663
6.314962672652265e-07,319.77777777777777
5.124224571806602e-07,319.88888888888886
3.651941156299376e-07,320.0
5.83296918603969e-08,320.1111111111111
5.731471063881678e-07,320.22222222222223
1.2701968162847692e-07,320.3333333333333
1.9754440473207646e-07,320.4444444444444
4.2727340928121205e-07,320.55555555555554
8.898917598296876e-07,320.66666666666663
6.321269890387493e-07,320.77777777777777
2.9508168251572345e-07,320.88888888888886
1.1777296077596092e-07,321.0
4.177075903281915e-07,321.1111111111111
4.3270357632926723e-07,321.22222222222223
3.441918322007477e-07,321.3333333333333
3.3383853537459827e-07,321.4444444444444
2.5941916472962795e-07,321.55555555555554
1.667679057156498e-07,321.66666666666663
5.168008653466087e-07,321.77777777777777
3.771425633587181e-07,321.88888888888886
7.008896444379674e-07,322.0
2.9771724919639546e-07,322.1111111111111
4.1593191578565223e-07,322.22222222222223
5.78505412335546e-07,322.3333333333333
1.7026018688822392e-07,322.4444444444444
3.169247293767712e-07,322.55555555555554
1.8832150406193683e-07,322.66666666666663
4.792856477653964e-07,322.77777777777777
2.202186566472087e-07,322.88888888888886
4.7252949804552256e-07,323.0
2.090467872913158e-07,323.1111111111111
4.268970806639032e-07,323.22222222222223
1.9076691082528572e-07,323.3333333333333
8.98399379294877e-09,323.4444444444444
5.635862129952844e-07,323.55555555555554
5.711597785455111e-07,323.66666666666663
5.013893722348826e-08,323.77777777777777
5.316384973367398e-07,323.88888888888886
3.861339396326017e-07,324.0
1.9385083478650245e-07,324.1111111111111
3.277320505181956e-07,324.22222222222223
4.12546839065595e-07,324.3333333333333
5.304419391244171e-07,324.4444444444444
1.7580480592011613e-07,324.55555555555554
2.7371233951371627e-07,324.66666666666663
3.1578238108628634e-07,324.77777777777777
2.647471735497183e-07,324.88888888888886
2.685427418611406e-07,325.0
4.162479082310306e-07,325.1111111111111
7.412485592517543e-07,325.22222222222223
4.12973913290383e-07,325.3333333333333
4.449558653832683e-07,325.4444444444444
3.7719869707752e-07,325.55555555555554
3.615360659905998e-07,325.66666666666663
1.0562796279796517e-07,325.77777777777777
4.935185323515582e-07,325.88888888888886
6.150469111992565e-07,326.0
3.949928431555668e-07,326.1111111111111
1.7547289371089917e-07,326.22222222222223
4.371181953564582e-07,326.3333333333333
1.288657298419424e-07,326.4444444444444
4.251608637538033e-07,326.55555555555554
5.88959306733311e-08,326.66666666666663
7.225865914393488e-07,326.77777777777777
8.005675368803678e-07,326.88888888888886
3.6952264525827776e-07,327.0
1.0467794469741501e-07,327.1111111111111
4.7304459891721615e-07,327.22222222222223
5.098426442973787e-07,327.3333333333333
4.5067181571144194e-07,327.4444444444444
2.7906818269556307e-07,327.55555555555554
3.0757719185006086e-07,327.66666666666663
1.1296856232156016e-07,327.77777777777777
3.876090742574323e-07,327.88888888888886
2.4138616736732975e-07,328.0
7.700492563859375e-07,328.1111111111111
6.706652820760138e-07,328.22222222222223
2.079992371820266e-07,328.3333333333333
5.595202684061228e-07,328.4444444444444
2.6616189305917836e-07,328.55555555555554
4.1630170355832243e-07,328.66666666666663
1.0884346962566921e-07,328.77777777777777
5.305719926113476e-07,328.88888888888886
4.162999247543571e-07,329.0
4.2390220560672587e-07,329.1111111111111
1.1048729991764719e-07,329.22222222222223
4.320998913085423e-07,329.3333333333333
1.1898480412574037e-07,329.4444444444444
2.356170677233643e-07,329.55555555555554
4.272976056238658e-07,329.66666666666663
7.899013755363105e-07,329.77777777777777
4.0040979439052175e-07,329.88888888888886
2.046363296801024e-07,330.0
3.175544605497722e-07,330.1111111111111
3.4223397334931557e-07,330.22222222222223
2.59513300059572e-07,330.3333333333333
2.6634529833445137e-07,330.4444444444444
5.426111202456195e-07,330.55555555555554
2.1449193357052596e-07,330.66666666666663
2.072891695647388e-07,330.77777777777777
3.142474419878856e-07,330.88888888888886
2.701828236242419e-07,331.0
5.353493172099573e-07,331.1111111111111
1.1791153638369044e-07,331.22222222222223
5.507664066098979e-07,331.3333333333333
5.379349817363712e-07,331.4444444444444
2.1061370115279806e-07,331.55555555555554
3.5583163653054045e-07,331.66666666666663
3.372143292870089e-07,331.77777777777777
2.07545499096482e-07,331.88888888888886
3.369630244022118e-07,332.0
5.878653111483518e-07,332.1111111111111
4.0254895118377255e-07,332.22222222222223
2.808603599602202e-07,332.3333333333333
2.9567610037446024e-07,332.4444444444444
3.9666193243738884e-08,332.55555555555554
4.929642833533592e-07,332.66666666666663
3.4181884537538946e-07,332.77777777777777
3.463948071356856e-07,332.88888888888886
7.115574196949971e-07,333.0
4.7207527787294146e-07,333.1111111111111
2.0903218309672374e-07,333.22222222222223
3.8490017946229716e-07,333.3333333333333
5.096031487091836e-07,333.4444444444444
6.203817392425272e-07,333.55555555555554
1.9338864302813143e-07,333.66666666666663
3.1213121893081425e-07,333.77777777777777
1.193241614987468e-07,333.88888888888886
3.0422267924928305e-07,334.0
8.156177026845768e-08,334.1111111111111
5.904268156497427e-07,334.22222222222223
8.334876481944533e-07,334.3333333333333
3.8469159581953773e-07,334.4444444444444
3.8206768851956716e-07,334.55555555555554
3.3354072759409673e-07,334.66666666666663
5.300851449955447e-07,334.77777777777777
7.607471056112525e-08,334.88888888888886
5.051809659310357e-07,335.0
5.908910699121708e-07,335.1111111111111
4.5800508477586404e-07,335.22222222222223
5.486144912296187e-08,335.3333333333333
3.7243901511487524e-07,335.4444444444444
1.0624719765294739e-07,335.55555555555554
4.270436516935292e-07,335.66666666666663
1.9154641321247263e-07,335.77777777777777
7.530600365377758e-07,335.88888888888886
6.856776004390861e-07,336.0
1.8042250932390682e-07,336.1111111111111
2.942441213217034e-07,336.22222222222223
4.322336715968202e-07,336.3333333333333
3.6565509287798056e-07,336.4444444444444
3.05588264437795e-07,336.55555555555554
4.5327739146618476e-07,336.66666666666663
2.831642081826009e-07,336.77777777777777
9.554638577541058e-08,336.88888888888886
2.848402426984627e-07,337.0
2.3385886479612366e-07,337.1111111111111
6.830773370507611e-07,337.22222222222223
4.840224359134178e-07,337.3333333333333
1.9383619131767226e-07,337.4444444444444
4.881240594188492e-07,337.55555555555554
2.155097837108879e-07,337.66666666666663
4.412578316568392e-07,337.77777777777777
1.8087410513607809e-07,337.88888888888886
2.981921220876874e-07,338.0
3.6951376880544754e-07,338.1111111111111
4.682180679537847e-07,338.22222222222223
3.1342484008221036e-07,338.3333333333333
3.410928854147102e-07,338.4444444444444
2.3491067817435334e-07,338.55555555555554
2.2606227960007814e-07,338.66666666666663
3.9081200991789697e-07,338.77777777777777
5.857786489399973e-07,338.88888888888886
8.561252296343357e-08,339.0
4.154078945849281e-07,339.1111111111111
4.748343738807267e-07,339.22222222222223
3.196514009950756e-07,339.3333333333333
1.769781456232504e-07,339.4444444444444
3.6820476539828024e-07,339.55555555555554
7.101414782614569e-07,339.66666666666663
2.1242988868550008e-07,339.77777777777777
2.4626375810384884e-07,339.88888888888886
1.6594674346641154e-07,340.0
3.1288145861146364e-07,340.1111111111111
2.978903837034004e-07,340.22222222222223
2.421262072602313e-07,340.3333333333333
7.372889420725391e-07,340.4444444444444
5.590277817923605e-07,340.55555555555554
2.0387682803294458e-07,340.66666666666663
3.1216553509448e-07,340.77777777777777
5.190706337058892e-07,340.88888888888886
1.9794285606874283e-07,341.0
4.5115072334009526e-07,341.1111111111111
6.107023548446807e-07,341.22222222222223
5.259309357016937e-07,341.3333333333333
2.5556707325413966e-07,341.4444444444444
3.115512617827351e-07,341.55555555555554
3.0078428017894316e-08,341.66666666666663
4.848004359496345e-07,341.77777777777777
2.5017259588379816e-07,341.88888888888886
5.069021808754998e-07,342.0
7.218285155364584e-07,342.1111111111111
4.3289187809011323e-07,342.22222222222223
3.907871417303564e-07,342.3333333333333
4.071884993138087e-07,342.4444444444444
4.637229307847665e-07,342.55555555555554
5.629400162349043e-07,342.66666666666663
2.9395993811479796e-07,342.77777777777777
2.989925632807594e-07,342.88888888888886
1.201990049842154e-07,343.0
2.8001243194687474e-07,343.1111111111111
1.3414910860472047e-07,343.22222222222223
6.37549161851087e-07,343.3333333333333
7.451221612247924e-07,343.4444444444444
2.1123013958476e-07,343.55555555555554
2.7635198484769396e-07,343.66666666666663
2.7483477727282465e-07,343.77777777777777
5.808028087079368e-07,343.88888888888886
9.212992484661887e-08,344.0
3.401220850412996e-07,344.1111111111111
5.123517877052668e-07,344.22222222222223
4.2116772385708014e-07,344.3333333333333
9.943613401496138e-08,344.4444444444444
3.3325348858551374e-07,344.55555555555554
2.3017513290784413e-07,344.66666666666663
3.9508557639450413e-07,344.77777777777777
2.1754663145723396e-07,344.88888888888886
6.295449149617937e-07,345.0
4.146270602142875e-07,345.1111111111111
9.882768728712299e-08,345.22222222222223
4.454434939132773e-07,345.3333333333333
3.5150505631478975e-07,345.4444444444444
8.621859000000078e-08,345.55555555555554
2.0500119182059287e-07,345.66666666666663
6.405280071070272e-07,345.77777777777777
2.9794662660533155e-07,345.88888888888886
1.8209119626574603e-07,346.0
1.6592295506269753e-07,346.1111111111111
3.4394364894958735e-07,346.22222222222223
4.780589675642671e-07,346.3333333333333
1.6946456350021652e-07,346.4444444444444
4.415725676345955e-07,346.55555555555554
5.398364834022641e-07,346.66666666666663
2.4404567938090607e-07,346.77777777777777
3.7462334582516315e-07,346.88888888888886
3.459653942827467e-07,347.0
2.2168556983463558e-07,347.1111111111111
4.7319287562660847e-07,347.22222222222223
4.7164532267077364e-07,347.3333333333333
4.911454230121819e-07,347.4444444444444
4.209021416412686e-07,347.55555555555554
3.2343875208494604e-07,347.66666666666663
1.439649047896255e-07,347.77777777777777
4.0019591669282833e-07,347.88888888888886
4.308492729887294e-07,348.0
1.7688301910547365e-07,348.1111111111111
5.338395908089552e-07,348.22222222222223
5.220511831634477e-07,348.3333333333333
4.77684886021235e-07,348.4444444444444
3.068256073797731e-07,348.55555555555554
4.198431116651064e-07,348.66666666666663
7.501118609091398e-07,348.77777777777777
2.6340830717192694e-07,348.88888888888886
2.590314271502386e-07,349.0
1.9892753609921017e-07,349.1111111111111
3.456362291118793e-07,349.22222222222223
1.0195797470184326e-07,349.3333333333333
4.3490850594201266e-07,349.4444444444444
7.833406231364163e-07,349.55555555555554
4.78317968144528e-07,349.66666666666663
7.827970695798212e-08,349.77777777777777
2.568768424923294e-07,349.88888888888886
6.121852922308104e-07,350.0
2.839392215143654e-07,350.1111111111111
4.173432910875193e-07,350.22222222222223
5.468239435655078e-07,350.3333333333333
5.168437861381858e-07,350.4444444444444
1.975626197325214e-07,350.55555555555554
2.8112570113410427e-07,350.66666666666663
2.0599134446619668e-07,350.77777777777777
4.660120030599183e-07,350.88888888888886
2.2918970689827026e-07,351.0
5.00479552680237e-07,351.1111111111111
5.437358972979918e-07,351.22222222222223
3.060350411158001e-07,351.3333333333333
5.220199128828196e-07,351.4444444444444
3.2003036478400383e-07,351.55555555555554
2.480720417272737e-07,351.66666666666663
4.0651296917495717e-07,351.77777777777777
4.3429376234418934e-07,351.88888888888886
2.979061995727816e-07,352.0
2.486392437928906e-07,352.1111111111111
1.6977181328845032e-07,352.22222222222223
3.219206886461206e-07,352.3333333333333
5.437787461447676e-07,352.4444444444444
4.678275126485569e-07,352.55555555555554
8.968985071700607e-08,352.66666666666663
3.4574667404842836e-07,352.77777777777777
2.9770161573221314e-07,352.88888888888886
5.172230538073031e-07,353.0
1.0500902674971883e-07,353.1111111111111
1.3333075972354895e-07,353.22222222222223
5.350637462038438e-07,353.3333333333333
3.1233791043816754e-07,353.4444444444444
2.9212645468383787e-07,353.55555555555554
4.751625635832572e-07,353.66666666666663
3.8843047159788726e-07,353.77777777777777
2.8042018652430747e-07,353.88888888888886
2.392832872616758e-07,354.0
4.829282512205171e-07,354.1111111111111
1.3058115100732426e-07,354.22222222222223
2.5089055898590517e-07,354.3333333333333
5.053659942166541e-07,354.4444444444444
4.3411302332941373e-07,354.55555555555554
2.2198434238595004e-07,354.66666666666663
2.7559058927659936e-07,354.77777777777777
7.472059866067079e-07,354.88888888888886
3.7935159266389116e-07,355.0
2.9631359634462785e-07,355.1111111111111
1.7504186537621548e-07,355.22222222222223
4.256017930172579e-07,355.3333333333333
2.3000655977237286e-07,355.4444444444444
1.6211327888751712e-07,355.55555555555554
6.254026025603664e-07,355.66666666666663
5.554916319313848e-07,355.77777777777777
2.5589795429242584e-07,355.88888888888886
3.0804601052844696e-07,356.0
4.798602744944237e-07,356.1111111111111
3.4829138787949607e-07,356.22222222222223
5.547999270996059e-07,356.3333333333333
4.182118864493609e-07,356.4444444444444
5.637432441920968e-07,356.55555555555554
4.754181453974453e-07,356.66666666666663
3.1011169244438494e-07,356.77777777777777
1.4617051286858633e-07,356.88888888888886
4.2999398660964043e-07,357.0
3.557303624674163e-07,357.1111111111111
2.940466919053774e-07,357.22222222222223
4.7203559536656065e-07,357.3333333333333
4.520500285044544e-07,357.4444444444444
6.274639620929122e-07,357.55555555555554
3.396193054990348e-07,357.66666666666663
2.97435205330793e-07,357.77777777777777
6.497477128361168e-07,357.88888888888886
2.932158664248338e-07,358.0
2.2399731883528778e-07,358.1111111111111
3.1504383680611087e-07,358.22222222222223
2.8355382741675364e-07,358.3333333333333
2.2188208073632958e-07,358.4444444444444
5.022601855548171e-07,358.55555555555554
6.171346190636095e-07,358.66666666666663
2.4587795038837e-07,358.77777777777777
1.2725614896083494e-07,358.88888888888886
2.8462778381166983e-07,359.0
5.777247480519751e-07,359.1111111111111
2.4207689096137726e-07,359.22222222222223
2.534173488565483e-07,359.3333333333333
5.088292115069309e-07,359.4444444444444
3.733347532276515e-07,359.55555555555554
8.186349948191694e-08,359.66666666666663
3.8939608219606156e-07,359.77777777777777
4.1790782382239414e-07,359.88888888888886
3.6888389271221944e-07,360.0
1.583923749233566e-07,360.1111111111111
4.118417679803624e-07,360.22222222222223
2.7678812551799607e-07,360.3333333333333
1.8273410708591383e-07,360.4444444444444
5.463100550758123e-07,360.55555555555554
2.613447599712398e-07,360.66666666666663
1.6120239818217824e-07,360.77777777777777
3.074124177481518e-07,360.88888888888886
5.491140915284643e-07,361.0
3.9297614457202094e-07,361.1111111111111
4.3241233554305516e-07,361.22222222222223
6.468810046776314e-08,361.3333333333333
4.3607946769788114e-07,361.4444444444444
3.5554835220255155e-07,361.55555555555554
9.872366905922397e-08,361.66666666666663
3.6765972541603734e-07,361.77777777777777
4.6062781155303545e-07,361.88888888888886
3.531720539366196e-07,362.0
4.302835235446217e-07,362.1111111111111
2.5552921727375753e-07,362.22222222222223
2.2117971253045487e-07,362.3333333333333
6.421620242801932e-07,362.4444444444444
1.9259295826527461e-07,362.55555555555554
4.50006072467007e-07,362.66666666666663
6.237804324460642e-07,362.77777777777777
4.531658171413453e-07,362.88888888888886
1.1004472556944423e-07,363.0
3.26027004677274e-07,363.1111111111111
4.030977818266258e-07,363.22222222222223
1.3751301419244193e-07,363.3333333333333
2.859343743632489e-07,363.4444444444444
4.6228738791061547e-07,363.55555555555554
6.035001721421848e-07,363.66666666666663
4.159479703600135e-07,363.77777777777777
2.8997093529218497e-07,363.88888888888886
7.205188800922653e-07,364.0
4.147398784336135e-07,364.1111111111111
3.2814935198268963e-07,364.22222222222223
2.6279096409038793e-07,364.3333333333333
4.113949426637649e-07,364.4444444444444
8.330838935794304e-08,364.55555555555554
3.884769315370054e-07,364.66666666666663
6.153862644886392e-07,364.77777777777777
4.056754744815981e-07,364.88888888888886
2.386018163510334e-07,365.0
3.275078806447826e-07,365.1111111111111
4.980721851327133e-07,365.22222222222223
3.71480387406068e-07,365.3333333333333
5.187603576839636e-07,365.4444444444444
3.4907976479524826e-07,365.55555555555554
4.907347122910189e-07,365.66666666666663
4.053845138218882e-07,365.77777777777777
2.678684542784283e-07,365.88888888888886
3.5320525134801805e-07,366.0
4.0171573045447854e-07,366.1111111111111
2.3475878846484677e-07,366.22222222222223
2.8852073885224836e-07,366.3333333333333
2.812154686574897e-07,366.4444444444444
3.068582750986959e-07,366.55555555555554
6.553817707761177e-07,366.66666666666663
2.2322006655850288e-07,366.77777777777777
5.2562865197625815e-08,366.88888888888886
4.966022224521942e-07,367.0
2.92916100044411e-07,367.1111111111111
2.507351480642965e-07,367.22222222222223
5.074891723450954e-07,367.3333333333333
1.9001846340019981e-07,367.4444444444444
3.4146739244074276e-07,367.55555555555554
4.3389993753126756e-07,367.66666666666663
2.8718828727744977e-07,367.77777777777777
1.321023313137075e-07,367.88888888888886
3.1091123342594835e-07,368.0
3.581099773406417e-07,368.1111111111111
4.775093208383221e-07,368.22222222222223
2.050051336058956e-07,368.3333333333333
6.483570610560626e-08,368.4444444444444
5.826124456907024e-07,368.55555555555554
1.6543876488387617e-07,368.66666666666663
2.4900377133310104e-07,368.77777777777777
5.767950881751804e-07,368.88888888888886
5.643469822898121e-07,369.0
1.9558969573980662e-07,369.1111111111111
2.0938710457605049e-07,369.22222222222223
3.651936655586595e-07,369.3333333333333
1.2681009250598868e-07,369.4444444444444
1.3812880343979613e-07,369.55555555555554
4.7238573377594787e-07,369.66666666666663
4.013141770816455e-07,369.77777777777777
4.1490493224372106e-07,369.88888888888886
3.5622563428313797e-07,370.0
5.81689956115741e-07,370.1111111111111
4.923816646727139e-07,370.22222222222223
5.620143420328376e-07,370.3333333333333
8.48690791445147e-08,370.4444444444444
4.489909889400306e-07,370.55555555555554
1.5506557930159646e-07,370.66666666666663
2.398946516482511e-07,370.77777777777777
5.171689482379604e-07,370.88888888888886
4.2507250069292583e-07,371.0
3.5656560364127266e-07,371.1111111111111
4.199854072971103e-07,371.22222222222223
3.482893862871256e-07,371.3333333333333
3.102057294158739e-07,371.4444444444444
6.912261400863878e-07,371.55555555555554
1.1049601702719303e-07,371.66666666666663
4.898002666051876e-07,371.77777777777777
6.418123160257019e-07,371.88888888888886
3.8013130500270624e-07,372.0
1.9055282798583937e-07,372.1111111111111
3.9188211552949955e-07,372.22222222222223
2.9885663922755604e-07,372.3333333333333
1.9794085575425877e-07,372.4444444444444
1.9598415092287594e-07,372.55555555555554
3.3734140817037607e-07,372.66666666666663
6.783528276364831e-07,372.77777777777777
4.309650556194672e-07,372.88888888888886
1.937575988189548e-07,373.0
5.848498718107501e-07,373.1111111111111
3.2942190757960286e-07,373.22222222222223
2.548009535983843e-07,373.3333333333333
4.289919151316948e-07,373.4444444444444
3.5190671976054155e-07,373.55555555555554
1.6694177034504784e-07,373.66666666666663
4.52460824760969e-07,373.77777777777777
4.03024296819905e-07,373.88888888888886
1.194870496924008e-07,374.0
2.703757130792691e-07,374.1111111111111
3.850255933158089e-07,374.22222222222223
4.077728241143055e-07,374.3333333333333
3.1190797698674336e-07,374.4444444444444
3.919537877322808e-07,374.55555555555554
3.6541252244027325e-07,374.66666666666663
3.14991343648348e-07,374.77777777777777
3.379572875235256e-07,374.88888888888886
3.6422022245536965e-07,375.0
5.459434706508911e-07,375.1111111111111
3.073690566664439e-07,375.22222222222223
1.2296356087537484e-07,375.3333333333333
2.9098500015507236e-07,375.4444444444444
1.3785869157497685e-07,375.55555555555554
1.575888242604746e-07,375.66666666666663
5.580413126168879e-07,375.77777777777777
1.1410147076385583e-07,375.88888888888886
2.836712836934444e-07,376.0
4.5134803764267196e-07,376.1111111111111
3.016260328212444e-07,376.22222222222223
3.8364571411993144e-07,376.3333333333333
7.01129022407214e-07,376.4444444444444
1.532936851067081e-07,376.55555555555554
3.6194262725918226e-07,376.66666666666663
2.88599647244665e-07,376.77777777777777
8.229133626896441e-08,376.88888888888886
3.868029887349438e-07,377.0
3.7276311479787537e-07,377.1111111111111
3.84121007564298e-07,377.22222222222223
4.3151062859780576e-07,377.3333333333333
2.957103285518134e-07,377.4444444444444
1.031372321040678e-07,377.55555555555554
6.738136246365496e-07,377.66666666666663
1.1661070881378567e-07,377.77777777777777
4.2114238857131007e-07,377.88888888888886
6.751883909897045e-07,378.0
5.68771898958774e-07,378.1111111111111
5.83974306629864e-08,378.22222222222223
3.577017309812716e-07,378.3333333333333
3.2161361045350456e-07,378.4444444444444
1.8126822127436698e-07,378.55555555555554
1.0717749089922489e-07,378.66666666666663
3.3773144297288345e-07,378.77777777777777
5.343583503201578e-07,378.88888888888886
5.444929364839749e-07,379.0
4.087735900161352e-07,379.1111111111111
5.094626936636812e-07,379.22222222222223
4.770036022606997e-07,379.3333333333333
5.555946109348979e-07,379.4444444444444
2.0205957285541834e-07,379.55555555555554
4.012334716202267e-07,379.66666666666663
2.0954358567793033e-08,379.77777777777777
4.210232997858497e-07,379.88888888888886
4.6809717089175175e-07,380.0
2.0572074607490564e-07,380.1111111111111
3.124202937537976e-07,380.22222222222223
4.518084361512342e-07,380.3333333333333
3.148459333978599e-07,380.4444444444444
2.88991518802694e-07,380.55555555555554
6.298869786203862e-07,380.66666666666663
7.368210586893454e-08,380.77777777777777
3.876699141390445e-07,380.88888888888886
5.643506222304061e-07,381.0
2.2993811706995092e-07,381.1111111111111
3.9024710251499006e-07,381.22222222222223
3.840046039789756e-07,381.3333333333333
1.0154457999548493e-07,381.4444444444444
2.3399194992868867e-07,381.55555555555554
1.238378637353812e-07,381.66666666666663
1.7993773919730482e-07,381.77777777777777
6.096490981527258e-07,381.88888888888886
2.86612750030425e-07,382.0
2.08398087008924e-07,382.1111111111111
4.601795622390366e-07,382.22222222222223
1.3332927135743538e-07,382.3333333333333
2.2154919395447257e-07,382.4444444444444
6.480753879623348e-07,382.55555555555554
3.403932062845088e-07,382.66666666666663
1.8609780825016046e-07,382.77777777777777
3.7258058793840004e-07,382.88888888888886
7.851240171368866e-08,383.0
2.593652482004733e-07,383.1111111111111
3.244005146460386e-07,383.22222222222223
4.0318094361836806e-07,383.3333333333333
3.1902999567549835e-07,383.4444444444444
3.32492703522309e-07,383.55555555555554
2.575787330525475e-07,383.66666666666663
4.610248298211122e-07,383.77777777777777
2.176353420068279e-07,383.88888888888886
4.5379815549127353e-07,384.0
4.992012576122433e-07,384.1111111111111
6.239579075438025e-07,384.22222222222223
2.3158582318821013e-07,384.3333333333333
3.1396989671410674e-07,384.4444444444444
3.2994511788615034e-07,384.55555555555554
1.9941652195434948e-07,384.66666666666663
6.847792175256804e-08,384.77777777777777
3.9277503227638667e-07,384.88888888888886
2.589976441636101e-07,385.0
4.900331596329553e-07,385.1111111111111
5.276386499678203e-07,385.22222222222223
3.1727480548668406e-07,385.3333333333333
4.66950568616455e-07,385.4444444444444
7.81862005589203e-07,385.55555555555554
1.0815010376461941e-07,385.66666666666663
3.098373987215885e-07,385.77777777777777
1.5437658710584385e-07,385.88888888888886
3.5236343857010706e-07,386.0
5.043241156599544e-07,386.1111111111111
2.6189233695044326e-07,386.22222222222223
3.322713661254971e-07,386.3333333333333
4.515181283471003e-07,386.4444444444444
3.4523031463959103e-07,386.55555555555554
1.3918705488189783e-07,386.66666666666663
6.794647636939175e-07,386.77777777777777
1.9941727904446129e-07,386.88888888888886
4.558075785034345e-07,387.0
6.446654469367412e-07,387.1111111111111
4.2049436884499884e-07,387.22222222222223
2.0995289065323652e-07,387.3333333333333
4.3092205258829363e-07,387.4444444444444
1.6114084815348743e-07,387.55555555555554
2.2205718965273212e-07,387.66666666666663
1.0075184385583108e-07,387.77777777777777
1.881913071089739e-07,387.88888888888886
5.366554599687579e-07,388.0
4.887370947546636e-07,388.1111111111111
4.1994449997443e-07,388.22222222222223
3.705433412445084e-07,388.3333333333333
3.1213074421830313e-07,388.4444444444444
4.343455033006008e-07,388.55555555555554
4.089989233123572e-07,388.66666666666663
3.9127849684470757e-07,388.77777777777777
9.75559583905487e-09,388.88888888888886
4.2501079141117444e-07,389.0
2.5065177052840557e-07,389.1111111111111
1.326446818703674e-07,389.22222222222223
2.880534163412329e-07,389.3333333333333
4.4725776667796855e-07,389.4444444444444
1.8776896348974017e-07,389.55555555555554
2.956563550923078e-07,389.66666666666663
4.983264025596818e-07,389.77777777777777
1.3761151967930423e-07,389.88888888888886
2.2436602968838363e-07,390.0
5.649736923259949e-07,390.1111111111111
2.1052418476028652e-07,390.22222222222223
5.064131041863264e-07,390.3333333333333
3.4235297014527723e-07,390.4444444444444
2.520765194086431e-07,390.55555555555554
3.4346839594477525e-07,390.66666666666663
2.07831621766953e-07,390.77777777777777
5.23873070768288e-08,390.88888888888886
4.441330738773659e-07,391.0
9.369731895018196e-08,391.1111111111111
3.7217469956445897e-07,391.22222222222223
4.822107724828569e-07,391.3333333333333
1.1943993155458884e-07,391.4444444444444
3.412740898361504e-07,391.55555555555554
8.044363991059864e-07,391.66666666666663
3.424281705924201e-07,391.77777777777777
1.2427831965212473e-07,391.88888888888886
2.316408749434345e-07,392.0
2.332359917661759e-07,392.1111111111111
5.073528641387976e-07,392.22222222222223
2.98074026501661e-07,392.3333333333333
3.5456696101581915e-07,392.4444444444444
3.2864091518145266e-07,392.55555555555554
4.1029496872458637e-07,392.66666666666663
1.9365222270523927e-07,392.77777777777777
5.262623909796174e-07,392.88888888888886
3.0419861370730987e-07,393.0
5.823498265267018e-07,393.1111111111111
5.350298888050199e-07,393.22222222222223
5.471945215382074e-07,393.3333333333333
2.5262166445877745e-07,393.4444444444444
4.79817141342622e-07,393.55555555555554
2.747852454443e-07,393.66666666666663
2.3745280489622757e-07,393.77777777777777
5.949432437400188e-08,393.88888888888886
2.320636595655423e-07,394.0
3.502271715782583e-07,394.1111111111111
5.233606131790162e-07,394.22222222222223
5.894606662781468e-07,394.3333333333333
2.889941430651835e-07,394.4444444444444
4.0227460404414073e-07,394.55555555555554
7.051020963778616e-07,394.66666666666663
1.0936493601509846e-07,394.77777777777777
2.83652580216504e-07,394.88888888888886
9.977542172909996e-08,395.0
4.543061029716024e-07,395.1111111111111
4.320747071601214e-07,395.22222222222223
6.4840382902236336e-09,395.3333333333333
2.4888280451431353e-07,395.4444444444444
4.457495907592999e-07,395.55555555555554
2.7653447327985405e-07,395.66666666666663
1.950239174284068e-07,395.77777777777777
5.882114157361583e-07,395.88888888888886
1.7551368673380983e-07,396.0
3.4068512290588353e-07,396.1111111111111
5.929857751577139e-07,396.22222222222223
1.82375329427849e-07,396.3333333333333
3.096049526567934e-07,396.4444444444444
3.994284042871235e-07,396.55555555555554
1.3310657046447314e-07,396.66666666666663
3.541344046851163e-07,396.77777777777777
1.8281699431974995e-07,396.88888888888886
7.74650496424742e-08,397.0
4.2014780564866703e-07,397.1111111111111
3.022364402608741e-07,397.22222222222223
4.334855329644279e-07,397.3333333333333
2.948752399684986e-07,397.4444444444444
1.048288412645969e-07,397.55555555555554
3.645829742677626e-07,397.66666666666663
6.129940669572258e-07,397.77777777777777
4.2764762180663736e-07,397.88888888888886
5.951814190231026e-08,398.0
3.1837362620809454e-07,398.1111111111111
4.4300924991445616e-08,398.2222222222222
4.4779624725116996e-07,398.3333333333333
2.989399456494308e-07,398.4444444444444
3.9685086961789914e-07,398.55555555555554
1.2118772615731736e-07,398.66666666666663
3.920164125704214e-07,398.77777777777777
3.820835952681505e-07,398.88888888888886
2.4988293536783953e-07,399.0
2.2235129543710051e-07,399.1111111111111
6.8191682852535e-07,399.2222222222222
2.9642351784978544e-07,399.3333333333333
4.907373390359094e-07,399.4444444444444
3.3915771396556255e-07,399.55555555555554
5.104337716592043e-07,399.66666666666663
4.1307507735452027e-07,399.77777777777777
2.4203685428938074e-07,399.88888888888886
5.44661490774025e-17,400.0
2.7446914234142146e-07,400.1111111111111
1.4048660705782864e-07,400.2222222222222
4.480892894595875e-07,400.3333333333333
5.770164586765029e-07,400.4444444444444
3.047145349391149e-07,400.55555555555554
4.091827526227958e-07,400.66666666666663
8.074960267865547e-07,400.77777777777777
2.618837905904685e-07,400.88888888888886
9.291582783314873e-08,401.0
1.3047092245178404e-07,401.1111111111111
4.147245530683014e-07,401.2222222222222
5.825370014231281e-07,401.3333333333333
1.522477993491785e-07,401.4444444444444
2.530549738356787e-07,401.55555555555554
3.481651691679277e-07,401.66666666666663
4.0080092808263915e-07,401.77777777777777
2.3468649416046368e-07,401.88888888888886
5.065718118757612e-07,402.0
3.383433038660992e-07,402.1111111111111
5.719795588434442e-07,402.2222222222222
4.84965740078703e-07,402.3333333333333
3.451305899278912e-07,402.4444444444444
2.724797675195897e-07,402.55555555555554
4.965557127384134e-07,402.66666666666663
7.406438704618178e-08,402.77777777777777
3.3086711432941546e-07,402.88888888888886
1.2413044263951223e-07,403.0
1.2959907323540999e-07,403.1111111111111
3.241031648630314e-07,403.2222222222222
3.9182879287673743e-07,403.3333333333333
5.883838483378032e-07,403.4444444444444
1.9421042687682924e-07,403.55555555555554
1.9094295702883488e-07,403.66666666666663
5.539102013844461e-07,403.77777777777777
2.9634879145590245e-07,403.88888888888886
3.3613626881218755e-07,404.0
1.443797611291345e-07,404.1111111111111
4.23717938730956e-07,404.2222222222222
2.281547453960572e-07,404.3333333333333
3.0024749848731593e-07,404.4444444444444
2.504416694098714e-07,404.55555555555554
4.06592134421251e-07,404.66666666666663
1.3102863421828568e-07,404.77777777777777
3.27487741252363e-07,404.88888888888886
4.602671693925447e-07,405.0
1.236154243231544e-07,405.1111111111111
1.6022409601082857e-07,405.2222222222222
6.565497050467742e-07,405.3333333333333
4.567499115363466e-08,405.4444444444444
3.064855099898175e-07,405.55555555555554
3.283806052178303e-07,405.66666666666663
4.4686646827499446e-07,405.77777777777777
5.234588987568641e-07,405.88888888888886
2.2296594493750435e-07,406.0
5.618168742245973e-08,406.1111111111111
2.806155470911574e-07,406.2222222222222
1.1927659290089227e-07,406.3333333333333
4.37596682330067e-07,406.4444444444444
3.767853792154163e-07,406.55555555555554
2.8978844613364854e-07,406.66666666666663
4.437577057283728e-07,406.77777777777777
7.040749660419613e-07,406.88888888888886
4.047635907371851e-07,407.0
1.6590908189226902e-07,407.1111111111111
2.3253761342166831e-07,407.2222222222222
2.5631891493978564e-07,407.3333333333333
6.362080145309421e-07,407.4444444444444
2.734072321586323e-07,407.55555555555554
3.2451652375577196e-07,407.66666666666663
1.758995715355594e-07,407.77777777777777
4.309634952962618e-07,407.88888888888886
3.550763361283381e-07,408.0
3.3199759641881366e-07,408.1111111111111
3.051433046005906e-07,408.2222222222222
7.419860138280015e-07,408.3333333333333
2.976132912036796e-07,408.4444444444444
3.479800212151582e-07,408.55555555555554
3.4838610948524276e-07,408.66666666666663
6.254993590649157e-07,408.77777777777777
3.402826347138714e-07,408.88888888888886
2.50601998973413e-07,409.0
5.675456072533191e-08,409.1111111111111
1.8006493546633557e-07,409.2222222222222
2.0924639595025137e-07,409.3333333333333
3.7615220490662065e-07,409.4444444444444
6.224310259882519e-07,409.55555555555554
3.679002788401089e-07,409.66666666666663
3.2200351433631034e-07,409.77777777777777
6.676042696635409e-07,409.88888888888886
1.1304473152057555e-07,410.0
1.760883452187296e-07,410.1111111111111
1.1937460315983648e-07,410.2222222222222
4.605844464396846e-07,410.3333333333333
4.895140971648397e-07,410.4444444444444
7.82582970763543e-08,410.55555555555554
1.8836587368259042e-07,410.66666666666663
3.434469760432949e-07,410.77777777777777
2.797462648705811e-07,410.88888888888886
3.420564216511639e-07,411.0
4.163556383057081e-07,411.1111111111111
2.751046800332713e-07,411.2222222222222
4.211180882108567e-07,411.3333333333333
4.915965929182757e-07,411.4444444444444
1.199980750471158e-07,411.55555555555554
2.1107185059186974e-07,411.66666666666663
3.6701353156227296e-07,411.77777777777777
2.4130992194675113e-07,411.88888888888886
5.387870896147165e-07,412.0
2.014161016002744e-07,412.1111111111111
1.0508203768452612e-07,412.2222222222222
2.5667855350825565e-07,412.3333333333333
1.887463624643704e-07,412.4444444444444
5.374029724818282e-07,412.55555555555554
1.1710088768986007e-07,412.66666666666663
1.450321432854623e-07,412.77777777777777
5.144041823819412e-07,412.88888888888886
4.5612989141117464e-07,413.0
3.635180936451681e-07,413.1111111111111
2.527604236336248e-07,413.2222222222222
3.9230234149276497e-07,413.3333333333333
4.509923591428012e-08,413.4444444444444
5.423105402234586e-07,413.55555555555554
3.2200691926352545e-07,413.66666666666663
3.9758024311683657e-07,413.77777777777777
1.6742395431803184e-08,413.88888888888886
4.0842223418740043e-07,414.0
3.857900147660075e-07,414.1111111111111
2.3603238729254965e-07,414.2222222222222
1.2824964641415037e-07,414.3333333333333
7.51401457332238e-07,414.4444444444444
1.5821482688612436e-07,414.55555555555554
2.0635913425823484e-07,414.66666666666663
3.019491590729696e-07,414.77777777777777
6.631957502358951e-07,414.88888888888886
5.881983790659908e-07,415.0
1.6296016026071327e-07,415.1111111111111
1.7789551817050898e-08,415.2222222222222
2.313330850672519e-07,415.3333333333333
1.2847010278289793e-07,415.4444444444444
3.7366434495319413e-07,415.55555555555554
4.825364649242635e-07,415.66666666666663
4.6307420776949777e-07,415.77777777777777
4.820105620946593e-07,415.88888888888886
6.326460252722657e-07,416.0
2.6721862578703974e-07,416.1111111111111
2.4691187328920934e-07,416.2222222222222
2.1307930825978601e-07,416.3333333333333
3.58150176959856e-07,416.4444444444444
6.544949995613815e-07,416.55555555555554
1.7323289887085625e-07,416.66666666666663
2.4756509739092586e-07,416.77777777777777
2.1760153010123617e-07,416.88888888888886
3.380662298369962e-07,417.0
4.0789662866092143e-07,417.1111111111111
3.442157477990417e-07,417.2222222222222
2.896824115616724e-07,417.3333333333333
6.525200346240943e-07,417.4444444444444
2.615179297579988e-07,417.55555555555554
1.3905914833925767e-07,417.66666666666663
2.9468229800304605e-07,417.77777777777777
5.496890409056389e-07,417.88888888888886
1.4360222768416764e-07,418.0
4.1393613819893096e-07,418.1111111111111
1.794043374872729e-07,418.2222222222222
1.7914571391553682e-07,418.3333333333333
2.135356377749525e-07,418.4444444444444
2.0440694760559553e-07,418.55555555555554
5.934776182994669e-07,418.66666666666663
2.926772188123849e-07,418.77777777777777
1.0772326946901186e-07,418.88888888888886
5.328495350951567e-07,419.0
1.819113352833561e-07,419.1111111111111
2.2276238197693469e-07,419.2222222222222
1.8756112575775713e-07,419.3333333333333
4.744102251893012e-07,419.4444444444444
3.3112156507864937e-07,419.55555555555554
3.051350022775204e-07,419.66666666666663
2.6808757218893795e-07,419.77777777777777
4.1534229757759535e-07,419.88888888888886
1.2827619645810917e-07,420.0
4.2401944282972547e-07,420.1111111111111
3.222693201896734e-07,420.2222222222222
2.678963293544394e-07,420.3333333333333
2.262519831723627e-07,420.4444444444444
5.929297161878995e-07,420.55555555555554
1.3397727701443162e-07,420.66666666666663
7.523703163335672e-08,420.77777777777777
1.8091177759183792e-07,420.88888888888886
5.193222937936433e-07,421.0
7.13613611747227e-07,421.1111111111111
2.222989442019994e-07,421.2222222222222
1.0535165311912318e-07,421.3333333333333
2.6558009709482757e-07,421.4444444444444
9.054966134339089e-08,421.55555555555554
4.4554453359151554e-07,421.66666666666663
2.3279667694701897e-07,421.77777777777777
3.86598484383743e-07,421.88888888888886
5.80884683098459e-07,422.0
4.85245288391802e-07,422.1111111111111
2.8448400950097875e-07,422.2222222222222
3.50985714885366e-07,422.3333333333333
4.176394315040991e-07,422.4444444444444
1.4490986890597486e-07,422.55555555555554
6.449590577204505e-07,422.66666666666663
3.443356945274779e-07,422.77777777777777
4.1116818450054917e-07,422.88888888888886
7.639568217492397e-08,423.0
3.5185111801874203e-07,423.1111111111111
4.0364589511267383e-07,423.2222222222222
3.5417940047733965e-07,423.3333333333333
1.6749046746350477e-07,423.4444444444444
7.300953237515733e-07,423.55555555555554
1.3641484351329356e-07,423.66666666666663
5.5471226845981965e-08,423.77777777777777
2.8656512406219556e-07,423.88888888888886
6.936207821849105e-07,424.0
4.858251495490561e-07,424.1111111111111
1.6225596996570432e-07,424.2222222222222
1.0934701206301159e-07,424.3333333333333
2.742513762252132e-07,424.4444444444444
1.5277045514343073e-07,424.55555555555554
2.3769663489927795e-07,424.66666666666663
5.286890359649616e-07,424.77777777777777
4.7592868920399715e-07,424.88888888888886
3.772673211401329e-07,425.0
4.671760719542027e-07,425.1111111111111
6.369470582532916e-08,425.2222222222222
2.522822270239433e-07,425.3333333333333
1.6370197580934497e-07,425.4444444444444
3.9825869980447135e-07,425.55555555555554
5.609438816565851e-07,425.66666666666663
4.7115326661210105e-08,425.77777777777777
2.0134521676561534e-07,425.88888888888886
3.5185527805852166e-07,426.0
1.6570583697021372e-07,426.1111111111111
4.680138613635641e-07,426.2222222222222
2.891911785032628e-07,426.3333333333333
2.474670827537009e-07,426.4444444444444
4.544250461437294e-07,426.55555555555554
3.3822170451988977e-07,426.66666666666663
9.137370583835356e-08,426.77777777777777
1.8000431428830524e-07,426.88888888888886
3.296838374853323e-07,427.0
2.0920801519290077e-07,427.1111111111111
6.427563681529528e-07,427.2222222222222
3.1222402932481175e-07,427.3333333333333
2.437392940415049e-07,427.4444444444444
2.4476845657646865e-07,427.55555555555554
9.257322875530351e-08,427.66666666666663
5.110502722152594e-07,427.77777777777777
1.6203196830915844e-07,427.88888888888886
1.9293547928246557e-07,428.0
5.558311652077355e-07,428.1111111111111
3.096797535956012e-07,428.2222222222222
1.7569186268686895e-07,428.3333333333333
2.948238058267916e-07,428.4444444444444
5.396449614750125e-07,428.55555555555554
2.448313909441692e-07,428.66666666666663
4.480912090167303e-07,428.77777777777777
3.654109671491313e-07,428.88888888888886
5.473560534203182e-07,429.0
7.875434111137951e-08,429.1111111111111
3.970607020515432e-07,429.2222222222222
3.087675901905186e-07,429.3333333333333
3.871583831550206e-07,429.4444444444444
1.1747783332692502e-07,429.55555555555554
6.389672387591133e-07,429.66666666666663
1.8095349917786697e-07,429.77777777777777
1.0267716170560465e-07,429.88888888888886
1.2793131928871753e-07,430.0
6.582057776223301e-07,430.1111111111111
7.383123577389581e-07,430.2222222222222
1.528187787462398e-07,430.3333333333333
9.137630523888875e-08,430.4444444444444
3.3429060666880206e-07,430.55555555555554
1.1119662161320863e-07,430.66666666666663
3.1759563387684604e-07,430.77777777777777
3.732705066707729e-07,430.88888888888886
4.979392982218108e-07,431.0
5.61589204449248e-07,431.1111111111111
3.666105729286774e-07,431.2222222222222
1.0556970236474062e-07,431.3333333333333
3.7192147895922513e-07,431.4444444444444
3.94772007437754e-07,431.55555555555554
1.81142090809945e-07,431.66666666666663
6.177193072445203e-07,431.77777777777777
2.808725748757018e-07,431.88888888888886
3.725146761760403e-07,432.0
2.0841776904132765e-07,432.1111111111111
1.6759323640338758e-07,432.2222222222222
4.6034190135279543e-07,432.3333333333333
3.7492057202827654e-07,432.4444444444444
1.327944690483439e-07,432.55555555555554
5.680358763086645e-07,432.66666666666663
1.0679995840815244e-07,432.77777777777777
1.2193168064548266e-07,432.88888888888886
2.1249379484906891e-07,433.0
5.433685865425155e-07,433.1111111111111
2.51423091439459e-07,433.2222222222222
3.77015745899837e-07,433.3333333333333
2.8696953910787187e-07,433.4444444444444
3.812637349988184e-07,433.55555555555554
1.5325948416434254e-07,433.66666666666663
1.3432072731849227e-07,433.77777777777777
5.125250966804604e-07,433.88888888888886
3.4536922659180246e-07,434.0
2.0109524771756707e-07,434.1111111111111
4.124742305435096e-07,434.2222222222222
1.8149250402697463e-07,434.3333333333333
1.6803044886630632e-07,434.4444444444444
1.1574269952142059e-07,434.55555555555554
4.856645287394662e-07,434.66666666666663
4.779956539837727e-07,434.77777777777777
1.325398945193198e-07,434.88888888888886
2.344666000201961e-07,435.0
5.707782300215299e-07,435.1111111111111
1.456690226101991e-07,435.2222222222222
4.6376868982244055e-07,435.3333333333333
2.2856585553064757e-07,435.4444444444444
3.4736764028029054e-07,435.55555555555554
2.6956397073981397e-07,435.66666666666663
4.3948096179508157e-07,435.77777777777777
1.8618875883782869e-07,435.88888888888886
1.6731552064492855e-07,436.0
1.1627137354778063e-07,436.1111111111111
4.181982965436673e-07,436.2222222222222
7.770163741559704e-07,436.3333333333333
3.8846712601126277e-07,436.4444444444444
3.0959658009621024e-07,436.55555555555554
3.0857141480344676e-07,436.66666666666663
1.402967268977562e-07,436.77777777777777
3.993855285667253e-07,436.88888888888886
2.31070765935518e-07,437.0
3.8290827990837077e-07,437.1111111111111
5.99303801803477e-07,437.2222222222222
3.0498112002924885e-07,437.3333333333333
4.711293083577181e-08,437.4444444444444
3.615139460409409e-07,437.55555555555554
5.751026877989445e-07,437.66666666666663
2.0459403390602194e-07,437.77777777777777
4.7453259471575797e-07,437.88888888888886
3.8870972212961503e-07,438.0
6.137841741920119e-07,438.1111111111111
7.039041443564269e-08,438.2222222222222
2.3325328422277022e-07,438.3333333333333
3.7746721420239493e-07,438.4444444444444
4.5957362566207526e-07,438.55555555555554
5.633370487235945e-08,438.66666666666663
5.440573622859537e-07,438.77777777777777
1.0940504046420436e-07,438.88888888888886
2.422259789539262e-07,439.0
1.6577333188329704e-07,439.1111111111111
6.096609187296952e-07,439.2222222222222
5.872748188000931e-07,439.3333333333333
7.209455369361488e-08,439.4444444444444
1.6242241204410155e-07,439.55555555555554
4.4567531358102643e-07,439.66666666666663
4.363658360182209e-08,439.77777777777777
1.9726492199910285e-07,439.88888888888886
4.5895492726223817e-07,440.0
4.373198251285632e-07,440.1111111111111
3.964567420007494e-07,440.2222222222222
2.271237955870917e-07,440.3333333333333
1.3808501071921138e-07,440.4444444444444
2.9063464990179477e-07,440.55555555555554
2.6024306598215e-07,440.66666666666663
2.531640579136585e-07,440.77777777777777
5.55389849101194e-07,440.88888888888886
1.7506636997625516e-07,441.0
2.5907225123816223e-07,441.1111111111111
4.4290676776862847e-07,441.2222222222222
1.406147370232049e-07,441.3333333333333
4.9324132290546e-07,441.4444444444444
2.97795970095692e-07,441.55555555555554
2.3060730873684248e-07,441.66666666666663
3.5820614420563913e-07,441.77777777777777
2.2856206513121607e-07,441.88888888888886
2.1676097107220794e-07,442.0
1.3430235291985265e-07,442.1111111111111
3.317669444677217e-07,442.2222222222222
6.636219064047243e-08,442.3333333333333
5.749089973196151e-07,442.4444444444444
4.539215895450266e-07,442.55555555555554
5.225163154041196e-07,442.66666666666663
1.9385997678015203e-07,442.77777777777777
1.645366609748929e-07,442.88888888888886
4.559711724278734e-07,443.0
2.2396374319110022e-07,443.1111111111111
2.311118255405379e-07,443.2222222222222
4.948271781797521e-07,443.3333333333333
2.9254838767489106e-07,443.4444444444444
6.429854164032623e-08,443.55555555555554
1.9676909187487137e-07,443.66666666666663
5.802735691041471e-07,443.77777777777777
4.473407090873737e-07,443.88888888888886
1.9937921068480295e-07,444.0
2.881010142050694e-07,444.1111111111111
7.423757879171435e-07,444.2222222222222
2.151235243733974e-07,444.3333333333333
3.5271753893698447e-07,444.4444444444444
2.6958740778935957e-07,444.55555555555554
4.6614140069015097e-07,444.66666666666663
1.7365122309863594e-07,444.77777777777777
4.2896213863307007e-07,444.88888888888886
1.6769447130683997e-07,445.0
2.8883268707666737e-07,445.1111111111111
1.9491222488550715e-07,445.2222222222222
4.853032606962505e-07,445.3333333333333
7.40783829246302e-07,445.4444444444444
3.649360468169173e-07,445.55555555555554
3.1321902470858716e-07,445.66666666666663
3.8822746339779636e-07,445.77777777777777
1.2022414593361382e-07,445.88888888888886
2.846733737683307e-07,446.0
3.8567743796467033e-07,446.1111111111111
4.21963860084361e-07,446.2222222222222
4.999291432026952e-07,446.3333333333333
1.6473864950759122e-07,446.4444444444444
1.7254591714785882e-07,446.55555555555554
3.295532567181927e-07,446.66666666666663
4.869207084121768e-07,446.77777777777777
9.200647318768565e-08,446.88888888888886
4.347107618717342e-07,447.0
3.439847611212656e-07,447.1111111111111
5.566241974232546e-07,447.2222222222222
1.941645206353366e-07,447.3333333333333
6.340246343692796e-08,447.4444444444444
4.6418100122710726e-07,447.55555555555554
4.032346781637808e-07,447.66666666666663
9.368932288437796e-08,447.77777777777777
3.527117707058491e-07,447.88888888888886
1.0284962807343287e-07,448.0
3.1308474204789033e-07,448.1111111111111
1.1325028532452858e-07,448.2222222222222
4.316999657670141e-07,448.3333333333333
3.241390821652082e-07,448.4444444444444
2.173906922136089e-07,448.55555555555554
3.234218589754228e-07,448.66666666666663
6.224318171644575e-07,448.77777777777777
8.372476491302966e-08,448.88888888888886
1.5588154751208196e-07,449.0
4.796415530504755e-07,449.1111111111111
2.8176737082139575e-07,449.2222222222222
1.9812630767106425e-07,449.3333333333333
3.0638353169612605e-07,449.4444444444444
3.061258628126208e-07,449.55555555555554
1.561825982872331e-07,449.66666666666663
5.4976705620202816e-08,449.77777777777777
3.922928689608472e-07,449.88888888888886
5.394430030601318e-07,450.0
1.4891403447009034e-07,450.1111111111111
1.212721670697147e-07,450.2222222222222
6.765885179708309e-07,450.3333333333333
3.2331268947588875e-07,450.4444444444444
4.6317466958736995e-07,450.55555555555554
2.256035677254377e-07,450.66666666666663
4.0030992491849506e-07,450.77777777777777
2.3070528004613744e-07,450.88888888888886
3.006939916400998e-07,451.0
2.227266790224973e-07,451.1111111111111
2.099366197424898e-07,451.2222222222222
2.8429790391490436e-07,451.3333333333333
2.2432217277512449e-07,451.4444444444444
6.472584852856586e-07,451.55555555555554
5.388397262849358e-07,451.66666666666663
6.091148241404648e-07,451.77777777777777
2.2909440708538504e-07,451.88888888888886
1.605178580917189e-07,452.0
3.8296567834682006e-07,452.1111111111111
3.1746001061295213e-07,452.2222222222222
3.451005164186216e-07,452.3333333333333
4.872839542263323e-07,452.4444444444444
2.5569298173373276e-07,452.55555555555554
2.107474653787618e-07,452.66666666666663
2.5866392675551243e-07,452.77777777777777
5.665927457872857e-07,452.88888888888886
3.797394105778779e-07,453.0
1.8738308422391982e-07,453.1111111111111
2.990658783201978e-07,453.2222222222222
7.831334476613291e-07,453.3333333333333
1.553791723580676e-07,453.4444444444444
1.5828974331321946e-07,453.55555555555554
3.9363581046170296e-07,453.66666666666663
4.596047875635806e-07,453.77777777777777
7.496309758393623e-08,453.88888888888886
2.937465462274179e-07,454.0
1.2232614477671487e-07,454.1111111111111
3.60724699134545e-07,454.2222222222222
2.4756868334106393e-07,454.3333333333333
3.9097234980735984e-07,454.4444444444444
5.485461703172044e-07,454.55555555555554
2.409706919094557e-07,454.66666666666663
2.5682769830090995e-07,454.77777777777777
5.464016215033255e-07,454.88888888888886
1.5300706117776254e-07,455.0
2.0680662906152936e-07,455.1111111111111
4.6762274756959415e-07,455.2222222222222
3.185277535454341e-07,455.3333333333333
2.623599030625488e-07,455.4444444444444
1.0725904234498068e-07,455.55555555555554
3.4619770009034394e-07,455.66666666666663
1.9923014704626372e-07,455.77777777777777
2.8409578352957073e-07,455.88888888888886
8.363571885080872e-08,456.0
4.260054824630513e-07,456.1111111111111
3.175028440718282e-07,456.2222222222222
4.140606959038509e-07,456.3333333333333
4.215581689063767e-07,456.4444444444444
2.9669267680428797e-07,456.55555555555554
5.256055616421985e-07,456.66666666666663
2.595368759027221e-07,456.77777777777777
2.950964216207718e-07,456.88888888888886
2.1582887718911937e-07,457.0
2.2760864846980704e-07,457.1111111111111
3.0277643526882613e-07,457.2222222222222
3.5841769819085367e-08,457.3333333333333
3.012544184591202e-07,457.4444444444444
9.062620228652317e-08,457.55555555555554
3.508996672119599e-07,457.66666666666663
4.732662975741027e-07,457.77777777777777
7.929803746768629e-07,457.88888888888886
1.611626908658557e-07,458.0
1.245290693899534e-07,458.1111111111111
4.5133977399289857e-07,458.2222222222222
2.6240540408121244e-07,458.3333333333333
2.510841017755599e-07,458.4444444444444
3.9577669868290253e-07,458.55555555555554
3.500437213075071e-07,458.66666666666663
1.8541000320648792e-07,458.77777777777777
1.444646336416553e-07,458.88888888888886
4.652394697068467e-07,459.0
5.1947632128583e-07,459.1111111111111
1.9642127714712497e-07,459.2222222222222
6.148830807288552e-08,459.3333333333333
8.089901854725428e-07,459.4444444444444
3.752791443016809e-07,459.55555555555554
3.65292385583874e-07,459.66666666666663
3.098730762089305e-07,459.77777777777777
4.673702229766833e-07,459.88888888888886
1.4601386589236818e-07,460.0
2.4865363517021863e-07,460.1111111111111
1.916405425697445e-07,460.2222222222222
2.9563432985933053e-07,460.3333333333333
3.4848831880792724e-07,460.4444444444444
2.6197016282676696e-07,460.55555555555554
5.645946879568114e-07,460.66666666666663
4.981408261769897e-07,460.77777777777777
5.663035247283175e-07,460.88888888888886
3.099297419974727e-07,461.0
1.696967214865538e-07,461.1111111111111
3.2507350417017854e-07,461.2222222222222
4.283851076640724e-07,461.3333333333333
3.371527037059975e-07,461.4444444444444
3.067285050419158e-07,461.55555555555554
9.647143842135142e-08,461.66666666666663
3.7397655025332574e-07,461.77777777777777
2.2020837997791784e-07,461.88888888888886
4.072722679056152e-07,462.0
2.278911384554254e-07,462.1111111111111
1.627531636678976e-07,462.2222222222222
2.980941419345448e-07,462.3333333333333
7.010577948241527e-07,462.4444444444444
7.591524428827663e-08,462.55555555555554
1.6649518121808153e-07,462.66666666666663
5.196307326580315e-07,462.77777777777777
3.124469980589705e-07,462.88888888888886
1.6984251315751425e-07,463.0
1.5901722500834748e-07,463.1111111111111
2.2880119117918597e-07,463.2222222222222
3.412497175659077e-07,463.3333333333333
1.797450884045897e-07,463.4444444444444
2.3005977245834533e-07,463.55555555555554
2.9396408175835283e-07,463.66666666666663
5.953710242922796e-08,463.77777777777777
2.514999832874918e-07,463.88888888888886
7.633312984818757e-07,464.0
2.894179062007876e-07,464.1111111111111
1.7309060913092306e-07,464.2222222222222
4.6310490946144383e-07,464.3333333333333
2.294900717917443e-07,464.4444444444444
1.5490628164858137e-07,464.55555555555554
2.685833478318145e-07,464.66666666666663
4.288055003253031e-07,464.77777777777777
8.356160287327545e-08,464.88888888888886
1.2629746216722963e-07,465.0
2.3348413680003622e-07,465.1111111111111
4.5087185224005243e-07,465.2222222222222
3.6720130854808494e-07,465.3333333333333
2.891184511291081e-07,465.4444444444444
6.140487313237424e-07,465.55555555555554
4.4565279660685104e-07,465.66666666666663
5.370476967428697e-07,465.77777777777777
2.3665669574401127e-07,465.88888888888886
4.407422394563917e-07,466.0
1.9214479941897348e-07,466.1111111111111
2.661401505395856e-07,466.2222222222222
2.514663756817292e-07,466.3333333333333
1.3406538979896278e-07,466.4444444444444
3.325100175083643e-07,466.55555555555554
1.574153446809227e-07,466.66666666666663
3.907722229728676e-07,466.77777777777777
5.335332530324696e-07,466.88888888888886
8.468113323922705e-07,467.0
1.2582678897519232e-07,467.1111111111111
5.634023806179661e-08,467.2222222222222
4.0937098495451035e-07,467.3333333333333
3.7845587234202653e-07,467.4444444444444
3.5047948115471297e-07,467.55555555555554
3.2239862989930174e-07,467.66666666666663
2.515639804718968e-07,467.77777777777777
3.296407990006583e-07,467.88888888888886
2.438615290515223e-07,468.0
3.9380468962622216e-07,468.1111111111111
4.156755420263012e-07,468.2222222222222
1.909212315744784e-07,468.3333333333333
8.547216799030297e-08,468.4444444444444
8.063122500179168e-07,468.55555555555554
2.6803316735279547e-07,468.66666666666663
2.5788950200586097e-07,468.77777777777777
4.548618166780575e-07,468.88888888888886
3.71177392639441e-07,469.0
3.5730256546636457e-08,469.1111111111111
1.1701092320407417e-07,469.2222222222222
2.598924333572165e-07,469.3333333333333
2.92863788629379e-07,469.4444444444444
3.1812292845589936e-07,469.55555555555554
1.6458924335065001e-07,469.66666666666663
3.7011950247183147e-07,469.77777777777777
3.4224384734005165e-07,469.88888888888886
3.8846327231480444e-07,470.0
5.14820129992207e-07,470.1111111111111
3.2891605675264907e-07,470.2222222222222
3.171781250656602e-07,470.3333333333333
4.371163977759233e-07,470.4444444444444
2.471413113573109e-07,470.55555555555554
6.424163591666775e-08,470.66666666666663
1.335784429478805e-07,470.77777777777777
4.6431109323551804e-07,470.88888888888886
1.0152033025804096e-07,471.0
1.75211231677573e-07,471.1111111111111
4.5955847516030285e-08,471.2222222222222
2.1066722713259892e-07,471.3333333333333
3.613109510806764e-07,471.4444444444444
5.867293148835483e-07,471.55555555555554
2.758586927447698e-07,471.66666666666663
3.4388564508778493e-07,471.77777777777777
6.058660696958625e-07,471.88888888888886
1.8845870537009535e-07,472.0
3.836311161620438e-07,472.1111111111111
1.9770599111659478e-07,472.2222222222222
3.2775888009464125e-07,472.3333333333333
2.6102576906837293e-07,472.4444444444444
5.4548700986060215e-08,472.55555555555554
2.0072971462499882e-07,472.66666666666663
1.4810741228197595e-07,472.77777777777777
1.3497675187879454e-07,472.88888888888886
3.3770969373904733e-07,473.0
9.177672882078312e-07,473.1111111111111
3.492836280380078e-07,473.2222222222222
1.4929955954614314e-07,473.3333333333333
4.1161458522016067e-07,473.4444444444444
3.1756817015677064e-07,473.55555555555554
3.525778793933541e-07,473.66666666666663
3.148379164394469e-07,473.77777777777777
3.821258425875828e-07,473.88888888888886
1.9941775067248499e-07,474.0
2.3466509089278554e-07,474.1111111111111
2.7506356047939055e-07,474.2222222222222
4.218168579669489e-07,474.3333333333333
4.077205331675197e-07,474.4444444444444
2.3013566108317848e-07,474.55555555555554
6.936190928869104e-07,474.66666666666663
4.382516534467065e-07,474.77777777777777
4.947077793617803e-07,474.88888888888886
3.8181061612209177e-07,475.0
4.3895117853224277e-07,475.1111111111111
1.0705093602832142e-07,475.2222222222222
1.8727164989597365e-07,475.3333333333333
2.6296989189825494e-07,475.4444444444444
1.7460284617027844e-07,475.55555555555554
3.3509861397473156e-07,475.66666666666663
1.9093790933259352e-07,475.77777777777777
3.324429681422997e-07,475.88888888888886
4.6720070942079827e-07,476.0
7.256279191810317e-07,476.1111111111111
1.4424880699439476e-07,476.2222222222222
2.3279827464529662e-07,476.3333333333333
4.0393046280326445e-07,476.4444444444444
4.1461697420584163e-07,476.55555555555554
3.3678590970999045e-07,476.66666666666663
9.134629928910627e-08,476.77777777777777
1.1513980199530059e-07,476.88888888888886
4.168407688840444e-07,477.0
2.3374138763849296e-07,477.1111111111111
1.9407608142663866e-07,477.2222222222222
2.3167706175369495e-07,477.3333333333333
1.1456991682613486e-07,477.4444444444444
1.6561656438040546e-07,477.55555555555554
7.258308224208172e-07,477.66666666666663
1.0030679038991859e-07,477.77777777777777
2.468510367667587e-07,477.88888888888886
5.624552708665979e-07,478.0
1.8096563326809548e-07,478.1111111111111
3.042500135321882e-07,478.2222222222222
1.439356680830511e-07,478.3333333333333
3.7492605046617507e-07,478.4444444444444
2.0911358553178794e-07,478.55555555555554
1.8895307877119581e-07,478.66666666666663
2.403748941603136e-08,478.77777777777777
1.5994160894788913e-07,478.88888888888886
1.752350916351042e-07,479.0
1.5482686567172275e-07,479.1111111111111
7.406129504796893e-07,479.2222222222222
4.764140540677583e-07,479.3333333333333
3.54047946900977e-07,479.4444444444444
3.647149228937276e-07,479.55555555555554
2.513714301098053e-07,479.66666666666663
3.1669384814618666e-07,479.77777777777777
2.838905921421426e-07,479.88888888888886
4.4862406776189823e-07,480.0
7.322082090769963e-08,480.1111111111111
1.5700278620600875e-07,480.2222222222222
1.1523486995834453e-07,480.3333333333333
2.6688324758357885e-07,480.4444444444444
4.48976801765456e-07,480.55555555555554
5.159092422588179e-07,480.66666666666663
4.307039746222468e-07,480.77777777777777
4.119822080263271e-07,480.88888888888886
6.309465308877416e-07,481.0
3.39065557880929e-07,481.1111111111111
5.07741964058715e-07,481.2222222222222
1.9372750165553332e-07,481.3333333333333
3.1700297980105573e-07,481.4444444444444
2.0564204225254822e-07,481.55555555555554
5.2402785308188554e-08,481.66666666666663
2.3715802331402642e-07,481.77777777777777
1.8403005244604362e-07,481.88888888888886
2.692665301007188e-07,482.0
3.814926473643746e-07,482.1111111111111
9.063522766435486e-07,482.2222222222222
2.567156854151048e-07,482.3333333333333
2.0976487348059902e-07,482.4444444444444
3.7976201367756183e-07,482.55555555555554
3.885310586096254e-07,482.66666666666663
4.5381487608976725e-07,482.77777777777777
2.0108095551029314e-07,482.88888888888886
2.419059423531941e-07,483.0
2.8611731267417884e-07,483.1111111111111
2.903242240219137e-07,483.2222222222222
1.926300708098095e-07,483.3333333333333
3.0808447554196135e-07,483.4444444444444
3.606546105977189e-07,483.55555555555554
1.4817957574248625e-07,483.66666666666663
6.675467481890669e-07,483.77777777777777
3.185812994428632e-07,483.88888888888886
4.2012979469496786e-07,484.0
4.860190490468588e-07,484.1111111111111
2.734439097824182e-07,484.2222222222222
2.2172276583206765e-07,484.3333333333333
9.249791931203137e-08,484.4444444444444
3.5422554985109237e-07,484.55555555555554
1.329897412953362e-07,484.66666666666663
2.2281613650072966e-07,484.77777777777777
1.3479301719031516e-07,484.88888888888886
2.2211069408846232e-07,485.0
3.101562611736433e-07,485.1111111111111
4.58391777500378e-07,485.2222222222222
3.843907721501851e-07,485.3333333333333
4.355775865118485e-07,485.4444444444444
4.5910712305859465e-07,485.55555555555554
3.4858559193271676e-07,485.66666666666663
2.8753874974668724e-07,485.77777777777777
2.1080416843947594e-07,485.88888888888886
2.4333008315661754e-07,486.0
4.18004985473062e-07,486.1111111111111
1.7440056157626348e-07,486.2222222222222
4.3124892792067017e-08,486.3333333333333
4.879967913109584e-08,486.4444444444444
8.753964976513889e-08,486.55555555555554
2.9949642899054284e-07,486.66666666666663
6.592300794021364e-07,486.77777777777777
2.0210774384104354e-07,486.88888888888886
2.8602632228410954e-07,487.0
6.102185422304521e-07,487.1111111111111
2.693404422266798e-07,487.2222222222222
5.522732447591996e-07,487.3333333333333
2.1064708264621753e-07,487.4444444444444
4.138030621207056e-07,487.55555555555554
1.0545003410004588e-07,487.66666666666663
5.365193342175525e-08,487.77777777777777
9.63704016128295e-08,487.88888888888886
7.735175949314686e-08,488.0
2.490233466996119e-07,488.1111111111111
1.3918150326612804e-07,488.2222222222222
8.515633444686099e-07,488.3333333333333
4.885103604195264e-07,488.4444444444444
4.061318695566259e-07,488.55555555555554
2.923867377569445e-07,488.66666666666663
3.255264377479669e-07,488.77777777777777
5.1805854367194e-07,488.88888888888886
3.0974982033560876e-07,489.0
3.3251528508550285e-07,489.1111111111111
1.4521456406277218e-07,489.2222222222222
2.556312054353361e-07,489.3333333333333
1.671211010985381e-07,489.4444444444444
2.803462804055223e-07,489.55555555555554
4.6282056443461916e-07,489.66666666666663
4.368063932670745e-07,489.77777777777777
4.737687281098864e-07,489.88888888888886
3.6287373262086626e-07,490.0
5.912971966937008e-07,490.1111111111111
4.766592747902861e-07,490.2222222222222
4.653218807318321e-07,490.3333333333333
1.4953454667615743e-07,490.4444444444444
2.113506531940663e-07,490.55555555555554
2.4451897795518017e-07,490.66666666666663
9.085781307082272e-08,490.77777777777777
1.6553143077607483e-07,490.88888888888886
1.7536528870919948e-07,491.0
3.2631776039985175e-07,491.1111111111111
3.154760263299573e-07,491.2222222222222
7.078057562130048e-07,491.3333333333333
5.97977406304992e-08,491.4444444444444
3.602461809790548e-07,491.55555555555554
4.1760463797632106e-07,491.66666666666663
3.554574655132628e-07,491.77777777777777
4.530836260545624e-07,491.88888888888886
3.661859014220112e-08,492.0
2.112000483824095e-07,492.1111111111111
2.9649322506601704e-07,492.2222222222222
2.4069809878772207e-07,492.3333333333333
1.1951576708064796e-07,492.4444444444444
1.7358337167595918e-07,492.55555555555554
2.36130014554683e-07,492.66666666666663
5.733325285709863e-08,492.77777777777777
6.195874188451352e-07,492.88888888888886
2.547905134346963e-07,493.0
3.4431980172677467e-07,493.1111111111111
5.026468986070494e-07,493.2222222222222
1.1798332247912263e-07,493.3333333333333
5.287761418772086e-07,493.4444444444444
1.8347255529685696e-07,493.55555555555554
4.170415221697558e-07,493.66666666666663
7.975735037140734e-08,493.77777777777777
5.3182868982094056e-08,493.88888888888886
8.757138738349959e-08,494.0
1.2527118127376254e-07,494.1111111111111
2.3119782231574531e-07,494.2222222222222
1.5484414104488363e-07,494.3333333333333
5.986260694801386e-07,494.4444444444444
5.356134650525075e-07,494.55555555555554
5.399084285903393e-07,494.66666666666663
2.756010122209592e-07,494.77777777777777
3.0579392402052835e-07,494.88888888888886
4.6260519207468095e-07,495.0
3.792799123678842e-07,495.1111111111111
3.432722569759078e-07,495.2222222222222
1.466679296583832e-07,495.3333333333333
2.0045010560115014e-07,495.4444444444444
1.050328559212878e-07,495.55555555555554
2.177413907844899e-07,495.66666666666663
3.9489319186237324e-07,495.77777777777777
6.015019742751302e-07,495.88888888888886
3.0771333028982694e-07,496.0
2.8014691525610275e-07,496.1111111111111
5.991697519838813e-07,496.2222222222222
4.7131323328860856e-07,496.3333333333333
6.673616326958349e-07,496.4444444444444
1.3442397394306766e-07,496.55555555555554
3.38498482894223e-07,496.66666666666663
7.409055055916687e-08,496.77777777777777
6.966494734843267e-08,496.88888888888886
8.13892090866143e-08,497.0
9.289926020521648e-08,497.1111111111111
3.818223199345279e-07,497.2222222222222
2.2563045134545758e-07,497.3333333333333
7.744260977848373e-07,497.4444444444444
3.345505955883859e-07,497.55555555555554
4.6185949936192544e-07,497.66666666666663
2.903976728180156e-07,497.77777777777777
3.16259503978694e-07,497.88888888888886
5.948456807882276e-07,498.0
2.0546316346603155e-07,498.1111111111111
1.9430357234661838e-07,498.2222222222222
1.4319813548361235e-07,498.3333333333333
2.2058831048985866e-07,498.4444444444444
1.7757195899052398e-07,498.55555555555554
2.8008453900145944e-07,498.66666666666663
3.6285964158447103e-07,498.77777777777777
2.702583571019923e-07,498.88888888888886
4.512403119361867e-07,499.0
3.091668728343835e-07,499.1111111111111
5.061419141532342e-07,499.2222222222222
4.780714081109206e-07,499.3333333333333
2.651160586518788e-07,499.4444444444444
3.967151146358434e-07,499.55555555555554
1.9021986276303197e-07,499.66666666666663
3.082560427691496e-07,499.77777777777777
1.1961625773608718e-07,499.88888888888886
1.8800244164104358e-16,500.0
